# Source Fluxes and Coordinates
# Flux (e-/s), RA (deg), Dec (deg)
65911.346, 339.446831, 1.786316
11971.063, 339.398579, 1.817414
9113.685, 339.451640, 1.781533
28820.006, 339.388059, 1.820386
18251.931, 339.419032, 1.801449
9135.352, 339.529778, 1.727490
3925.719, 339.487686, 1.754557
3974.448, 339.454277, 1.775480
52317.144, 339.391260, 1.814136
56626.073, 339.634568, 1.653593
3442.511, 339.578953, 1.692416
28380.224, 339.692641, 1.614287
6221.757, 339.490202, 1.748093
12496.764, 339.576431, 1.690086
149761.638, 339.547790, 1.705442
5076.808, 339.482980, 1.752189
13072.391, 339.440969, 1.777957
12543.204, 339.420213, 1.791577
7413.048, 339.385810, 1.813608
98132.315, 339.405092, 1.796682
6881.203, 339.414177, 1.793974
5675.466, 339.396586, 1.804865
5730.007, 339.436177, 1.777359
12015.679, 339.413777, 1.790752
8029.645, 339.399972, 1.799787
6893.365, 339.458392, 1.760577
2887.799, 339.475677, 1.748850
7975.044, 339.410555, 1.789770
75962.917, 339.625912, 1.644638
3373.624, 339.427362, 1.778211
28272.074, 339.432818, 1.772561
11876.977, 339.394787, 1.797185
5064.032, 339.388964, 1.800794
5730.856, 339.508551, 1.720523
3978.902, 339.533273, 1.704065
6279.119, 339.502384, 1.723537
2814.216, 339.467506, 1.746582
27275.264, 339.402732, 1.787239
6748.476, 339.438420, 1.765023
25460.253, 339.398872, 1.789687
23882.181, 339.392992, 1.793516
25466.648, 339.416769, 1.775176
3447.521, 339.468907, 1.739587
15873.298, 339.388849, 1.791508
5743.717, 339.652430, 1.617996
5646.235, 339.410381, 1.777824
7368.164, 339.378919, 1.797436
3967.813, 339.434216, 1.760349
11929.792, 339.394413, 1.785803
5138.238, 339.445003, 1.752861
16479.998, 339.413854, 1.771138
172025.407, 339.695045, 1.582363
12034.717, 339.511971, 1.705032
51865.362, 339.518350, 1.698867
34080.767, 339.372082, 1.796027
27332.632, 339.407796, 1.772395
8541.191, 339.613862, 1.636230
78315.913, 339.381493, 1.786815
15343.477, 339.450493, 1.741977
7414.154, 339.399546, 1.775682
5843.709, 339.533072, 1.687114
4573.379, 339.453032, 1.739351
5156.824, 339.390797, 1.779267
3973.419, 339.529936, 1.686635
19954.143, 339.406718, 1.766729
9142.055, 339.423031, 1.755871
3969.599, 339.409996, 1.763475
8573.948, 339.455104, 1.732814
5141.149, 339.446491, 1.738662
20909.163, 339.520294, 1.685860
42596.772, 339.682008, 1.577093
333456.524, 339.606114, 1.622071
3898.267, 339.500235, 1.696218
63201.739, 339.438404, 1.734855
9080.404, 339.389087, 1.768636
16493.428, 339.582609, 1.640750
9653.348, 339.452484, 1.727197
6876.332, 339.464628, 1.716351
10766.273, 339.368426, 1.779424
5623.888, 339.404220, 1.755304
4007.532, 339.398818, 1.757483
4599.804, 339.414046, 1.746857
2861.828, 339.373889, 1.773745
23822.900, 339.365049, 1.778952
3983.937, 339.377965, 1.770475
4546.558, 339.420395, 1.740619
92408.663, 339.513161, 1.674329
4591.468, 339.392411, 1.756679
82024.460, 339.369944, 1.768000
4556.442, 339.478497, 1.697271
5077.462, 339.360071, 1.774998
7452.180, 339.622716, 1.601564
6243.487, 339.411290, 1.740276
4537.030, 339.455587, 1.710969
7408.435, 339.570093, 1.634700
13632.774, 339.451104, 1.712974
18223.058, 339.382032, 1.758113
9146.349, 339.489827, 1.687031
10290.255, 339.442234, 1.716973
8483.349, 339.438057, 1.718821
9144.554, 339.388832, 1.750284
10760.414, 339.693650, 1.548258
4479.871, 339.607102, 1.603830
8682.457, 339.410252, 1.733799
15327.132, 339.358361, 1.766543
3987.449, 339.355139, 1.768411
5169.161, 339.437008, 1.712016
5146.120, 339.385680, 1.745303
22738.790, 339.350974, 1.765448
32326.728, 339.364076, 1.755947
5682.959, 339.390358, 1.739469
48256.132, 339.604905, 1.595672
67730.894, 339.417627, 1.719239
9051.626, 339.410348, 1.724970
5125.704, 339.367498, 1.753438
38064.362, 339.579086, 1.611122
136332.688, 339.521443, 1.645928
17104.977, 339.398057, 1.729802
2858.510, 339.355524, 1.758500
2903.177, 339.498329, 1.661714
5680.036, 339.362336, 1.751211
4019.981, 339.471354, 1.678077
3447.313, 339.401699, 1.723210
10706.099, 339.370210, 1.743756
8544.632, 339.414499, 1.713667
8595.156, 339.374987, 1.739732
8547.240, 339.511502, 1.648904
13046.372, 339.360771, 1.747959
10223.453, 339.381337, 1.733840
2832.257, 339.565865, 1.611665
2856.976, 339.446489, 1.690555
3488.246, 339.525662, 1.637980
5134.316, 339.447729, 1.688785
5751.526, 339.402212, 1.718246
11416.941, 339.361831, 1.744301
11421.287, 339.451470, 1.684243
11335.998, 339.410082, 1.711927
2799.898, 339.503952, 1.649742
9669.022, 339.461042, 1.676064
3982.154, 339.541536, 1.623376
304050.822, 339.401588, 1.710571
4549.124, 339.479572, 1.663279
5700.170, 339.464409, 1.673092
3446.664, 339.456021, 1.677891
27206.944, 339.361906, 1.738887
30105.946, 339.350959, 1.744672
4575.053, 339.538712, 1.622817
75923.892, 339.413500, 1.702961
9090.964, 339.386061, 1.723305
2892.092, 339.390215, 1.720248
7402.788, 339.348097, 1.746370
9641.063, 339.393033, 1.716026
10849.545, 339.549759, 1.611389
5688.148, 339.366052, 1.733057
3987.161, 339.341387, 1.749122
6169.782, 339.568687, 1.597435
92066.346, 339.679537, 1.520618
82008.051, 339.391100, 1.709574
3409.928, 339.352287, 1.738019
25488.480, 339.383953, 1.714797
3457.192, 339.466318, 1.661548
2807.173, 339.431010, 1.684946
19174.628, 339.336888, 1.745140
24355.851, 339.342097, 1.741713
2840.226, 339.354560, 1.733341
6798.035, 339.421226, 1.688745
4552.654, 339.373462, 1.720016
6863.484, 339.361528, 1.727092
11382.847, 339.365138, 1.724080
7952.615, 339.457982, 1.661797
3435.702, 339.602965, 1.566085
12452.862, 339.444477, 1.669245
17563.703, 339.373419, 1.715990
15966.150, 339.451972, 1.661758
11876.802, 339.517959, 1.618688
10242.214, 339.473719, 1.646739
3463.658, 339.389708, 1.702919
5781.693, 339.354103, 1.725182
10243.156, 339.441809, 1.666116
3383.418, 339.406007, 1.690493
6258.136, 339.357491, 1.721955
26122.991, 339.418489, 1.679490
8069.793, 339.337713, 1.733226
32917.971, 339.539489, 1.597833
7413.836, 339.451606, 1.656866
11346.136, 339.483993, 1.635510
2903.518, 339.471403, 1.643936
4045.907, 339.333631, 1.734823
3368.806, 339.547950, 1.591836
7418.566, 339.371378, 1.708315
12567.564, 339.413069, 1.679724
49651.011, 339.661134, 1.514269
4025.458, 339.421669, 1.673827
3618.583, 339.604516, 1.552618
81989.325, 339.414839, 1.674139
14812.465, 339.348210, 1.720463
111413.000, 339.642137, 1.521856
7390.105, 339.490800, 1.624116
81566.915, 339.376359, 1.696289
10864.399, 339.330818, 1.729157
3343.908, 339.406818, 1.679266
6250.093, 339.486672, 1.624851
2929.255, 339.363223, 1.706009
8520.798, 339.536815, 1.589290
24524.231, 339.462229, 1.637843
8063.739, 339.360365, 1.705104
14642.275, 339.355731, 1.706676
23192.773, 339.326818, 1.725135
29134.220, 339.541283, 1.583221
13131.391, 339.377326, 1.691251
6284.086, 339.349008, 1.711129
3404.372, 339.340909, 1.716653
33074.683, 339.480498, 1.622608
2781.907, 339.339198, 1.717500
6836.200, 339.361527, 1.701956
3468.946, 339.345440, 1.712578
3460.087, 339.526944, 1.592092
3419.641, 339.389200, 1.683181
49912.841, 339.330376, 1.718880
114933.113, 339.598824, 1.536404
8636.132, 339.378295, 1.686527
5674.026, 339.366888, 1.693970
14191.148, 339.324500, 1.720816
2803.972, 339.357751, 1.699069
3955.232, 339.337962, 1.711405
6811.692, 339.375233, 1.685014
12533.306, 339.378142, 1.681927
17512.402, 339.322587, 1.717943
20915.972, 339.397277, 1.667722
3433.356, 339.525807, 1.583464
6319.568, 339.522888, 1.585434
152325.542, 339.410479, 1.654155
2863.108, 339.489717, 1.606365
2823.874, 339.466221, 1.621785
21025.161, 339.369981, 1.683998
21003.667, 339.323915, 1.712820
7983.955, 339.446738, 1.634021
3425.449, 339.422403, 1.650054
4533.431, 339.360612, 1.690042
16877.660, 339.477593, 1.611101
23195.274, 339.342339, 1.700768
3454.707, 339.544302, 1.567621
4009.183, 339.521923, 1.581986
6276.893, 339.348211, 1.696531
9138.365, 339.456869, 1.623446
26738.206, 339.328831, 1.706795
7381.845, 339.362099, 1.685868
128541.802, 339.635987, 1.501229
2858.880, 339.581368, 1.540239
22148.313, 339.539848, 1.565520
27855.194, 339.531905, 1.571317
127586.778, 339.435810, 1.631585
2856.628, 339.546883, 1.561288
4024.761, 339.469279, 1.612385
8500.302, 339.374915, 1.673723
3999.679, 339.329281, 1.702349
3435.184, 339.424004, 1.639279
15356.529, 339.403525, 1.652234
5770.174, 339.511730, 1.579749
6310.962, 339.474659, 1.604493
5155.736, 339.348078, 1.687765
13555.719, 339.317332, 1.706831
2831.951, 339.558628, 1.547566
2866.280, 339.427115, 1.632457
10762.613, 339.410113, 1.642902
23168.434, 339.366574, 1.671050
88229.591, 339.549491, 1.548280
4545.146, 339.354666, 1.679533
7357.354, 339.510693, 1.575911
9725.887, 339.472001, 1.601339
5799.038, 339.322249, 1.699269
5904.187, 339.651290, 1.481405
18664.479, 339.486341, 1.589775
40735.827, 339.342756, 1.681422
5108.589, 339.562900, 1.537688
4580.782, 339.580427, 1.525881
8517.327, 339.392515, 1.649848
11912.230, 339.322155, 1.695645
28876.621, 339.310580, 1.701313
16986.462, 339.351027, 1.675900
7982.230, 339.574950, 1.528502
5070.974, 339.387928, 1.651716
13605.703, 339.326306, 1.691815
7918.698, 339.448163, 1.610326
4564.805, 339.573564, 1.526417
5128.294, 339.497427, 1.576340
31911.530, 339.319198, 1.691951
160646.346, 339.636809, 1.479320
13676.691, 339.386450, 1.647275
16978.776, 339.362047, 1.662752
3399.659, 339.365699, 1.658697
6827.782, 339.467667, 1.590604
4587.444, 339.339744, 1.675709
5797.738, 339.329370, 1.682115
4525.957, 339.377870, 1.649653
8588.268, 339.331415, 1.679363
3412.062, 339.449020, 1.602119
2865.865, 339.378788, 1.648038
242216.971, 339.531984, 1.540719
3961.857, 339.557657, 1.528347
9752.704, 339.335476, 1.674196
20439.752, 339.304058, 1.693995
10747.142, 339.481810, 1.576876
13793.320, 339.425192, 1.614090
5677.155, 339.311844, 1.689110
145738.607, 339.629350, 1.474758
2850.164, 339.355055, 1.660724
11430.554, 339.340261, 1.669294
22702.330, 339.327371, 1.677849
6781.889, 339.376894, 1.644461
2829.027, 339.468440, 1.583679
17008.572, 339.329912, 1.673806
4084.490, 339.374157, 1.645398
3467.595, 339.344115, 1.664412
15379.138, 339.539801, 1.533864
3487.389, 339.515905, 1.549521
10872.131, 339.400208, 1.625272
3429.894, 339.320902, 1.677986
3463.205, 339.345685, 1.661134
6789.563, 339.308175, 1.685573
40203.284, 339.539539, 1.530687
4539.364, 339.350651, 1.657234
11431.418, 339.336620, 1.666100
47511.020, 339.322809, 1.670683
36605.041, 339.490961, 1.561513
16061.491, 339.498075, 1.557358
2818.399, 339.304588, 1.685695
10852.405, 339.350430, 1.654307
10163.768, 339.339620, 1.661763
3440.515, 339.337569, 1.663177
5691.898, 339.367527, 1.642479
3995.279, 339.383033, 1.631995
9117.352, 339.327581, 1.667614
5766.870, 339.473014, 1.571697
5118.429, 339.342070, 1.657550
7424.079, 339.308003, 1.679982
178863.472, 339.363679, 1.639171
7360.272, 339.318342, 1.671806
7441.580, 339.312910, 1.675207
18622.761, 339.299842, 1.683647
12578.784, 339.504514, 1.547066
4028.806, 339.475892, 1.565866
20987.795, 339.426453, 1.597242
4004.188, 339.373456, 1.631624
14197.417, 339.296998, 1.681667
10779.761, 339.399863, 1.613143
59606.158, 339.326163, 1.659756
103578.919, 339.318017, 1.664201
4022.757, 339.396620, 1.615054
5132.071, 339.348720, 1.646743
4586.911, 339.431607, 1.590842
3516.869, 339.298986, 1.678044
9641.012, 339.307036, 1.670971
24952.821, 339.413614, 1.598275
13091.505, 339.372903, 1.626187
15947.113, 339.320247, 1.659091
5108.428, 339.410952, 1.600065
12466.408, 339.335771, 1.648018
36342.153, 339.302864, 1.669132
10229.367, 339.449855, 1.572582
2817.876, 339.327717, 1.653494
29026.776, 339.348764, 1.637714
4558.961, 339.292296, 1.676232
4675.216, 339.541911, 1.510637
2830.570, 339.471898, 1.556504
8116.543, 339.308785, 1.663208
12509.384, 339.508536, 1.528844
3522.748, 339.436106, 1.578791
2836.924, 339.394595, 1.606033
29971.191, 339.336743, 1.641970
5577.828, 339.312086, 1.659590
13582.404, 339.354659, 1.630939
19897.694, 339.289903, 1.672297
5753.897, 339.316057, 1.655573
10764.551, 339.367943, 1.620446
27835.962, 339.320203, 1.652044
11376.036, 339.309465, 1.659168
5662.452, 339.300378, 1.665125
12648.316, 339.394383, 1.600757
7369.426, 339.297297, 1.666172
14213.898, 339.406020, 1.592975
8516.315, 339.423205, 1.581942
17546.940, 339.311446, 1.654338
4020.901, 339.304892, 1.659641
6212.308, 339.300511, 1.662594
19944.552, 339.353579, 1.626366
22819.825, 339.336810, 1.635635
10751.772, 339.315942, 1.651228
23911.142, 339.442694, 1.566920
14744.656, 339.342010, 1.632900
143895.502, 339.295284, 1.657056
3412.072, 339.368357, 1.615712
2872.830, 339.475147, 1.545006
11949.942, 339.413000, 1.584421
4573.289, 339.386704, 1.602748
5686.281, 339.286510, 1.668609
5703.830, 339.292674, 1.663889
16410.008, 339.374816, 1.608763
36811.320, 339.608185, 1.453569
7335.361, 339.522241, 1.511602
4584.634, 339.357771, 1.619992
18194.222, 339.338997, 1.630810
10825.315, 339.318511, 1.644707
3458.614, 339.305515, 1.653562
75390.361, 339.624966, 1.438024
3454.534, 339.538678, 1.498015
50006.765, 339.482567, 1.532592
6855.746, 339.319856, 1.641233
7391.623, 339.311985, 1.646171
175554.047, 339.282171, 1.661677
7521.047, 339.396031, 1.589587
5135.262, 339.348852, 1.620767
19262.491, 339.327119, 1.634036
10244.977, 339.357737, 1.614095
2856.557, 339.537142, 1.495352
7954.935, 339.341771, 1.623713
20389.591, 339.345413, 1.620009
15269.670, 339.336404, 1.625642
90046.622, 339.475480, 1.530991
10702.565, 339.386046, 1.593162
15449.682, 339.318603, 1.636500
13724.137, 339.315107, 1.639390
14251.806, 339.303973, 1.645164
17606.199, 339.589854, 1.455338
18802.071, 339.366544, 1.603261
14773.908, 339.332697, 1.624994
4555.470, 339.360492, 1.607611
2843.641, 339.356324, 1.610598
4026.722, 339.370129, 1.600181
3471.187, 339.340351, 1.619850
3378.910, 339.290053, 1.652825
5094.317, 339.422685, 1.563441
3493.546, 339.352817, 1.609542
8478.765, 339.315185, 1.634184
6271.903, 339.310936, 1.637336
3987.884, 339.391297, 1.583515
15396.547, 339.286368, 1.652372
14856.127, 339.333949, 1.619462
3411.647, 339.337620, 1.618249
8490.143, 339.296730, 1.644450
32277.007, 339.360594, 1.600490
19287.544, 339.326127, 1.624266
23260.325, 339.300671, 1.640974
37405.040, 339.291127, 1.644212
11377.448, 339.287772, 1.649280
301094.807, 339.449978, 1.533779
22570.748, 339.460803, 1.531757
62003.027, 339.377945, 1.585081
4592.149, 339.355581, 1.600830
15932.808, 339.337150, 1.612241
5735.468, 339.333271, 1.614813
15899.822, 339.315409, 1.625514
4013.195, 339.307242, 1.631267
30553.896, 339.320640, 1.619464
5681.018, 339.298411, 1.636254
6273.148, 339.423007, 1.553563
20336.636, 339.370341, 1.587146
4022.873, 339.324703, 1.618236
11920.614, 339.283257, 1.645453
28996.754, 339.275519, 1.647619
22799.080, 339.621215, 1.419638
83847.183, 339.287870, 1.635698
59421.325, 339.294395, 1.633222
5702.470, 339.349914, 1.598110
10220.557, 339.324450, 1.614114
4651.011, 339.314432, 1.621104
10285.951, 339.376323, 1.578684
9102.038, 339.356182, 1.591315
8585.418, 339.321397, 1.614612
5137.034, 339.366181, 1.583873
6896.205, 339.351145, 1.592754
11372.683, 339.427814, 1.541902
9063.955, 339.279160, 1.639079
24942.795, 339.272029, 1.643685
9666.998, 339.303015, 1.623867
95760.291, 339.551395, 1.456168
9639.905, 339.394740, 1.562216
4668.560, 339.466111, 1.515001
8463.376, 339.461266, 1.517874
8001.278, 339.448292, 1.526158
4033.276, 339.456763, 1.520891
4631.236, 339.424575, 1.540913
4514.087, 339.369142, 1.577315
11398.852, 339.281978, 1.634485
21589.225, 339.359787, 1.581416
8481.299, 339.296552, 1.624747
21596.356, 339.370166, 1.573340
16468.586, 339.296325, 1.620923
29648.014, 339.304433, 1.615499
141779.556, 339.288892, 1.621246
5098.875, 339.279313, 1.633724
26017.351, 339.285442, 1.627777
5141.052, 339.419684, 1.539711
21558.391, 339.311378, 1.609704
4547.057, 339.309468, 1.612370
2837.219, 339.411948, 1.543907
8029.077, 339.281095, 1.629295
74421.430, 339.275428, 1.629684
13090.146, 339.348022, 1.585025
6225.808, 339.356169, 1.578943
5116.483, 339.335640, 1.592154
16944.659, 339.369508, 1.568954
86614.056, 339.321829, 1.596043
7383.996, 339.304373, 1.611132
18060.122, 339.269796, 1.632879
113374.772, 339.262996, 1.633404
16423.970, 339.348814, 1.580149
7411.515, 339.337938, 1.586980
12500.253, 339.330343, 1.591581
3999.233, 339.510072, 1.473153
9111.318, 339.326797, 1.592736
9630.241, 339.313349, 1.600551
58671.177, 339.299051, 1.606974
11884.055, 339.286876, 1.615767
9100.279, 339.419260, 1.528063
12536.461, 339.272550, 1.624062
3935.641, 339.404967, 1.536230
6830.445, 339.324443, 1.589496
10247.099, 339.279763, 1.618297
2929.960, 339.444521, 1.509677
30573.014, 339.347813, 1.571605
12223.916, 339.598922, 1.407057
14092.883, 339.293695, 1.607566
8548.138, 339.267645, 1.625099
15281.180, 339.431497, 1.514959
3375.606, 339.302132, 1.601280
11395.144, 339.274933, 1.619278
39098.948, 339.269092, 1.620702
3452.315, 339.336778, 1.577988
3444.672, 339.265501, 1.624731
4000.723, 339.296498, 1.603370
2850.284, 339.388032, 1.542871
31334.798, 339.315487, 1.586971
18143.247, 339.282702, 1.610088
14203.267, 339.258329, 1.625781
13598.201, 339.412709, 1.523652
54965.745, 339.306560, 1.592166
5668.899, 339.277041, 1.612381
6310.119, 339.395571, 1.532709
4534.626, 339.391245, 1.535910
16978.353, 339.293832, 1.598831
54893.119, 339.265331, 1.616615
10261.079, 339.321741, 1.578870
43653.457, 339.274010, 1.607523
15842.113, 339.296333, 1.594492
11272.804, 339.259086, 1.620016
57058.787, 339.280480, 1.602878
7951.636, 339.361603, 1.550706
5120.841, 339.376207, 1.539369
2908.220, 339.331077, 1.569225
7403.124, 339.319833, 1.576530
7439.083, 339.317467, 1.577828
17136.544, 339.258669, 1.616107
2915.550, 339.440772, 1.495718
28416.017, 339.336094, 1.562919
18686.402, 339.304458, 1.582941
39660.467, 339.267681, 1.606941
51260.694, 339.252122, 1.616547
19264.663, 339.262523, 1.609551
20446.918, 339.321947, 1.569707
7459.165, 339.282942, 1.595726
8051.315, 339.524371, 1.435464
12597.952, 339.276727, 1.598409
6283.212, 339.279488, 1.596281
17015.267, 339.257586, 1.609613
4586.007, 339.312643, 1.573873
7987.684, 339.282397, 1.593086
14810.544, 339.252880, 1.612194
41909.879, 339.306888, 1.575391
6923.534, 339.269964, 1.597887
8490.470, 339.299928, 1.577233
7973.554, 339.280450, 1.590365
5697.360, 339.275092, 1.593406
3421.244, 339.262270, 1.602473
3950.255, 339.248003, 1.611516
3432.154, 339.394992, 1.514339
31739.972, 339.356248, 1.537741
5163.921, 339.319129, 1.564229
32359.644, 339.283370, 1.586115
21568.350, 339.253066, 1.605928
13523.735, 339.315837, 1.563398
4600.953, 339.289156, 1.581918
4039.839, 339.368587, 1.528666
23139.739, 339.257612, 1.600889
71098.086, 339.390344, 1.511335
12455.727, 339.311143, 1.564094
11895.943, 339.290887, 1.578241
6874.673, 339.267152, 1.592566
19517.950, 339.437790, 1.479037
38402.034, 339.259748, 1.595694
4032.872, 339.298538, 1.571086
2871.134, 339.354249, 1.532319
45984.332, 339.339195, 1.539687
14819.787, 339.248257, 1.600734
10276.669, 339.333360, 1.544261
38872.937, 339.561481, 1.392273
58104.473, 339.306813, 1.558752
3501.646, 339.293640, 1.569553
23278.015, 339.262718, 1.588254
7363.292, 339.258795, 1.591348
134498.162, 339.310456, 1.552727
13630.010, 339.253601, 1.593766
41440.518, 339.283240, 1.571479
2851.952, 339.566816, 1.386235
10915.023, 339.329541, 1.542932
5152.369, 339.293834, 1.566446
114327.688, 339.242321, 1.597053
5722.306, 339.385065, 1.505114
5773.563, 339.463676, 1.452596
9057.832, 339.486140, 1.437339
6305.509, 339.360557, 1.520219
6778.721, 339.257092, 1.587470
3300.630, 339.253390, 1.590163
9134.881, 339.346664, 1.527569
26768.898, 339.260099, 1.584223
5079.126, 339.272209, 1.575902
3449.157, 339.350493, 1.524294
6270.360, 339.273570, 1.573798
3423.723, 339.329054, 1.536626
13595.893, 339.255465, 1.584810
5024.275, 339.318785, 1.542661
114498.765, 339.389397, 1.490992
28996.324, 339.549714, 1.386870
4077.206, 339.294526, 1.556173
34763.879, 339.239548, 1.591027
16424.802, 339.268917, 1.572013
86002.887, 339.255254, 1.578154
6842.461, 339.477942, 1.432655
42502.091, 339.241335, 1.586386
9064.350, 339.285540, 1.558037
19286.053, 339.247147, 1.582841
11954.120, 339.353077, 1.510340
9025.712, 339.298888, 1.546020
4556.865, 339.278737, 1.559548
65173.757, 339.245398, 1.575925
2854.054, 339.315370, 1.533996
5698.955, 339.345174, 1.513225
10805.318, 339.283796, 1.553078
2789.940, 339.303259, 1.540103
8579.331, 339.243155, 1.579239
2842.696, 339.262849, 1.565901
9645.167, 339.237511, 1.582055
9784.431, 339.399295, 1.475037
3984.242, 339.252664, 1.572084
4015.639, 339.471224, 1.427177
3916.714, 339.302637, 1.537721
7985.965, 339.260262, 1.565076
18731.712, 339.240708, 1.577316
6832.007, 339.275159, 1.554536
6243.411, 339.230196, 1.583589
5059.405, 339.346212, 1.506803
31539.979, 339.526911, 1.385619
69362.381, 339.251105, 1.566660
5654.373, 339.233630, 1.580715
14134.614, 339.278838, 1.549935
6848.913, 339.312428, 1.526106
82835.054, 339.288831, 1.539175
3411.182, 339.340251, 1.507660
77228.041, 339.412388, 1.456965
35723.297, 339.235441, 1.574184
4560.222, 339.229691, 1.579500
68921.538, 339.457971, 1.425945
15996.855, 339.270882, 1.551017
2888.034, 339.509226, 1.394241
8561.541, 339.294676, 1.535315
6216.803, 339.273727, 1.548843
15983.057, 339.254614, 1.561516
23946.633, 339.240366, 1.568252
14217.812, 339.417480, 1.452069
7978.055, 339.374452, 1.480613
21024.939, 339.278562, 1.542034
53775.452, 339.255956, 1.557030
46479.591, 339.271380, 1.544538
8581.709, 339.265123, 1.549857
33727.100, 339.302087, 1.523902
9127.460, 339.289134, 1.531119
19935.038, 339.261673, 1.548738
3391.206, 339.309507, 1.516843
26618.025, 339.238218, 1.561863
5671.378, 339.459438, 1.417173
51571.101, 339.228479, 1.567492
11869.086, 339.421343, 1.440537
8681.356, 339.315244, 1.510054
11388.296, 339.484797, 1.397070
32796.501, 339.294758, 1.522155
5715.764, 339.325973, 1.501511
13462.148, 339.304869, 1.514964
4097.905, 339.289065, 1.525913
2806.831, 339.250925, 1.550868
25603.078, 339.245289, 1.552548
57269.888, 339.235156, 1.556980
8513.596, 339.222894, 1.568194
12550.928, 339.277242, 1.530599
13106.119, 339.228570, 1.563054
5097.580, 339.413073, 1.441437
7447.432, 339.289700, 1.522561
9622.875, 339.273434, 1.533403
5053.418, 339.231906, 1.561047
47854.883, 339.498801, 1.382248
9182.699, 339.358614, 1.476628
9138.087, 339.347340, 1.482817
18256.345, 339.255332, 1.540869
3456.932, 339.430484, 1.427466
3461.516, 339.414125, 1.438506
7510.210, 339.250152, 1.546081
13680.681, 339.225357, 1.562011
5809.650, 339.229351, 1.558760
11936.219, 339.341916, 1.484320
13617.321, 339.298827, 1.512926
108634.977, 339.263846, 1.530967
6795.240, 339.378891, 1.458683
7941.891, 339.261114, 1.536955
3411.205, 339.245128, 1.547084
15372.236, 339.381705, 1.455663
7315.328, 339.375852, 1.459721
23247.694, 339.218569, 1.562606
4539.606, 339.384817, 1.453044
19248.133, 339.299869, 1.507885
72776.301, 339.249185, 1.538000
12483.606, 339.444846, 1.412176
12454.072, 339.347928, 1.475538
3934.356, 339.313638, 1.498742
6292.401, 339.234998, 1.551172
4092.667, 339.484840, 1.385785
13644.935, 339.271512, 1.525363
5102.659, 339.223014, 1.558736
34048.338, 339.351622, 1.470761
15993.045, 339.218167, 1.559388
130483.288, 339.510549, 1.362812
115818.768, 339.441972, 1.407711
9166.334, 339.358292, 1.466103
7993.891, 339.233575, 1.548841
16906.912, 339.291309, 1.509365
17066.074, 339.266688, 1.525111
9067.908, 339.296491, 1.502825
11328.133, 339.213097, 1.557991
23219.101, 339.241279, 1.537685
4539.303, 339.284936, 1.509590
3387.763, 339.221170, 1.551959
6231.268, 339.217085, 1.554190
14063.151, 339.272609, 1.516517
12486.320, 339.238089, 1.537908
23308.014, 339.227634, 1.545026
13073.913, 339.281635, 1.508374
3480.328, 339.298841, 1.497428
15390.043, 339.247116, 1.530231
4095.166, 339.365808, 1.452079
20503.446, 339.253889, 1.523869
12596.766, 339.218968, 1.547364
12472.944, 339.351563, 1.459478
11976.570, 339.293467, 1.497323
9740.596, 339.275968, 1.509217
10782.284, 339.220268, 1.544416
4543.968, 339.246536, 1.527412
10206.928, 339.260058, 1.518003
6332.173, 339.534116, 1.336438
7452.310, 339.377887, 1.439458
116389.987, 339.222062, 1.538273
14787.899, 339.231827, 1.533801
16581.906, 339.365599, 1.443497
9685.459, 339.213168, 1.546481
18251.914, 339.267055, 1.509874
6303.015, 339.228010, 1.535929
32408.826, 339.215039, 1.541701
9669.528, 339.276774, 1.501597
50492.790, 339.238518, 1.524881
4576.246, 339.208567, 1.547033
7403.361, 339.343614, 1.456420
15475.872, 339.231751, 1.529233
14285.715, 339.211069, 1.542385
3950.536, 339.322039, 1.470082
14179.225, 339.278479, 1.497828
5193.823, 339.429767, 1.398192
74024.319, 339.330813, 1.460053
18664.618, 339.222276, 1.533385
8521.776, 339.272175, 1.500895
3465.861, 339.282136, 1.494020
15897.887, 339.233254, 1.525532
43698.772, 339.438591, 1.388598
7961.625, 339.348771, 1.449281
5095.690, 339.503285, 1.346787
2911.910, 339.416857, 1.403007
7969.892, 339.269702, 1.499672
14849.944, 339.213937, 1.536591
104578.703, 339.224017, 1.525891
6861.424, 339.281413, 1.490347
8535.896, 339.229970, 1.524327
7925.620, 339.424281, 1.395195
15369.642, 339.237938, 1.516419
43205.025, 339.205992, 1.536403
5702.325, 339.298746, 1.476376
14166.486, 339.290611, 1.481414
17080.253, 339.277715, 1.489683
55367.542, 339.241747, 1.510184
13545.630, 339.249013, 1.507471
13049.960, 339.260108, 1.499444
4005.800, 339.434567, 1.384829
11371.738, 339.226377, 1.519560
9661.682, 339.378218, 1.418971
11363.248, 339.275700, 1.486200
5213.243, 339.237492, 1.512603
3475.116, 339.251397, 1.502702
40799.003, 339.210552, 1.527217
9110.771, 339.222210, 1.520596
11306.752, 339.304960, 1.465638
76033.178, 339.414332, 1.390741
2860.717, 339.268860, 1.489543
5121.247, 339.247303, 1.503313
9546.161, 339.230574, 1.513632
9651.907, 339.202637, 1.532323
8646.432, 339.394906, 1.404690
6271.804, 339.244736, 1.504060
39027.321, 339.197455, 1.531972
3400.458, 339.286993, 1.475963
25545.207, 339.215008, 1.521485
9716.045, 339.335277, 1.442188
79497.294, 339.491244, 1.336977
18839.551, 339.313034, 1.455932
35199.389, 339.260684, 1.490149
32308.310, 339.222625, 1.516002
9086.670, 339.389746, 1.405666
9679.248, 339.278206, 1.479483
6280.364, 339.306584, 1.460139
11333.086, 339.289474, 1.470605
9155.900, 339.349507, 1.430972
9157.500, 339.318772, 1.451068
4635.072, 339.374925, 1.413376
5737.730, 339.340981, 1.436201
38207.928, 339.403048, 1.392322
2835.960, 339.352038, 1.428068
40952.515, 339.218641, 1.513117
7995.208, 339.408988, 1.389926
12519.365, 339.344184, 1.432193
3519.812, 339.328909, 1.442980
15867.335, 339.225239, 1.509797
71833.308, 339.201347, 1.519639
17161.080, 339.208738, 1.519022
16487.107, 339.237779, 1.499562
55053.870, 339.411020, 1.384214
25945.491, 339.281267, 1.470343
22749.435, 339.199484, 1.524565
5197.602, 339.277315, 1.473255
38493.886, 339.194294, 1.526484
14838.557, 339.274436, 1.473866
4574.347, 339.264568, 1.481295
7429.019, 339.254556, 1.485850
2816.882, 339.358080, 1.417612
3385.881, 339.233545, 1.499715
17042.575, 339.222824, 1.505993
3906.697, 339.250622, 1.487452
40491.141, 339.225808, 1.500845
43183.480, 339.255340, 1.481224
3533.113, 339.318885, 1.440639
32368.071, 339.275787, 1.467126
6805.140, 339.335956, 1.428380
8661.461, 339.530847, 1.299296
4562.109, 339.307141, 1.447085
33466.525, 339.210336, 1.508312
4031.630, 339.345983, 1.420015
6785.241, 339.282462, 1.461698
2923.390, 339.202101, 1.515314
4514.808, 339.251389, 1.481713
59976.964, 339.230331, 1.492215
14795.815, 339.295501, 1.449097
5134.937, 339.433415, 1.359020
4017.346, 339.321177, 1.433536
11434.524, 339.199115, 1.512637
4565.082, 339.189835, 1.520386
5619.159, 339.342746, 1.417922
4001.262, 339.251462, 1.478573
18200.286, 339.243876, 1.482415
4568.704, 339.312782, 1.437516
19376.420, 339.283648, 1.454870
45860.362, 339.259488, 1.471667
129076.661, 339.523846, 1.294369
16462.212, 339.205985, 1.506329
10311.004, 339.286966, 1.453243
14811.626, 339.201815, 1.508948
3425.395, 339.420812, 1.364093
2822.377, 339.330707, 1.423522
6285.528, 339.251330, 1.474856
3462.977, 339.303734, 1.439935
8110.085, 339.400508, 1.375047
15406.167, 339.323411, 1.424502
15467.883, 339.231097, 1.486883
5726.202, 339.363416, 1.399056
8016.079, 339.223223, 1.491460
3401.330, 339.201914, 1.505688
57725.336, 339.282812, 1.449756
8011.281, 339.506365, 1.302972
7432.897, 339.388182, 1.381486
3413.343, 339.275520, 1.456074
4603.070, 339.396410, 1.374865
40979.840, 339.235478, 1.479538
36225.792, 339.224935, 1.485713
4495.904, 339.187430, 1.512017
7444.300, 339.326643, 1.419641
4584.395, 339.450502, 1.337690
11496.554, 339.268481, 1.457265
5065.935, 339.358267, 1.397757
6244.069, 339.293822, 1.439789
12398.470, 339.278353, 1.449861
4636.998, 339.219408, 1.488778
30115.455, 339.198595, 1.500329
11911.630, 339.310025, 1.428470
14358.159, 339.305897, 1.430829
3983.870, 339.378111, 1.383241
6829.924, 339.354046, 1.398641
39244.737, 339.183192, 1.509400
5733.198, 339.471996, 1.321028
20906.816, 339.257554, 1.461400
61212.258, 339.191400, 1.503254
30865.612, 339.268731, 1.452247
50379.832, 339.204488, 1.494991
6827.718, 339.241173, 1.471121
6336.852, 339.229456, 1.478942
4006.043, 339.344753, 1.401781
14896.501, 339.222838, 1.481848
3465.109, 339.210666, 1.490615
4530.090, 339.185407, 1.505080
81285.948, 339.402326, 1.358833
3980.887, 339.249069, 1.462451
25020.308, 339.245521, 1.463781
57810.527, 339.233007, 1.469030
59476.319, 339.214739, 1.483133
8527.515, 339.210521, 1.487480
39089.005, 339.259076, 1.452962
7435.081, 339.387101, 1.370184
30223.505, 339.309719, 1.420533
9670.181, 339.317396, 1.415694
2813.192, 339.266988, 1.448973
9172.000, 339.250325, 1.459677
7360.932, 339.231604, 1.471949
3955.205, 339.193367, 1.497604
13614.286, 339.204678, 1.487274
6300.227, 339.388638, 1.367169
20974.465, 339.196339, 1.493763
7401.278, 339.364447, 1.382264
10192.164, 339.349091, 1.391200
7447.569, 339.242225, 1.461900
5146.614, 339.238651, 1.463449
3394.896, 339.213000, 1.479939
9134.113, 339.358829, 1.382086
4050.075, 339.315574, 1.410718
15407.858, 339.277377, 1.435364
2849.738, 339.274770, 1.437358
2844.975, 339.194276, 1.490316
15981.541, 339.257889, 1.446963
26100.390, 339.190999, 1.490586
2949.177, 339.266458, 1.441539
54384.375, 339.223923, 1.464300
5128.492, 339.221496, 1.471189
43847.307, 339.246012, 1.452701
3944.149, 339.310290, 1.411223
5651.309, 339.281043, 1.430425
24982.334, 339.239484, 1.456244
5191.978, 339.196019, 1.486737
164040.872, 339.184761, 1.489201
5138.321, 339.383341, 1.362523
7419.640, 339.375678, 1.366276
5180.889, 339.351286, 1.382504
29551.822, 339.178450, 1.494481
20977.913, 339.203366, 1.479272
22710.743, 339.269180, 1.434098
10854.010, 339.319073, 1.401684
8537.538, 339.232367, 1.459494
33998.447, 339.196514, 1.481776
6862.854, 339.288019, 1.421865
139029.345, 339.250928, 1.443309
8581.397, 339.285540, 1.423381
4009.675, 339.290104, 1.419994
8024.614, 339.339290, 1.387144
23336.761, 339.229362, 1.457405
86335.962, 339.233905, 1.453227
5160.780, 339.393993, 1.349583
5780.121, 339.218619, 1.465033
7378.515, 339.213950, 1.467680
11437.903, 339.188185, 1.484081
79941.543, 339.307624, 1.402692
3393.929, 339.374503, 1.360303
2890.159, 339.338044, 1.383342
57714.924, 339.487689, 1.282024
12440.339, 339.195853, 1.476177
123445.366, 339.189935, 1.475657
10756.886, 339.172899, 1.490604
5155.199, 339.262109, 1.431531
23867.575, 339.213340, 1.462873
3407.652, 339.204930, 1.469590
8496.274, 339.315314, 1.395133
4508.655, 339.284421, 1.415792
13604.218, 339.271628, 1.423703
7415.091, 339.311839, 1.397065
22243.983, 339.240119, 1.443909
9161.296, 339.256761, 1.432718
49742.801, 339.178948, 1.482012
11277.130, 339.301977, 1.402048
9110.434, 339.245114, 1.439473
6823.886, 339.196456, 1.471997
62242.132, 339.170900, 1.486393
7377.068, 339.292177, 1.407441
12485.207, 339.227980, 1.449481
5627.117, 339.314332, 1.392623
3396.653, 339.280664, 1.414435
3986.583, 339.207096, 1.463067
4569.926, 339.394665, 1.338759
3395.643, 339.383670, 1.345795
8543.525, 339.234423, 1.442728
12442.850, 339.256247, 1.427514
15424.113, 339.222022, 1.449000
7932.721, 339.219238, 1.451895
25006.808, 339.196044, 1.466329
2860.920, 339.166139, 1.487594
13717.889, 339.301377, 1.396201
13159.030, 339.204222, 1.461107
8564.986, 339.264620, 1.420833
7405.617, 339.281336, 1.409012
8599.199, 339.326221, 1.379006
15994.907, 339.308243, 1.389951
10852.930, 339.207353, 1.457291
5125.237, 339.361024, 1.355846
19354.583, 339.169412, 1.481768
47619.246, 339.386748, 1.336504
16444.629, 339.261153, 1.420245
23960.519, 339.329648, 1.374025
17613.022, 339.296624, 1.395720
8623.299, 339.292713, 1.399324
119506.218, 339.228871, 1.438074
37396.150, 339.189993, 1.465420
10835.744, 339.368524, 1.349012
39763.240, 339.347509, 1.361887
19850.300, 339.262786, 1.416511
7992.403, 339.255941, 1.422175
9641.287, 339.249127, 1.426833
3972.686, 339.312120, 1.385341
5809.753, 339.288829, 1.400398
11410.406, 339.202242, 1.457631
19870.555, 339.206316, 1.452269
57589.016, 339.212558, 1.448307
9149.308, 339.171541, 1.476553
14859.597, 339.275357, 1.407038
5623.647, 339.219704, 1.444394
7965.528, 339.369148, 1.345163
2861.323, 339.342357, 1.362887
28933.313, 339.264733, 1.412431
180711.993, 339.194860, 1.456102
6327.724, 339.304748, 1.387053
19783.270, 339.177324, 1.470482
3463.615, 339.162627, 1.480934
5734.523, 339.405265, 1.319745
6371.089, 339.244016, 1.426387
2889.187, 339.502509, 1.255794
5736.301, 339.184936, 1.464236
7889.421, 339.307835, 1.382669
19363.533, 339.290038, 1.393422
7987.087, 339.259243, 1.414067
4570.186, 339.237357, 1.428958
70304.381, 339.162895, 1.475377
6366.136, 339.414112, 1.310792
11924.370, 339.404753, 1.316563
9666.828, 339.341764, 1.358007
4050.202, 339.171462, 1.471252
6311.934, 339.323567, 1.369882
11516.145, 339.208811, 1.445248
4630.181, 339.261443, 1.410618
25553.375, 339.313537, 1.373876
6805.513, 339.294865, 1.387608
6226.622, 339.234675, 1.426986
7350.616, 339.200693, 1.449482
4615.558, 339.303334, 1.381525
13630.216, 339.280991, 1.395557
18148.218, 339.239626, 1.422280
14742.039, 339.216102, 1.437226
14231.510, 339.224762, 1.431429
4039.725, 339.297367, 1.383915
7362.703, 339.174969, 1.464743
5675.491, 339.309510, 1.375509
4481.939, 339.269122, 1.402130
2940.786, 339.367831, 1.336624
6294.252, 339.351031, 1.347510
2858.171, 339.192952, 1.452062
6204.291, 339.182013, 1.458992
4050.217, 339.158346, 1.474581
