# Source Fluxes and Coordinates
# Flux (e-/s), RA (deg), Dec (deg)
6976.127, 339.446223, 1.783191
8054.324, 339.393743, 1.817973
5803.184, 339.521710, 1.731995
16020.073, 339.449767, 1.778141
4621.746, 339.420178, 1.798779
6395.738, 339.500739, 1.745241
2952.069, 339.405010, 1.808480
18984.268, 339.387133, 1.820289
81029.917, 339.634230, 1.653486
53484.082, 339.601829, 1.675441
10983.866, 339.573097, 1.695933
34967.317, 339.484646, 1.750812
8668.374, 339.392720, 1.813145
4602.596, 339.540820, 1.714997
168948.969, 339.547888, 1.705330
72044.856, 339.384654, 1.815160
2931.889, 339.444559, 1.777327
7580.384, 339.434253, 1.782058
25343.751, 339.395554, 1.807025
27750.384, 339.688271, 1.613078
6386.385, 339.438759, 1.778778
153721.591, 339.405747, 1.795975
23701.902, 339.483480, 1.744130
8046.465, 339.437238, 1.776846
14949.806, 339.386718, 1.808835
8126.675, 339.445107, 1.770339
17328.487, 339.508816, 1.724935
82440.945, 339.625895, 1.644284
3523.173, 339.492088, 1.735236
7506.907, 339.391704, 1.800245
2818.990, 339.403460, 1.790495
2909.857, 339.387472, 1.800642
7589.965, 339.517665, 1.712214
4627.542, 339.497087, 1.726213
6374.525, 339.389284, 1.795556
5240.321, 339.386473, 1.797239
5764.953, 339.436384, 1.763991
5192.442, 339.399783, 1.787748
9225.883, 339.652482, 1.620562
9302.583, 339.511959, 1.712918
5209.560, 339.505084, 1.716929
2924.425, 339.444723, 1.757104
4724.303, 339.401612, 1.785194
7529.753, 339.485943, 1.727832
5166.566, 339.449404, 1.752426
4621.857, 339.415462, 1.772937
11516.960, 339.382995, 1.793534
3448.946, 339.433170, 1.760642
3464.601, 339.406133, 1.776981
176874.482, 339.695442, 1.581938
5127.266, 339.478102, 1.728029
9819.091, 339.391254, 1.783776
5254.674, 339.374742, 1.795138
4671.074, 339.403014, 1.776228
22009.070, 339.376231, 1.790725
66219.790, 339.370986, 1.791063
4065.352, 339.485167, 1.719878
6402.478, 339.393962, 1.780026
13932.650, 339.631946, 1.621928
3416.158, 339.538394, 1.684202
4026.880, 339.488295, 1.717396
3453.336, 339.426837, 1.757096
52512.968, 339.513688, 1.697443
7514.357, 339.383607, 1.785168
20158.948, 339.440943, 1.746565
11637.450, 339.402731, 1.771330
10370.343, 339.424241, 1.756515
13780.386, 339.386634, 1.780850
7572.105, 339.414637, 1.761031
8618.884, 339.365575, 1.793209
24734.997, 339.473338, 1.720362
9296.377, 339.387379, 1.776055
4561.708, 339.364687, 1.790624
5232.864, 339.558552, 1.660545
3433.010, 339.452115, 1.730293
339128.852, 339.606015, 1.622306
54753.056, 339.438999, 1.734859
20792.472, 339.385106, 1.770686
16728.549, 339.582018, 1.640062
18390.478, 339.365140, 1.782207
7586.333, 339.486263, 1.703531
46046.464, 339.677362, 1.575636
2944.818, 339.536139, 1.669936
3441.354, 339.465971, 1.716105
4667.190, 339.394865, 1.762867
4632.008, 339.391173, 1.765371
7556.375, 339.446295, 1.728777
4009.670, 339.372310, 1.774387
18461.774, 339.367511, 1.775541
5735.846, 339.510849, 1.681132
5190.240, 339.513692, 1.679158
5253.871, 339.395181, 1.755763
97284.123, 339.512921, 1.674190
3485.966, 339.476693, 1.701817
10342.877, 339.398557, 1.752434
2916.772, 339.429387, 1.732562
2871.054, 339.401661, 1.751051
53061.129, 339.368488, 1.769790
2818.584, 339.364079, 1.774150
3417.842, 339.544025, 1.654442
8694.129, 339.489323, 1.687524
4635.629, 339.583080, 1.625581
4570.270, 339.493604, 1.681518
5244.501, 339.484429, 1.687567
5210.369, 339.407231, 1.737857
2818.684, 339.384282, 1.752758
5229.072, 339.592077, 1.614878
10026.809, 339.600815, 1.607001
13315.083, 339.386561, 1.748088
10398.787, 339.359951, 1.764847
2932.349, 339.403486, 1.736609
2942.022, 339.389416, 1.744390
9216.532, 339.655977, 1.566460
2912.188, 339.385814, 1.744671
12580.400, 339.395430, 1.737122
102079.026, 339.417134, 1.718281
2864.626, 339.376925, 1.749147
5827.546, 339.387801, 1.741124
5820.095, 339.463644, 1.690755
3491.611, 339.363105, 1.757078
63306.625, 339.579750, 1.611137
5170.476, 339.370215, 1.751877
11548.842, 339.359658, 1.758304
2949.875, 339.538563, 1.640470
5734.891, 339.352685, 1.762848
34553.285, 339.604450, 1.594843
133942.441, 339.521398, 1.646326
3432.268, 339.390957, 1.735951
17895.724, 339.367241, 1.748704
10943.878, 339.463932, 1.684147
2919.357, 339.547328, 1.629003
4653.714, 339.348139, 1.759363
2885.853, 339.639468, 1.566291
5835.356, 339.374855, 1.740962
9773.402, 339.619629, 1.577492
6291.079, 339.551643, 1.622552
4029.401, 339.395218, 1.725786
4591.737, 339.539895, 1.627968
3497.595, 339.442122, 1.691089
2885.090, 339.374797, 1.735531
17875.304, 339.368500, 1.737729
6898.097, 339.341385, 1.756591
368767.684, 339.401230, 1.710072
4065.475, 339.385404, 1.726426
11576.804, 339.362760, 1.740324
16708.146, 339.345511, 1.751826
12723.394, 339.446515, 1.684804
2889.785, 339.460240, 1.675877
86344.013, 339.412871, 1.702808
5785.136, 339.546353, 1.615707
5802.663, 339.372638, 1.729922
5205.675, 339.384385, 1.721784
4099.711, 339.553539, 1.610080
8681.093, 339.375689, 1.726437
28166.892, 339.364667, 1.733111
12154.742, 339.340307, 1.748835
5813.874, 339.436590, 1.683956
102903.366, 339.679640, 1.520421
73847.858, 339.390591, 1.709618
3460.038, 339.374455, 1.722791
5800.224, 339.339045, 1.745962
5769.796, 339.611884, 1.565401
4691.640, 339.455077, 1.668463
34612.036, 339.342640, 1.741087
5815.471, 339.358648, 1.731282
11572.897, 339.468692, 1.657560
19080.592, 339.367086, 1.723550
4637.364, 339.515332, 1.626246
6345.811, 339.360622, 1.726449
15041.203, 339.417904, 1.688239
4714.789, 339.528734, 1.615350
4614.264, 339.491469, 1.639611
4571.473, 339.348430, 1.733709
2986.153, 339.384716, 1.708669
20068.569, 339.337081, 1.737332
48791.082, 339.370332, 1.711404
5892.157, 339.360869, 1.721320
2877.223, 339.572417, 1.581500
8159.045, 339.355339, 1.723683
39716.074, 339.539676, 1.598849
17823.013, 339.329647, 1.737926
107612.397, 339.416362, 1.675665
2843.254, 339.451778, 1.657967
34613.914, 339.333761, 1.734371
9774.407, 339.346861, 1.725595
5202.782, 339.459552, 1.650965
8661.312, 339.414674, 1.680321
2836.997, 339.392536, 1.695645
5284.498, 339.618004, 1.545737
17319.621, 339.528768, 1.603574
3588.967, 339.501743, 1.621817
28829.387, 339.661110, 1.514354
8665.814, 339.426381, 1.669731
10925.448, 339.405839, 1.681666
3986.303, 339.379523, 1.699442
3506.896, 339.369644, 1.705964
5164.584, 339.421993, 1.670721
106544.470, 339.642178, 1.521821
20097.997, 339.336016, 1.725236
3515.366, 339.596703, 1.553994
50599.732, 339.327982, 1.729041
6343.161, 339.399287, 1.683427
10377.360, 339.443161, 1.651777
6363.274, 339.377596, 1.696056
4666.129, 339.348785, 1.715254
3545.087, 339.486913, 1.623886
7542.036, 339.455221, 1.644036
16203.330, 339.335545, 1.719524
15067.729, 339.490223, 1.616974
14992.080, 339.465489, 1.633779
26541.033, 339.379246, 1.688234
9793.136, 339.370614, 1.695081
9271.676, 339.339362, 1.714675
7479.135, 339.471265, 1.627786
7528.623, 339.375167, 1.691059
6985.091, 339.514794, 1.597658
12156.847, 339.480260, 1.620273
33631.816, 339.475913, 1.621063
15511.901, 339.345504, 1.706609
5197.448, 339.354491, 1.700976
72545.020, 339.598495, 1.536776
35154.554, 339.345940, 1.702652
22439.537, 339.320272, 1.719631
15604.799, 339.539544, 1.574500
5736.731, 339.549958, 1.567382
12023.891, 339.479987, 1.612770
20038.278, 339.460942, 1.624572
5704.848, 339.362042, 1.690311
7446.535, 339.335202, 1.707792
28173.374, 339.323066, 1.714571
9771.747, 339.474482, 1.614915
141666.407, 339.409783, 1.653059
14417.427, 339.364599, 1.685801
4638.039, 339.479641, 1.609953
3004.357, 339.395612, 1.665341
5838.909, 339.390890, 1.668301
8643.198, 339.343017, 1.699885
9806.608, 339.520790, 1.581452
3475.698, 339.455120, 1.625771
5753.610, 339.336526, 1.704030
12079.461, 339.324961, 1.710491
151032.239, 339.635745, 1.501589
130734.063, 339.435572, 1.631733
5957.908, 339.612902, 1.517150
4087.683, 339.548959, 1.559472
3986.659, 339.312437, 1.714198
5786.460, 339.325620, 1.704605
2906.539, 339.555132, 1.552673
24572.552, 339.526936, 1.570187
4069.988, 339.519229, 1.576301
2887.952, 339.613411, 1.513553
29265.047, 339.419210, 1.639815
5198.444, 339.311251, 1.711986
9141.768, 339.387085, 1.661548
4660.798, 339.328101, 1.700586
17939.950, 339.317321, 1.706501
5204.715, 339.448769, 1.618919
29227.464, 339.334011, 1.693221
2943.320, 339.541128, 1.557420
14986.719, 339.361244, 1.675215
109368.962, 339.549672, 1.548092
13807.268, 339.487864, 1.590945
2899.886, 339.440534, 1.623479
2910.690, 339.392519, 1.654638
5732.793, 339.474258, 1.599980
2925.670, 339.511294, 1.575006
7479.431, 339.570342, 1.534933
5183.812, 339.362932, 1.672065
39118.348, 339.339623, 1.684677
5175.344, 339.460389, 1.606453
7527.456, 339.575362, 1.529478
3520.968, 339.562596, 1.538645
5231.076, 339.500716, 1.579196
4057.459, 339.433088, 1.622305
18428.928, 339.487457, 1.583381
13301.614, 339.467412, 1.597365
3038.583, 339.646332, 1.479937
4057.175, 339.577758, 1.523560
3482.234, 339.341310, 1.679622
14892.117, 339.317187, 1.694410
166620.263, 339.636543, 1.479282
4615.512, 339.417308, 1.627614
6396.328, 339.412289, 1.630272
8699.514, 339.385416, 1.648007
4118.314, 339.369548, 1.658181
3976.284, 339.303855, 1.699889
11611.310, 339.350781, 1.668016
2906.696, 339.309072, 1.696257
16159.090, 339.342550, 1.671464
6981.280, 339.330789, 1.679632
5771.853, 339.509083, 1.561578
12128.913, 339.397770, 1.635148
6939.745, 339.419840, 1.620344
3452.470, 339.356285, 1.662608
37937.722, 339.336004, 1.672564
239381.790, 339.531888, 1.540944
8732.927, 339.458757, 1.593795
10401.497, 339.305057, 1.694807
9238.895, 339.351492, 1.663539
6983.259, 339.383842, 1.642014
18375.006, 339.379799, 1.644286
6959.322, 339.364534, 1.655042
164090.168, 339.629650, 1.475086
6998.495, 339.372955, 1.647870
40352.724, 339.346810, 1.663520
9239.132, 339.352190, 1.660187
28764.198, 339.324200, 1.677248
7991.950, 339.299628, 1.694077
10406.766, 339.363782, 1.651299
35700.910, 339.300718, 1.689828
5232.557, 339.369248, 1.647223
20138.301, 339.466982, 1.581402
5163.786, 339.312401, 1.684345
32962.387, 339.539328, 1.532347
10467.153, 339.342107, 1.663855
6956.242, 339.552779, 1.523879
4628.477, 339.313993, 1.680913
16626.110, 339.319800, 1.673815
71898.634, 339.334432, 1.661132
8074.430, 339.326380, 1.669069
114991.484, 339.365537, 1.638112
37940.159, 339.486222, 1.560200
15574.999, 339.309168, 1.678468
3527.894, 339.297178, 1.686604
13512.700, 339.493475, 1.556089
122442.908, 339.318510, 1.664940
2872.354, 339.343567, 1.653585
2938.901, 339.479832, 1.563295
3509.163, 339.295058, 1.685261
6896.589, 339.387864, 1.623311
30695.354, 339.344731, 1.649623
8747.979, 339.351724, 1.645348
14446.981, 339.521354, 1.533228
8098.126, 339.415230, 1.602555
12776.587, 339.326094, 1.660994
5793.128, 339.398207, 1.613218
11018.208, 339.359189, 1.638628
6933.867, 339.355304, 1.640116
9841.668, 339.366847, 1.631728
23564.055, 339.329061, 1.656101
10310.502, 339.310497, 1.668306
19543.074, 339.306638, 1.670591
7537.740, 339.296201, 1.677488
5814.299, 339.321712, 1.659955
9181.642, 339.355915, 1.636100
19592.271, 339.339807, 1.643425
13849.685, 339.316578, 1.658309
10879.822, 339.298441, 1.670992
24183.468, 339.289878, 1.676333
18382.906, 339.305406, 1.665286
8730.647, 339.309953, 1.660421
8109.565, 339.536936, 1.508956
5248.258, 339.293850, 1.669877
9315.186, 339.286745, 1.672618
6315.741, 339.368962, 1.619548
5744.783, 339.528565, 1.513735
4106.080, 339.329076, 1.645644
8666.603, 339.424113, 1.581770
4630.833, 339.310303, 1.656473
4594.803, 339.368136, 1.617307
22457.584, 339.318168, 1.648105
18984.984, 339.304537, 1.657607
8114.172, 339.288165, 1.669267
18943.640, 339.402533, 1.592817
8703.045, 339.297110, 1.660437
7552.038, 339.531279, 1.505512
2926.723, 339.516156, 1.514558
26350.981, 339.306229, 1.651938
14958.483, 339.294272, 1.659862
3447.388, 339.372975, 1.608294
7468.980, 339.539464, 1.497016
54170.863, 339.482270, 1.532759
4645.868, 339.366003, 1.611261
207834.124, 339.281199, 1.662223
9234.207, 339.359603, 1.614514
10352.737, 339.302602, 1.652411
71224.842, 339.624524, 1.437790
41990.179, 339.603574, 1.452145
4062.985, 339.411121, 1.579916
31091.911, 339.320481, 1.637772
2889.506, 339.344601, 1.623649
26810.784, 339.361801, 1.609689
21877.479, 339.315694, 1.639600
3480.202, 339.365982, 1.606604
82871.932, 339.475176, 1.531035
5266.542, 339.287568, 1.657006
22607.879, 339.589251, 1.456047
35109.483, 339.297741, 1.647675
4034.510, 339.482037, 1.527160
33370.510, 339.308187, 1.640141
4615.552, 339.291856, 1.652724
9776.891, 339.343648, 1.616968
8110.223, 339.285541, 1.655218
4601.812, 339.323822, 1.629100
6407.561, 339.314278, 1.635543
8731.182, 339.525200, 1.495387
8666.213, 339.383959, 1.588325
19010.729, 339.364677, 1.600080
18522.105, 339.327675, 1.623634
7018.185, 339.280994, 1.655525
4070.736, 339.467241, 1.531585
9147.855, 339.440529, 1.548658
13278.658, 339.290036, 1.647140
12225.468, 339.414591, 1.564381
20699.668, 339.293270, 1.644270
47231.982, 339.377900, 1.587276
19634.675, 339.275586, 1.655202
2914.840, 339.330877, 1.618674
350793.476, 339.450842, 1.533260
15308.035, 339.562673, 1.463425
9164.572, 339.340509, 1.610504
11005.707, 339.417046, 1.559677
2895.671, 339.300549, 1.636906
2969.553, 339.348768, 1.604184
16181.687, 339.302836, 1.632805
4106.127, 339.334644, 1.613177
21323.367, 339.282897, 1.644420
4580.426, 339.367727, 1.590032
10967.482, 339.336294, 1.609611
9329.931, 339.376857, 1.582759
4122.712, 339.374042, 1.585120
5891.472, 339.316105, 1.623356
2861.087, 339.512772, 1.493295
16600.608, 339.342789, 1.603872
20180.591, 339.309633, 1.625409
7445.337, 339.291461, 1.638239
37960.841, 339.285614, 1.640353
8639.300, 339.298319, 1.633141
22363.559, 339.271728, 1.650452
15524.101, 339.295306, 1.634203
3504.657, 339.378426, 1.579492
9262.392, 339.360821, 1.589361
24178.756, 339.616467, 1.418207
35697.161, 339.270504, 1.645764
4620.541, 339.314111, 1.618259
9202.338, 339.357572, 1.588302
23557.724, 339.326161, 1.608448
3474.398, 339.509863, 1.488307
13244.434, 339.433409, 1.538071
2889.716, 339.319090, 1.613916
28196.971, 339.290113, 1.631864
2884.071, 339.341811, 1.598325
94712.464, 339.551274, 1.456263
3426.074, 339.436093, 1.534800
18441.090, 339.348693, 1.591841
14934.828, 339.310114, 1.616750
3447.136, 339.274022, 1.641684
3476.029, 339.411362, 1.550114
35094.518, 339.274947, 1.638415
4628.278, 339.404706, 1.552881
23613.520, 339.361351, 1.579437
2888.036, 339.322411, 1.607048
5800.452, 339.355901, 1.583647
11576.041, 339.336829, 1.595443
5193.531, 339.331149, 1.600042
111526.169, 339.290686, 1.621924
32854.783, 339.286142, 1.628848
5243.499, 339.333555, 1.597409
17788.243, 339.266648, 1.641054
14494.589, 339.309406, 1.611393
3505.810, 339.325853, 1.599421
4509.528, 339.269329, 1.636632
20075.204, 339.280743, 1.628156
12059.180, 339.329182, 1.596096
15597.896, 339.273092, 1.632947
58651.086, 339.311125, 1.605810
5878.454, 339.285501, 1.624644
166537.144, 339.263234, 1.634725
91987.983, 339.322537, 1.595987
11587.694, 339.318227, 1.600633
4109.062, 339.341665, 1.585581
78633.392, 339.270688, 1.628171
4666.900, 339.376944, 1.560760
5150.656, 339.400366, 1.544642
12079.749, 339.283994, 1.621452
3494.759, 339.586509, 1.421829
10445.643, 339.438953, 1.518154
5159.157, 339.360978, 1.568036
38515.027, 339.323731, 1.589258
13154.167, 339.298010, 1.607540
10376.467, 339.422509, 1.524826
14498.142, 339.374737, 1.556357
12141.795, 339.370219, 1.559043
14978.192, 339.346398, 1.574617
34477.491, 339.281774, 1.616405
8697.112, 339.350332, 1.571528
12124.279, 339.319913, 1.590301
18475.322, 339.267528, 1.623680
59766.332, 339.294455, 1.605278
4628.560, 339.286428, 1.612718
2978.936, 339.283275, 1.612979
3458.697, 339.399802, 1.534860
12347.188, 339.594199, 1.405568
52379.209, 339.287210, 1.605685
5234.763, 339.355323, 1.563249
30935.092, 339.269970, 1.617837
3491.797, 339.280794, 1.610764
27491.126, 339.327041, 1.578234
17308.160, 339.280701, 1.607280
5752.633, 339.402395, 1.526849
5183.090, 339.311385, 1.587172
15559.722, 339.306316, 1.589664
30498.706, 339.300836, 1.591411
4628.408, 339.283806, 1.604122
7529.286, 339.291178, 1.598894
24133.721, 339.261607, 1.616166
4704.681, 339.563963, 1.417979
4661.458, 339.365544, 1.547995
17320.197, 339.266707, 1.611011
8772.735, 339.425718, 1.505941
6288.676, 339.255432, 1.618448
8612.612, 339.438242, 1.497179
4755.045, 339.286886, 1.596371
9679.050, 339.316303, 1.575635
11589.515, 339.390936, 1.526226
13820.391, 339.256880, 1.614249
8021.665, 339.293065, 1.590660
3475.954, 339.278393, 1.599569
25417.626, 339.266052, 1.604994
10931.237, 339.282132, 1.594480
10990.863, 339.301812, 1.581044
6381.630, 339.306941, 1.577398
10346.160, 339.270653, 1.601226
157588.992, 339.247187, 1.609476
8664.818, 339.292859, 1.586002
2905.680, 339.325218, 1.563204
27054.937, 339.254877, 1.607371
8093.784, 339.423335, 1.497681
5225.116, 339.410943, 1.505710
24144.000, 339.312499, 1.569753
19076.776, 339.270323, 1.597283
4096.934, 339.438883, 1.486608
50076.688, 339.317558, 1.563472
114861.080, 339.281748, 1.583235
11515.812, 339.258565, 1.604045
4605.711, 339.250774, 1.609707
22996.478, 339.273136, 1.593476
39330.684, 339.568475, 1.397746
18983.645, 339.293155, 1.579145
13283.918, 339.265281, 1.597717
6356.305, 339.454833, 1.472782
6927.812, 339.303168, 1.572931
13755.171, 339.312258, 1.565174
5217.110, 339.396121, 1.509300
64059.208, 339.390290, 1.511062
17381.113, 339.289336, 1.578399
4666.368, 339.442927, 1.477533
7504.611, 339.385766, 1.513084
11039.736, 339.267132, 1.590928
2940.379, 339.412835, 1.495037
7527.370, 339.317806, 1.557293
11592.333, 339.259422, 1.595669
5134.959, 339.556839, 1.399068
8619.986, 339.379038, 1.515283
14381.816, 339.301730, 1.565918
10971.630, 339.326562, 1.549101
17267.162, 339.408656, 1.494173
20922.642, 339.433150, 1.477537
9222.535, 339.401050, 1.499038
3447.126, 339.478451, 1.448314
2936.198, 339.355838, 1.529262
4141.640, 339.303443, 1.563273
43916.860, 339.306966, 1.558393
15550.822, 339.259311, 1.589764
232331.551, 339.243709, 1.594174
44556.002, 339.334483, 1.538632
12667.886, 339.299212, 1.563203
18398.517, 339.274319, 1.579592
28136.304, 339.262602, 1.585992
12071.710, 339.239621, 1.602276
14423.985, 339.345761, 1.530784
8059.469, 339.321617, 1.547537
32839.798, 339.556537, 1.391093
8059.093, 339.284038, 1.572274
5137.417, 339.278563, 1.576061
12708.634, 339.250075, 1.593926
6439.085, 339.423561, 1.478534
9732.711, 339.290004, 1.566337
16097.814, 339.295893, 1.561766
47570.918, 339.267165, 1.579591
4011.220, 339.385159, 1.503006
29952.359, 339.277710, 1.573328
41382.412, 339.252242, 1.588100
4695.293, 339.469063, 1.444740
13886.930, 339.235886, 1.597207
16175.415, 339.262570, 1.579965
17197.692, 339.255662, 1.584116
13885.770, 339.314935, 1.545480
4638.201, 339.365671, 1.511531
35786.366, 339.322706, 1.538599
3427.282, 339.277090, 1.569922
9182.704, 339.286320, 1.563036
125168.127, 339.389472, 1.490751
27083.061, 339.266802, 1.573826
4679.606, 339.548485, 1.387689
8749.804, 339.461213, 1.445471
4628.571, 339.277542, 1.565974
4659.622, 339.286795, 1.559559
46052.057, 339.256051, 1.577579
10939.979, 339.234204, 1.593248
18924.891, 339.247222, 1.582438
9335.248, 339.237064, 1.589723
4640.278, 339.347068, 1.516786
18496.266, 339.297569, 1.547896
23093.048, 339.288734, 1.553816
19070.794, 339.264107, 1.569981
3984.059, 339.286279, 1.554343
14339.064, 339.315749, 1.532678
7001.584, 339.270018, 1.564727
4010.221, 339.248935, 1.578785
11525.194, 339.241548, 1.582011
7461.976, 339.397094, 1.479160
8636.275, 339.266506, 1.565153
6236.654, 339.230280, 1.589156
11010.353, 339.256291, 1.570823
9193.061, 339.309778, 1.535298
2905.645, 339.392134, 1.480840
5155.214, 339.293560, 1.545871
35207.784, 339.239622, 1.577374
4101.392, 339.234666, 1.584581
19661.424, 339.236426, 1.581000
14937.539, 339.230138, 1.586199
2891.583, 339.259192, 1.564814
5207.773, 339.249256, 1.571029
8188.674, 339.394576, 1.473910
19611.102, 339.329108, 1.516546
14395.605, 339.302628, 1.534199
3546.127, 339.231988, 1.581636
4586.596, 339.489958, 1.410123
2928.508, 339.305486, 1.532061
3418.020, 339.252867, 1.566595
9343.932, 339.245193, 1.570836
89745.947, 339.412877, 1.456611
72280.004, 339.289645, 1.538874
6326.456, 339.248252, 1.567564
9214.566, 339.240935, 1.572234
5284.762, 339.303031, 1.530662
6326.900, 339.270061, 1.552630
5243.467, 339.251792, 1.564494
4012.727, 339.322310, 1.517767
6451.203, 339.310608, 1.524765
46564.909, 339.224850, 1.577633
15055.500, 339.277169, 1.544424
3496.445, 339.323069, 1.514778
4621.183, 339.261442, 1.555472
22531.100, 339.431976, 1.441921
5713.746, 339.350489, 1.495288
10943.533, 339.227816, 1.575445
6950.417, 339.488698, 1.402745
6885.404, 339.241803, 1.566326
48213.008, 339.229729, 1.571526
3505.435, 339.311597, 1.519613
100385.954, 339.234457, 1.566075
11431.286, 339.299458, 1.526042
5779.299, 339.279335, 1.540264
7473.009, 339.384544, 1.469921
3447.283, 339.332036, 1.504626
24212.936, 339.242786, 1.561891
11466.410, 339.318633, 1.510915
3539.844, 339.231758, 1.568851
6321.270, 339.268132, 1.543460
39102.238, 339.295901, 1.522829
5211.238, 339.396304, 1.456883
17843.299, 339.220072, 1.572277
8077.583, 339.377190, 1.469470
17868.885, 339.271347, 1.538893
2922.475, 339.503319, 1.385982
2878.891, 339.364308, 1.477703
6396.787, 339.332411, 1.498126
10427.792, 339.222744, 1.569390
12089.466, 339.290218, 1.524577
36341.051, 339.264106, 1.540653
6368.705, 339.342973, 1.489703
44819.702, 339.256499, 1.544671
8643.471, 339.273591, 1.534982
6866.038, 339.308802, 1.511111
13837.727, 339.268873, 1.536842
8085.173, 339.409589, 1.443890
15520.210, 339.236925, 1.557729
4643.863, 339.244203, 1.551931
46763.290, 339.499135, 1.382008
6952.989, 339.451528, 1.414749
4627.639, 339.340337, 1.487899
40879.059, 339.218359, 1.565684
17705.187, 339.231158, 1.559048
5223.240, 339.346181, 1.482005
8152.824, 339.225178, 1.562256
15013.846, 339.273681, 1.529036
6980.968, 339.243183, 1.549741
4630.408, 339.329205, 1.492882
17853.941, 339.248364, 1.545269
58029.821, 339.237496, 1.548948
8102.512, 339.234995, 1.554430
20083.500, 339.258765, 1.538000
101634.853, 339.265320, 1.530295
104348.058, 339.251118, 1.539228
15031.750, 339.446388, 1.412098
17311.549, 339.230020, 1.554266
19660.773, 339.220596, 1.560579
6905.308, 339.245234, 1.544246
49495.793, 339.224056, 1.555248
11539.926, 339.312662, 1.499214
6925.839, 339.300979, 1.507019
9729.889, 339.232346, 1.551072
11056.371, 339.415847, 1.429457
19673.331, 339.270649, 1.525357
10961.408, 339.328327, 1.486853
17756.828, 339.376807, 1.454200
133903.841, 339.510597, 1.362831
125035.764, 339.442150, 1.407888
34284.795, 339.258380, 1.531181
3486.967, 339.217777, 1.559672
6441.334, 339.473312, 1.389726
47395.345, 339.347129, 1.470236
2897.379, 339.308416, 1.498788
4646.536, 339.279801, 1.517360
6361.622, 339.241854, 1.542358
8059.521, 339.317482, 1.492073
5764.345, 339.237218, 1.544701
15609.214, 339.217068, 1.556197
8152.957, 339.279977, 1.515192
8072.449, 339.245410, 1.538020
8089.604, 339.333838, 1.478755
6387.165, 339.309448, 1.495103
7487.018, 339.274288, 1.517185
18491.626, 339.238655, 1.540045
96968.110, 339.211052, 1.555959
23667.466, 339.300880, 1.497572
4711.245, 339.291588, 1.505162
4020.816, 339.230119, 1.545672
39017.666, 339.324768, 1.481414
23097.718, 339.243966, 1.534770
5222.547, 339.293135, 1.503149
10385.523, 339.219696, 1.551318
5818.814, 339.275970, 1.513798
4057.458, 339.267102, 1.519402
7522.031, 339.382493, 1.442226
2865.408, 339.232772, 1.541871
4624.801, 339.363847, 1.452856
4633.252, 339.348022, 1.463922
12622.204, 339.245971, 1.530845
3508.300, 339.330129, 1.475219
4062.845, 339.307945, 1.489941
5147.776, 339.290244, 1.501297
3504.237, 339.234545, 1.538501
13177.539, 339.228448, 1.541965
4046.750, 339.392138, 1.432882
4078.386, 339.321491, 1.479020
7519.672, 339.295442, 1.496134
15548.531, 339.256847, 1.520856
11529.071, 339.239107, 1.532718
7475.441, 339.210281, 1.551765
4550.082, 339.279501, 1.505869
83077.338, 339.211932, 1.545304
2876.257, 339.528073, 1.340206
25170.438, 339.317329, 1.477612
12741.014, 339.244687, 1.525972
3493.020, 339.234471, 1.533737
5741.584, 339.223513, 1.540477
4562.622, 339.367966, 1.444785
16126.321, 339.251584, 1.519848
8124.861, 339.228016, 1.536000
2881.379, 339.286250, 1.495917
22370.688, 339.260667, 1.511525
29999.864, 339.238816, 1.525795
11025.106, 339.222597, 1.536941
15527.781, 339.350218, 1.452740
6357.007, 339.531817, 1.332180
4651.310, 339.327300, 1.467172
3434.876, 339.217831, 1.539009
68649.163, 339.330800, 1.460379
3470.406, 339.337547, 1.458300
6332.108, 339.275470, 1.498779
3434.624, 339.308882, 1.475893
40929.038, 339.242807, 1.518026
25899.612, 339.213869, 1.537524
62636.443, 339.203017, 1.544016
27040.163, 339.266130, 1.500987
42608.299, 339.252874, 1.509549
23674.625, 339.231551, 1.524491
15594.354, 339.386978, 1.422100
32621.326, 339.335856, 1.454629
4597.640, 339.207071, 1.540963
16166.879, 339.316051, 1.468002
12123.418, 339.258078, 1.506633
3472.064, 339.492713, 1.351768
5167.787, 339.372191, 1.430455
5238.530, 339.226072, 1.526936
3394.069, 339.304921, 1.474278
19007.202, 339.248487, 1.511230
4029.320, 339.235970, 1.519425
4594.327, 339.343489, 1.447335
4578.975, 339.211606, 1.534543
93687.409, 339.203972, 1.534501
8652.178, 339.253998, 1.505178
5813.274, 339.305043, 1.471573
12589.784, 339.237272, 1.515231
33896.491, 339.228485, 1.519943
14411.466, 339.224910, 1.523678
4053.569, 339.365559, 1.431026
13815.369, 339.302625, 1.471509
39567.250, 339.239710, 1.512025
4050.093, 339.470797, 1.361076
6384.939, 339.259373, 1.500398
9846.504, 339.214855, 1.529974
5121.417, 339.320647, 1.459180
106897.610, 339.207640, 1.527809
3989.948, 339.269161, 1.492685
11617.934, 339.265871, 1.494280
3449.312, 339.220482, 1.525163
10945.410, 339.483236, 1.350775
13228.981, 339.241968, 1.508429
20746.230, 339.216637, 1.525354
9277.998, 339.198758, 1.537276
13261.801, 339.222512, 1.520784
4597.087, 339.358616, 1.431067
4602.356, 339.262170, 1.493873
16797.594, 339.245360, 1.504611
10413.697, 339.252360, 1.499603
59163.567, 339.414620, 1.390683
5224.953, 339.263529, 1.491975
5213.999, 339.311879, 1.459442
29417.285, 339.240068, 1.505650
12140.302, 339.232963, 1.510873
25944.814, 339.236190, 1.506635
6934.949, 339.489039, 1.341542
33809.508, 339.219021, 1.518828
17890.074, 339.215156, 1.521702
87481.589, 339.491298, 1.336899
8608.789, 339.299465, 1.465607
39203.802, 339.281509, 1.474995
4572.653, 339.270212, 1.484585
51413.016, 339.349772, 1.430210
6352.348, 339.327193, 1.445638
3471.789, 339.294182, 1.468284
73214.321, 339.206927, 1.521188
6311.707, 339.390158, 1.404174
4580.065, 339.446814, 1.366521
14396.297, 339.250489, 1.495559
43609.353, 339.197244, 1.529275
3471.775, 339.333344, 1.440598
70596.605, 339.402945, 1.391546
6317.327, 339.200421, 1.527315
4102.337, 339.343758, 1.432335
10935.283, 339.318392, 1.448859
13760.226, 339.276845, 1.475713
28159.016, 339.271339, 1.479728
16132.238, 339.300100, 1.460130
26873.779, 339.192842, 1.530081
5789.959, 339.469595, 1.348538
61034.314, 339.220870, 1.508575
54259.436, 339.410694, 1.384549
9281.845, 339.343912, 1.429055
8040.990, 339.214728, 1.514135
5145.974, 339.313466, 1.448451
12656.305, 339.256137, 1.485842
10932.756, 339.227318, 1.505023
19511.637, 339.246488, 1.491840
28225.565, 339.290977, 1.461359
80145.489, 339.253910, 1.482655
36013.256, 339.276668, 1.468755
24222.598, 339.239435, 1.493515
3474.445, 339.204204, 1.517924
12581.665, 339.190133, 1.525935
11478.060, 339.263467, 1.476745
2841.331, 339.370022, 1.407495
21357.544, 339.233175, 1.496715
5753.042, 339.348519, 1.420343
3482.965, 339.225033, 1.502435
41469.433, 339.213272, 1.509027
8092.635, 339.208296, 1.512771
14581.299, 339.532769, 1.297828
13915.596, 339.373228, 1.402817
12747.886, 339.243084, 1.489085
5239.193, 339.439650, 1.359191
10405.849, 339.285927, 1.460365
12191.309, 339.405240, 1.380272
8036.423, 339.326790, 1.431997
51171.794, 339.197251, 1.515380
14499.191, 339.317167, 1.436893
71873.374, 339.230453, 1.492458
4643.926, 339.189135, 1.521413
155945.130, 339.524119, 1.294809
9801.378, 339.334210, 1.424422
7523.579, 339.291664, 1.453143
17896.379, 339.221642, 1.499358
6386.658, 339.241617, 1.486094
33461.993, 339.204255, 1.508751
10424.384, 339.507315, 1.309322
10988.503, 339.530609, 1.293952
15005.826, 339.343895, 1.417095
12055.925, 339.208178, 1.506596
4062.363, 339.323694, 1.430309
17275.090, 339.270462, 1.464462
18387.430, 339.248334, 1.478415
5814.957, 339.236251, 1.487562
4042.355, 339.346877, 1.414226
17821.340, 339.262253, 1.468914
29893.605, 339.198242, 1.510734
4001.054, 339.380628, 1.390742
11494.905, 339.279120, 1.457206
4089.657, 339.301460, 1.442366
7528.152, 339.238375, 1.483673
16107.249, 339.256827, 1.470007
18430.907, 339.241355, 1.480849
3975.178, 339.284857, 1.452613
17882.713, 339.231719, 1.485725
4070.900, 339.204029, 1.504502
67349.472, 339.185205, 1.515100
10605.579, 339.332988, 1.416767
4713.002, 339.263763, 1.464047
13314.342, 339.205512, 1.501810
21909.631, 339.301483, 1.437538
5809.057, 339.281853, 1.451222
6335.787, 339.242179, 1.477267
10374.991, 339.235433, 1.481169
68352.064, 339.225541, 1.484435
8684.915, 339.400094, 1.371729
5179.236, 339.371622, 1.390776
37414.950, 339.356367, 1.398829
5237.434, 339.275568, 1.453423
3446.450, 339.245071, 1.474267
6351.712, 339.433667, 1.347730
15515.060, 339.232286, 1.480380
107979.879, 339.196106, 1.501474
6932.167, 339.380623, 1.381909
5821.353, 339.290193, 1.441696
6325.980, 339.184660, 1.511458
9820.550, 339.436820, 1.344405
44214.428, 339.253167, 1.464135
6275.612, 339.216428, 1.489440
14466.075, 339.327709, 1.414930
6427.652, 339.316007, 1.424004
8719.482, 339.408467, 1.361889
3516.728, 339.190542, 1.505827
3440.743, 339.335576, 1.409295
5771.711, 339.306557, 1.428599
5878.492, 339.297991, 1.434452
6291.882, 339.273761, 1.449947
4600.363, 339.249391, 1.466444
19604.528, 339.246097, 1.466680
6324.843, 339.255190, 1.461578
14401.767, 339.204915, 1.494301
2866.078, 339.219068, 1.485283
18405.979, 339.346679, 1.398235
5814.558, 339.263335, 1.454013
89611.377, 339.402303, 1.358824
60604.675, 339.310364, 1.421075
16118.978, 339.323834, 1.411054
2916.176, 339.304650, 1.425185
60349.762, 339.211751, 1.482174
9755.268, 339.180511, 1.506421
4003.330, 339.333633, 1.405425
10982.865, 339.182578, 1.504171
11567.323, 339.250558, 1.459491
15039.204, 339.224685, 1.475861
5220.827, 339.221150, 1.478796
10347.454, 339.283122, 1.437518
5199.330, 339.185333, 1.501961
16202.980, 339.208993, 1.485669
3997.928, 339.300995, 1.425054
6926.989, 339.187436, 1.499578
7538.058, 339.297009, 1.426853
6948.718, 339.245439, 1.461057
8690.826, 339.204758, 1.487520
60376.116, 339.522050, 1.275500
8070.196, 339.366228, 1.380002
5198.942, 339.240993, 1.462159
4645.403, 339.268162, 1.444043
12630.430, 339.285774, 1.431299
19135.323, 339.251572, 1.452840
65048.571, 339.245849, 1.453273
2862.007, 339.480181, 1.302954
12736.935, 339.323449, 1.405662
12192.204, 339.232005, 1.466073
88913.023, 339.200080, 1.483557
5203.507, 339.329828, 1.400516
22441.366, 339.273050, 1.437528
183837.461, 339.187667, 1.489335
4016.172, 339.353235, 1.384095
9730.209, 339.345404, 1.388681
5765.346, 339.338015, 1.393758
15997.396, 339.177506, 1.499639
4600.666, 339.418919, 1.340353
6395.033, 339.277728, 1.432862
16138.097, 339.225911, 1.466029
8046.699, 339.257839, 1.445357
30464.759, 339.254485, 1.446541
4068.344, 339.173620, 1.501584
5243.654, 339.290488, 1.423348
36821.037, 339.233766, 1.459326
117814.453, 339.213881, 1.465643
12681.557, 339.205038, 1.479240
6909.890, 339.259479, 1.442225
4099.625, 339.333309, 1.392641
8240.667, 339.491028, 1.287716
7482.554, 339.277901, 1.428338
6305.986, 339.171911, 1.497824
12181.542, 339.283947, 1.422842
32780.859, 339.175420, 1.492597
9850.712, 339.324030, 1.396221
10963.479, 339.212043, 1.470370
9202.629, 339.222764, 1.462995
4069.927, 339.195814, 1.481241
10982.776, 339.179733, 1.490712
6410.753, 339.402895, 1.343309
99937.434, 339.307944, 1.402904
10352.736, 339.200226, 1.476696
6330.619, 339.359073, 1.371881
39770.083, 339.233672, 1.453786
12044.913, 339.371904, 1.362919
6372.618, 339.237655, 1.451827
79335.061, 339.203101, 1.469105
2901.797, 339.266415, 1.432427
9190.648, 339.218962, 1.463049
67759.199, 339.250623, 1.439241
56150.447, 339.487848, 1.282240
12190.629, 339.290807, 1.413787
2880.591, 339.258619, 1.436290
4661.263, 339.386342, 1.350910
43717.750, 339.179479, 1.485384
15004.425, 339.183365, 1.484284
2813.930, 339.168237, 1.494600
5735.084, 339.358661, 1.367844
2839.442, 339.326902, 1.389104
11580.533, 339.316999, 1.395075
36633.654, 339.192686, 1.474388
4085.064, 339.341068, 1.379206
9886.575, 339.322926, 1.390685
21907.931, 339.266887, 1.426621
14952.270, 339.246899, 1.440464
70682.819, 339.227444, 1.450680
7043.562, 339.196349, 1.474466
13279.746, 339.334199, 1.382435
6920.196, 339.242504, 1.442570
17847.584, 339.280938, 1.415204
17268.204, 339.274991, 1.419660
4665.233, 339.271907, 1.422361
6409.885, 339.372029, 1.356086
11657.065, 339.330826, 1.382426
3495.971, 339.260029, 1.429598
9159.233, 339.269264, 1.422501
6894.097, 339.359115, 1.362918
17303.348, 339.241998, 1.439265
42191.231, 339.213296, 1.455860
32874.937, 339.176626, 1.480655
4008.503, 339.335642, 1.377319
34576.002, 339.169840, 1.483036
8630.961, 339.166149, 1.488755
2838.711, 339.234513, 1.443563
18447.096, 339.204454, 1.462026
10364.847, 339.472357, 1.285771
12724.682, 339.312552, 1.390069
105663.135, 339.180874, 1.472050
53346.105, 339.465227, 1.288341
63765.359, 339.226849, 1.444421
9773.739, 339.259476, 1.424601
15044.917, 339.221327, 1.449695
6434.190, 339.307623, 1.393142
2903.865, 339.277623, 1.412798
4666.999, 339.185089, 1.473370
4569.078, 339.387683, 1.339270
21886.029, 339.195995, 1.464285
23720.518, 339.198984, 1.461685
6920.082, 339.358778, 1.357177
5205.593, 339.315764, 1.385879
4053.727, 339.420740, 1.315893
7573.129, 339.280210, 1.407703
14408.158, 339.396935, 1.329988
7485.324, 339.300336, 1.394336
5732.689, 339.381321, 1.340653
5722.093, 339.347292, 1.362719
16704.406, 339.320698, 1.379740
12737.009, 339.266137, 1.415861
11604.444, 339.252379, 1.425215
8702.141, 339.248453, 1.427622
8035.838, 339.161655, 1.483595
5182.718, 339.187354, 1.468146
6333.089, 339.185254, 1.469130
3547.182, 339.283910, 1.403633
9207.370, 339.317362, 1.380166
13228.075, 339.290305, 1.398029
14515.634, 339.204970, 1.454371
109126.993, 339.192385, 1.460397
50928.032, 339.382536, 1.335022
20623.805, 339.260025, 1.416640
4030.148, 339.255864, 1.420410
60337.622, 339.229468, 1.433425
11623.161, 339.199065, 1.457499
3462.755, 339.271608, 1.409344
20795.951, 339.235633, 1.432120
16727.058, 339.219571, 1.442995
10367.548, 339.365849, 1.345931
20155.202, 339.171754, 1.473466
10372.503, 339.344712, 1.358387
7020.254, 339.297027, 1.390741
5233.888, 339.273340, 1.406597
12078.293, 339.317179, 1.376650
9261.276, 339.485411, 1.265391
5256.779, 339.224665, 1.437253
22411.805, 339.165952, 1.475302
16111.565, 339.350250, 1.353414
25313.292, 339.206524, 1.447639
9325.959, 339.415089, 1.310587
17261.996, 339.214988, 1.442172
33233.953, 339.200499, 1.451719
18931.612, 339.185088, 1.462175
2861.588, 339.501368, 1.253576
8694.155, 339.335865, 1.362105
8707.118, 339.296801, 1.386941
21856.032, 339.247026, 1.419762
11044.976, 339.242852, 1.422791
28213.853, 339.209607, 1.444492
4030.775, 339.411422, 1.311876
36864.337, 339.345384, 1.353033
4014.656, 339.277054, 1.399457
5235.746, 339.172399, 1.468536
9915.629, 339.220676, 1.435751
3533.800, 339.402873, 1.315643
97699.694, 339.235323, 1.421384
14475.310, 339.335604, 1.358429
2849.405, 339.250653, 1.414806
46442.760, 339.159752, 1.472869
13300.737, 339.296596, 1.383304
70897.023, 339.214655, 1.436165
7603.808, 339.416758, 1.303691
24749.899, 339.198919, 1.446397
27574.090, 339.171374, 1.465017
8084.629, 339.299363, 1.380318
12033.778, 339.272602, 1.398245
38530.918, 339.226303, 1.427727
28625.101, 339.205262, 1.441667
6931.728, 339.192013, 1.451689
11598.271, 339.186053, 1.455167
4616.516, 339.395705, 1.316633
16747.560, 339.304239, 1.376044
21906.853, 339.177696, 1.459367
2883.066, 339.168940, 1.466689
12046.851, 339.188882, 1.451850
5791.040, 339.181121, 1.457599
11380.712, 339.313195, 1.369869
5224.451, 339.183068, 1.454911
3475.658, 339.366454, 1.333294
15651.363, 339.185636, 1.452604
