# Source Fluxes and Coordinates
# Flux (e-/s), RA (deg), Dec (deg)
69359.645, 339.634742, 1.653487
10844.567, 339.456552, 1.772688
4270.094, 339.422144, 1.795769
12053.682, 339.388471, 1.817351
3661.525, 339.427225, 1.791304
6663.024, 339.517787, 1.730783
5467.539, 339.470086, 1.761759
12643.928, 339.484786, 1.750502
13471.547, 339.505351, 1.737058
3567.799, 339.392325, 1.812466
7295.832, 339.433240, 1.784658
161560.226, 339.547697, 1.705210
9104.572, 339.454008, 1.769996
2994.025, 339.507409, 1.734566
3605.358, 339.397284, 1.805871
7231.525, 339.481829, 1.749320
4192.167, 339.385698, 1.812884
103526.538, 339.405020, 1.796192
46125.718, 339.689755, 1.608618
4234.959, 339.422610, 1.786099
8515.009, 339.511420, 1.726515
3604.279, 339.388037, 1.807345
2967.029, 339.504725, 1.730478
4821.059, 339.446492, 1.768399
3549.602, 339.451276, 1.764134
10259.586, 339.421969, 1.782015
5468.547, 339.511947, 1.722891
13912.352, 339.418056, 1.784079
64092.899, 339.625814, 1.644507
8456.479, 339.400580, 1.794641
6641.663, 339.383326, 1.805825
7855.119, 339.411222, 1.785014
2982.994, 339.434395, 1.769348
6584.171, 339.380688, 1.803815
3681.839, 339.450414, 1.753116
3039.346, 339.520122, 1.706536
21088.859, 339.408094, 1.779879
3664.534, 339.400730, 1.784834
2988.358, 339.532561, 1.697149
3038.871, 339.501751, 1.717333
6065.735, 339.461071, 1.743828
14454.152, 339.390986, 1.789154
6577.430, 339.440951, 1.754211
5438.319, 339.432057, 1.759828
6143.677, 339.473937, 1.731580
4266.104, 339.379040, 1.793997
182942.859, 339.694977, 1.582036
13287.489, 339.613080, 1.636855
6085.217, 339.475056, 1.727618
4810.005, 339.405250, 1.773588
11543.382, 339.393911, 1.780826
3631.403, 339.386323, 1.785047
23643.450, 339.413022, 1.765567
13885.924, 339.373285, 1.788973
53379.148, 339.515647, 1.693121
4183.273, 339.439324, 1.744453
5014.201, 339.404840, 1.767087
7211.311, 339.385942, 1.778343
7210.481, 339.477951, 1.717268
3637.250, 339.375144, 1.783961
4818.044, 339.400580, 1.765915
4265.032, 339.391140, 1.771696
10977.513, 339.387654, 1.771421
6677.665, 339.375408, 1.779884
345212.833, 339.606033, 1.622106
80198.849, 339.438583, 1.734386
10845.657, 339.582143, 1.640986
4838.189, 339.414001, 1.752236
45733.390, 339.369281, 1.778790
4278.975, 339.484368, 1.704707
12131.204, 339.431894, 1.738567
6023.965, 339.582232, 1.638014
45187.489, 339.679176, 1.571537
4853.785, 339.471274, 1.709562
4896.293, 339.406124, 1.750401
7893.928, 339.381514, 1.766036
12791.917, 339.465870, 1.709703
3019.717, 339.375628, 1.769093
44220.495, 339.369235, 1.770661
112971.384, 339.513114, 1.674209
3657.401, 339.359907, 1.778604
9750.774, 339.451826, 1.714077
38421.707, 339.361162, 1.771817
4805.814, 339.422103, 1.731627
5461.904, 339.488246, 1.687903
5440.438, 339.432116, 1.724580
3616.078, 339.378039, 1.759954
13943.483, 339.410140, 1.737295
10831.071, 339.394221, 1.747958
4277.471, 339.632028, 1.589502
6767.928, 339.494185, 1.679072
9070.707, 339.409052, 1.731463
5394.681, 339.368054, 1.759297
6078.279, 339.362037, 1.763287
4806.991, 339.389927, 1.743004
3652.124, 339.665583, 1.561313
5501.798, 339.359268, 1.762871
82132.581, 339.417731, 1.718777
9624.982, 339.439693, 1.704776
3585.143, 339.603946, 1.595788
48743.919, 339.578385, 1.610671
143752.481, 339.521509, 1.645958
7293.971, 339.483211, 1.674863
10946.881, 339.361087, 1.754610
8540.519, 339.454847, 1.691259
32454.861, 339.350505, 1.757103
4898.293, 339.475678, 1.677233
6089.886, 339.386010, 1.736278
3640.901, 339.370592, 1.745241
4308.564, 339.415203, 1.714631
6075.084, 339.380399, 1.736902
4206.494, 339.389882, 1.727814
9031.956, 339.376706, 1.735058
16269.548, 339.382618, 1.730006
4212.063, 339.410834, 1.712321
3024.791, 339.392565, 1.723665
3649.597, 339.480502, 1.664436
314151.925, 339.401470, 1.710227
5403.266, 339.432305, 1.692876
77639.277, 339.413443, 1.702884
9679.149, 339.357874, 1.741433
12096.002, 339.421075, 1.696574
3664.374, 339.488084, 1.651898
5456.042, 339.386967, 1.717982
5409.956, 339.371027, 1.728743
27803.425, 339.342813, 1.746704
103359.254, 339.679316, 1.520433
19870.570, 339.502297, 1.638087
81491.444, 339.390991, 1.709552
4799.355, 339.382849, 1.717605
13264.170, 339.351122, 1.736214
3631.471, 339.487873, 1.645412
6007.348, 339.346883, 1.737993
7242.854, 339.531621, 1.614989
10338.698, 339.429445, 1.679976
3645.558, 339.575506, 1.583809
10303.174, 339.358549, 1.722589
3609.789, 339.334822, 1.738972
7289.578, 339.494097, 1.633006
19303.179, 339.333316, 1.736311
27049.094, 339.418107, 1.679430
9113.273, 339.540351, 1.598896
7901.076, 339.373359, 1.708462
5944.714, 339.484287, 1.634962
3011.572, 339.401355, 1.689365
3585.058, 339.392257, 1.695537
21694.882, 339.340776, 1.728050
46044.880, 339.661099, 1.514373
6090.610, 339.434694, 1.664427
74042.649, 339.415217, 1.674150
117415.612, 339.642385, 1.521869
10296.591, 339.500991, 1.617308
7889.457, 339.335960, 1.726242
12147.800, 339.410721, 1.675865
4299.568, 339.455116, 1.646262
39864.819, 339.355878, 1.707897
5441.418, 339.406479, 1.675661
12289.938, 339.601713, 1.546724
4811.023, 339.332959, 1.724050
5521.095, 339.453063, 1.644428
6633.788, 339.347893, 1.712638
3600.278, 339.381268, 1.688690
5395.957, 339.362387, 1.700756
3051.478, 339.531394, 1.589034
12681.619, 339.399162, 1.675403
7264.334, 339.339117, 1.714981
3627.477, 339.412534, 1.665953
3041.140, 339.580353, 1.554795
7271.816, 339.324794, 1.722554
12654.614, 339.350816, 1.704600
10783.352, 339.329380, 1.718310
2975.868, 339.347718, 1.706275
3632.144, 339.381340, 1.683257
3064.485, 339.610900, 1.531894
72208.535, 339.598710, 1.536696
15191.338, 339.490763, 1.609442
35018.486, 339.477808, 1.616846
7905.741, 339.353664, 1.699752
24151.801, 339.349712, 1.700747
16791.202, 339.334750, 1.710816
22939.067, 339.386972, 1.676004
6690.502, 339.330117, 1.714533
5992.415, 339.469600, 1.621676
10286.645, 339.371219, 1.685622
38397.957, 339.362892, 1.689007
3686.248, 339.607785, 1.528333
13332.554, 339.461033, 1.624327
36124.740, 339.338297, 1.702642
16321.896, 339.325421, 1.713127
5463.249, 339.506574, 1.593353
127426.393, 339.409979, 1.653150
5420.087, 339.386673, 1.670969
5494.512, 339.332348, 1.705671
3717.391, 339.463888, 1.619216
139594.945, 339.636305, 1.501362
6049.276, 339.377233, 1.675521
13913.684, 339.538565, 1.567028
9677.813, 339.443566, 1.630205
122872.312, 339.435930, 1.631757
9679.351, 339.339332, 1.698298
23176.061, 339.564470, 1.546786
3646.829, 339.457465, 1.617154
6068.016, 339.424632, 1.638359
25063.588, 339.529354, 1.566248
6101.384, 339.325578, 1.701181
3639.104, 339.478117, 1.601151
5520.914, 339.416495, 1.640567
3616.300, 339.402279, 1.648763
83072.962, 339.549587, 1.548543
4268.707, 339.449402, 1.617079
3005.481, 339.520355, 1.569270
17011.648, 339.355345, 1.674848
3655.623, 339.326040, 1.695880
5497.572, 339.329887, 1.692603
3636.389, 339.333486, 1.689658
4863.760, 339.345700, 1.680314
12719.930, 339.539660, 1.551795
13877.462, 339.310956, 1.702573
6108.788, 339.376541, 1.658586
3582.898, 339.364533, 1.666571
15225.226, 339.322925, 1.691846
4831.710, 339.509355, 1.569090
25226.803, 339.364742, 1.663090
4221.491, 339.442985, 1.612642
187954.350, 339.636870, 1.479343
3633.294, 339.444060, 1.610650
6053.378, 339.368333, 1.660506
3061.149, 339.565007, 1.529108
6079.962, 339.315066, 1.693318
18744.280, 339.347137, 1.669808
3016.055, 339.332419, 1.679871
4226.748, 339.420449, 1.620865
27268.734, 339.307899, 1.694594
6046.325, 339.478929, 1.581236
254706.152, 339.532177, 1.540754
169647.826, 339.629599, 1.474653
5445.091, 339.548191, 1.532809
4733.312, 339.336656, 1.672163
11488.260, 339.437505, 1.605032
3017.237, 339.398594, 1.631345
4821.478, 339.355071, 1.658425
11478.537, 339.342959, 1.666346
4846.397, 339.362268, 1.653573
6658.655, 339.319808, 1.681417
12102.356, 339.306625, 1.689170
6120.071, 339.561508, 1.520492
4304.155, 339.549097, 1.528065
6071.001, 339.464266, 1.583926
8448.561, 339.390646, 1.631337
10901.203, 339.353063, 1.655476
3038.514, 339.328621, 1.671539
13931.121, 339.322580, 1.674582
3080.796, 339.469752, 1.578134
5967.674, 339.428524, 1.604976
10962.866, 339.311658, 1.680787
9057.896, 339.391638, 1.627698
10271.457, 339.537865, 1.530965
7886.740, 339.381072, 1.633160
3070.177, 339.300647, 1.686257
3668.429, 339.314376, 1.676301
4253.504, 339.390433, 1.625086
32469.341, 339.318019, 1.671890
126247.857, 339.365297, 1.637929
3074.152, 339.347086, 1.652523
4290.822, 339.311291, 1.676184
4253.245, 339.587746, 1.491676
13424.843, 339.495454, 1.551957
57478.352, 339.488189, 1.555579
9635.128, 339.373988, 1.632144
22698.843, 339.326559, 1.660689
3008.824, 339.323035, 1.663977
93355.079, 339.318436, 1.664042
16288.976, 339.298496, 1.679081
6672.191, 339.388465, 1.619824
6093.550, 339.430620, 1.591412
10930.873, 339.423537, 1.595590
5426.520, 339.306018, 1.672855
3051.871, 339.462033, 1.570193
15654.638, 339.403847, 1.606137
7859.100, 339.355357, 1.638455
5440.191, 339.515228, 1.532032
3676.992, 339.415649, 1.596138
16300.559, 339.323258, 1.655765
3606.140, 339.486317, 1.548288
7865.681, 339.436904, 1.580150
7280.798, 339.335993, 1.646833
4230.394, 339.597737, 1.473664
12659.926, 339.340840, 1.641625
12697.796, 339.318547, 1.653600
6660.373, 339.308841, 1.659349
4919.745, 339.447959, 1.566269
3610.765, 339.426715, 1.580321
13230.101, 339.400962, 1.597025
12697.828, 339.391736, 1.602279
9122.635, 339.321207, 1.648203
3781.616, 339.539244, 1.505207
13236.329, 339.288011, 1.668380
7997.628, 339.523795, 1.513571
9626.378, 339.379039, 1.608816
25968.300, 339.304091, 1.657666
4842.646, 339.471784, 1.545792
27184.702, 339.336805, 1.632772
18006.349, 339.298791, 1.657989
3666.247, 339.425593, 1.573598
29585.132, 339.482719, 1.533712
72224.701, 339.624852, 1.438095
3070.536, 339.382186, 1.600878
131920.739, 339.282476, 1.661598
3041.334, 339.336541, 1.629428
5481.275, 339.539547, 1.494756
3637.510, 339.461250, 1.546147
35484.794, 339.361908, 1.610274
12657.375, 339.310993, 1.644057
5454.898, 339.326454, 1.634055
41931.498, 339.605650, 1.448043
5443.791, 339.318961, 1.638207
96271.194, 339.475519, 1.531059
5495.719, 339.351694, 1.615728
11422.138, 339.316326, 1.638715
22842.493, 339.332892, 1.625543
3560.905, 339.445391, 1.551031
9050.134, 339.306070, 1.641725
10264.000, 339.588992, 1.455032
6028.450, 339.366987, 1.601634
32260.133, 339.582875, 1.456780
7888.260, 339.379133, 1.591988
6094.105, 339.324646, 1.628016
2997.867, 339.290096, 1.650754
18039.164, 339.280045, 1.656019
11567.823, 339.354361, 1.607268
3590.406, 339.343216, 1.614982
19326.554, 339.336544, 1.618340
21755.647, 339.379144, 1.588304
26565.876, 339.285349, 1.649105
6134.121, 339.328728, 1.621194
9660.698, 339.398910, 1.574190
13926.034, 339.289000, 1.646697
10210.337, 339.325515, 1.621631
318128.906, 339.450147, 1.533488
19373.098, 339.355587, 1.600799
6678.507, 339.429345, 1.552774
14481.346, 339.319057, 1.624206
7297.743, 339.458559, 1.532255
6611.983, 339.324911, 1.618440
11428.405, 339.286599, 1.642256
4207.730, 339.308373, 1.628230
34863.697, 339.274077, 1.647762
35751.257, 339.458534, 1.526159
50574.284, 339.293084, 1.633674
37374.024, 339.286996, 1.637684
22946.170, 339.305707, 1.625755
10344.380, 339.282577, 1.641084
3031.311, 339.323617, 1.614063
18798.271, 339.297141, 1.630502
4187.566, 339.397607, 1.563804
8979.696, 339.407365, 1.556764
11550.971, 339.337278, 1.602079
3652.730, 339.300396, 1.626741
6660.109, 339.326574, 1.608662
7209.744, 339.347712, 1.593571
7835.678, 339.271297, 1.644014
23540.571, 339.618515, 1.414120
87200.994, 339.551573, 1.456194
11379.199, 339.376517, 1.573523
7189.039, 339.332286, 1.602361
6596.018, 339.294117, 1.627535
3682.843, 339.439262, 1.530537
4313.942, 339.423170, 1.541089
3624.928, 339.319076, 1.609470
6699.267, 339.460176, 1.515337
6722.950, 339.364735, 1.578349
59542.095, 339.276079, 1.633718
10353.751, 339.445808, 1.522664
150837.685, 339.289170, 1.622758
22272.960, 339.348938, 1.585387
5396.152, 339.310585, 1.612332
3566.333, 339.377234, 1.567725
5450.425, 339.303834, 1.615946
12044.143, 339.362212, 1.575359
15670.570, 339.368478, 1.570609
16909.964, 339.278967, 1.629502
7909.538, 339.396869, 1.552033
91221.632, 339.264221, 1.633520
4827.612, 339.433479, 1.526136
13261.529, 339.352567, 1.578627
91834.410, 339.322594, 1.596252
7934.715, 339.441151, 1.520589
8450.703, 339.294413, 1.615539
3006.280, 339.369735, 1.565412
5389.633, 339.362769, 1.569421
6112.616, 339.358934, 1.571832
3602.124, 339.279951, 1.624199
6140.720, 339.347506, 1.577005
7907.642, 339.268763, 1.628884
68685.145, 339.272636, 1.623454
3665.549, 339.325965, 1.589940
6102.306, 339.365904, 1.562909
44788.215, 339.282172, 1.615805
28940.811, 339.371141, 1.557359
20019.102, 339.310126, 1.597864
40501.970, 339.265389, 1.625993
10807.467, 339.363075, 1.562042
8471.119, 339.316644, 1.592410
7272.347, 339.397142, 1.538660
4813.028, 339.394170, 1.540018
9752.412, 339.340129, 1.575092
4861.595, 339.293053, 1.606509
3688.346, 339.332298, 1.580551
7863.159, 339.319867, 1.587791
7274.524, 339.303532, 1.597997
79721.829, 339.296188, 1.600459
5480.323, 339.449614, 1.501316
5955.273, 339.316270, 1.588123
12171.133, 339.279401, 1.611137
9014.650, 339.437663, 1.507370
4220.478, 339.290446, 1.604719
4852.286, 339.299386, 1.597489
6664.765, 339.307486, 1.591342
6688.202, 339.302223, 1.595035
4886.561, 339.286287, 1.605790
11488.919, 339.273310, 1.613160
9579.309, 339.291953, 1.600729
3026.612, 339.554563, 1.427708
12026.720, 339.389096, 1.535755
4877.307, 339.267818, 1.615779
5443.512, 339.258205, 1.621664
43928.776, 339.280957, 1.603525
4220.337, 339.399391, 1.527045
6101.865, 339.355678, 1.555573
25860.582, 339.268816, 1.611056
18108.247, 339.322749, 1.576009
4220.243, 339.290652, 1.597266
6049.326, 339.299069, 1.591132
45729.959, 339.259435, 1.613455
8506.146, 339.345636, 1.560156
4261.588, 339.273282, 1.607983
15197.071, 339.264342, 1.612792
3617.997, 339.536578, 1.433389
6634.896, 339.257914, 1.616816
14422.715, 339.306486, 1.582940
3658.993, 339.274001, 1.605486
20622.536, 339.301350, 1.585308
4225.557, 339.379679, 1.533835
4770.684, 339.319523, 1.573357
6671.436, 339.261971, 1.610891
4237.325, 339.425959, 1.502097
4796.716, 339.330380, 1.564419
20432.978, 339.294997, 1.587120
7308.937, 339.281984, 1.595799
29532.145, 339.266784, 1.605253
24742.925, 339.324797, 1.566638
16846.615, 339.273465, 1.599565
7851.456, 339.426666, 1.499101
3049.260, 339.453006, 1.481545
24676.175, 339.357625, 1.542961
3676.458, 339.354411, 1.546102
5984.817, 339.286952, 1.588856
54309.535, 339.260462, 1.604104
12677.520, 339.367890, 1.534067
7236.772, 339.299580, 1.579407
13926.761, 339.269078, 1.599263
32045.904, 339.248956, 1.610820
3658.094, 339.312815, 1.568754
10831.238, 339.300960, 1.576137
7329.380, 339.522150, 1.430315
15210.820, 339.252073, 1.607292
7221.045, 339.269866, 1.595188
5486.876, 339.288585, 1.582766
25279.949, 339.281333, 1.586390
94501.369, 339.389447, 1.511263
3062.916, 339.347792, 1.541652
29123.402, 339.253710, 1.601885
2978.779, 339.337073, 1.546716
3069.587, 339.245964, 1.606366
12143.103, 339.305238, 1.566298
13918.834, 339.273249, 1.587432
18050.751, 339.265477, 1.591591
12079.136, 339.318596, 1.555768
121128.220, 339.306586, 1.558827
34987.554, 339.269075, 1.586260
15032.969, 339.281260, 1.579002
6030.006, 339.273786, 1.583935
9149.069, 339.286149, 1.573693
5431.581, 339.436973, 1.474647
3057.904, 339.333019, 1.543122
9691.058, 339.257041, 1.592010
48643.727, 339.251362, 1.593891
55360.127, 339.315590, 1.551358
27094.919, 339.262592, 1.586852
153684.065, 339.242047, 1.596633
28417.299, 339.293700, 1.563432
3038.387, 339.266530, 1.582987
9650.842, 339.368676, 1.514328
3681.641, 339.331372, 1.539871
15148.849, 339.348269, 1.527402
39050.124, 339.336696, 1.534072
22937.132, 339.280291, 1.571721
36161.812, 339.558669, 1.387005
19327.375, 339.288061, 1.565514
18780.018, 339.281401, 1.568555
4223.553, 339.309101, 1.550586
3629.870, 339.263525, 1.580536
19944.292, 339.250866, 1.587470
3643.976, 339.296404, 1.557492
9645.247, 339.271586, 1.572697
139292.011, 339.389321, 1.490878
8484.779, 339.290052, 1.560706
24700.522, 339.256077, 1.581951
11538.659, 339.462068, 1.446392
3660.864, 339.452645, 1.453584
9657.278, 339.364965, 1.510641
9084.338, 339.550263, 1.388189
3630.581, 339.313014, 1.544654
12066.372, 339.279866, 1.565077
8497.295, 339.301171, 1.549720
3050.823, 339.434466, 1.461919
7967.919, 339.276607, 1.564399
20534.873, 339.239202, 1.589238
3030.324, 339.294442, 1.553082
24823.286, 339.257188, 1.576210
12803.106, 339.463165, 1.441011
10967.317, 339.281113, 1.560754
31354.595, 339.241048, 1.584824
13916.232, 339.252388, 1.578418
4283.847, 339.262464, 1.571388
6032.278, 339.283089, 1.556719
4913.606, 339.308099, 1.539445
3058.325, 339.252445, 1.575535
41539.786, 339.271056, 1.561640
11520.729, 339.245620, 1.579219
3689.989, 339.391270, 1.482873
16960.775, 339.256822, 1.568794
3029.759, 339.308356, 1.534760
23568.787, 339.251899, 1.570290
27687.595, 339.276801, 1.553862
4188.569, 339.409089, 1.467292
3668.044, 339.258002, 1.566507
31255.809, 339.237767, 1.578579
20394.590, 339.348021, 1.505474
6065.994, 339.344547, 1.508160
16800.348, 339.231091, 1.581530
14425.232, 339.376209, 1.486205
8446.890, 339.278907, 1.549160
13879.971, 339.263446, 1.559577
60249.415, 339.245955, 1.570041
4229.507, 339.294685, 1.539391
10850.873, 339.340079, 1.508326
10279.012, 339.259760, 1.561163
104333.323, 339.413240, 1.457305
8550.829, 339.308058, 1.528778
10916.158, 339.396866, 1.469564
18050.025, 339.334041, 1.510952
80862.636, 339.289115, 1.538250
8537.352, 339.266437, 1.553997
3651.060, 339.250697, 1.564763
3640.178, 339.324601, 1.514647
6648.984, 339.230992, 1.575410
4881.838, 339.370591, 1.483014
9073.554, 339.365238, 1.485954
18185.209, 339.311683, 1.520599
6013.994, 339.326398, 1.508810
12755.731, 339.307331, 1.521154
15038.624, 339.382552, 1.470990
54783.390, 339.235963, 1.566728
11561.015, 339.252383, 1.556118
12642.564, 339.283159, 1.535144
7202.714, 339.225872, 1.573289
5998.685, 339.370483, 1.477655
3008.960, 339.254676, 1.554462
62685.191, 339.274632, 1.537206
10911.496, 339.259203, 1.550509
4836.223, 339.418279, 1.445156
7884.058, 339.229252, 1.569418
3578.752, 339.446746, 1.426197
45766.182, 339.293535, 1.524333
3036.992, 339.280432, 1.534725
14395.357, 339.271849, 1.539921
4215.018, 339.286475, 1.529997
3660.995, 339.418972, 1.442152
6595.905, 339.320637, 1.506197
5407.988, 339.245609, 1.555591
20512.395, 339.267372, 1.539617
23353.502, 339.226879, 1.565162
5484.524, 339.412448, 1.443960
48047.692, 339.236872, 1.557416
13343.885, 339.298635, 1.516197
7268.513, 339.258108, 1.542956
53586.152, 339.499231, 1.381686
7879.547, 339.398283, 1.450522
7735.274, 339.241132, 1.553942
6012.086, 339.247003, 1.549556
6116.559, 339.219649, 1.566718
8434.367, 339.307718, 1.509338
21725.992, 339.270186, 1.533640
94490.741, 339.223400, 1.559086
4178.815, 339.455248, 1.410812
31274.360, 339.286358, 1.520312
7854.096, 339.327050, 1.494398
15712.348, 339.243179, 1.548880
3058.220, 339.230819, 1.558315
17583.167, 339.259075, 1.538139
8925.855, 339.262335, 1.535351
14407.472, 339.381766, 1.455226
156226.636, 339.263482, 1.529108
28286.081, 339.218865, 1.562778
8446.317, 339.451682, 1.409675
63178.033, 339.227886, 1.552680
8970.090, 339.275858, 1.524079
62607.986, 339.236438, 1.547586
151005.912, 339.443206, 1.407957
17573.751, 339.311863, 1.498652
10901.394, 339.258116, 1.534806
113926.638, 339.248895, 1.538075
4242.746, 339.366616, 1.462328
9695.409, 339.244045, 1.542345
168770.975, 339.510038, 1.362343
3667.535, 339.413679, 1.429886
4934.943, 339.317550, 1.492364
63065.784, 339.219854, 1.552883
22603.522, 339.483454, 1.380008
24086.254, 339.237768, 1.541774
7755.831, 339.542566, 1.341139
6070.656, 339.332714, 1.479520
3059.336, 339.345244, 1.470971
17585.971, 339.328391, 1.480325
16965.852, 339.270959, 1.517818
3065.648, 339.269359, 1.520515
6574.873, 339.231887, 1.544013
40138.348, 339.348990, 1.464710
3724.157, 339.401778, 1.430826
4211.210, 339.345118, 1.467379
16247.404, 339.342177, 1.468092
12665.104, 339.271539, 1.514208
58029.249, 339.264558, 1.515703
19228.592, 339.255552, 1.525051
7904.413, 339.323771, 1.480035
41018.996, 339.308664, 1.488766
6148.915, 339.293949, 1.499805
7854.320, 339.278113, 1.509827
36743.989, 339.224761, 1.544333
12722.778, 339.219565, 1.547764
31423.080, 339.210648, 1.551207
8496.862, 339.247674, 1.528762
16917.505, 339.231697, 1.538805
11431.212, 339.462608, 1.386503
28268.047, 339.238080, 1.532920
22141.944, 339.319179, 1.478907
18049.995, 339.273940, 1.509043
3678.943, 339.272717, 1.510546
6047.821, 339.335547, 1.468593
7168.577, 339.324027, 1.474950
24156.391, 339.222385, 1.540347
9625.085, 339.373536, 1.441201
201448.443, 339.216570, 1.538277
7265.196, 339.311850, 1.481146
3673.556, 339.417097, 1.411955
6680.240, 339.254493, 1.518548
3052.471, 339.244951, 1.524925
29480.619, 339.228017, 1.533956
10848.864, 339.268469, 1.508597
33538.458, 339.248261, 1.520033
5988.256, 339.366360, 1.443689
13877.923, 339.326977, 1.468512
3601.290, 339.231393, 1.532258
117376.892, 339.235781, 1.524868
7175.244, 339.258663, 1.512282
16865.253, 339.249936, 1.516873
9635.213, 339.243280, 1.521484
9020.189, 339.378494, 1.432659
3073.977, 339.299225, 1.485328
3651.623, 339.313061, 1.475693
4866.325, 339.267034, 1.505749
13820.859, 339.221592, 1.534697
4299.818, 339.424244, 1.401349
9076.621, 339.359501, 1.443507
12748.076, 339.349130, 1.450085
82796.874, 339.330950, 1.460422
6090.813, 339.317275, 1.471012
8470.897, 339.502807, 1.347041
11439.890, 339.296057, 1.483343
22280.084, 339.261885, 1.504628
5377.798, 339.206006, 1.540999
4266.716, 339.338937, 1.454020
8457.932, 339.289260, 1.486463
10277.780, 339.376216, 1.428221
9084.315, 339.371288, 1.429940
3049.026, 339.306307, 1.473107
24810.779, 339.278912, 1.490024
3005.006, 339.206991, 1.538258
12685.167, 339.363476, 1.433507
3084.174, 339.272446, 1.493499
7253.273, 339.245295, 1.510914
6648.826, 339.201850, 1.539381
3616.436, 339.228033, 1.522269
86619.281, 339.220436, 1.524125
3649.471, 339.379674, 1.420487
3666.023, 339.336875, 1.448657
4849.953, 339.269755, 1.492514
11481.667, 339.357650, 1.433683
4245.352, 339.369967, 1.425850
5404.532, 339.248785, 1.505378
7246.973, 339.243399, 1.508925
11471.684, 339.377423, 1.419074
4240.930, 339.290872, 1.476404
6686.315, 339.216022, 1.525620
7815.601, 339.213176, 1.527233
8449.106, 339.207231, 1.530399
7236.077, 339.350577, 1.436112
8975.899, 339.232822, 1.513459
10885.450, 339.200182, 1.535197
6010.866, 339.210058, 1.528262
93647.186, 339.414423, 1.390223
9106.645, 339.317073, 1.455618
14992.267, 339.239012, 1.507210
9157.608, 339.221465, 1.518905
6120.343, 339.434660, 1.378174
7849.828, 339.248131, 1.501012
7250.877, 339.393306, 1.405016
12701.244, 339.200903, 1.531666
3051.112, 339.308106, 1.460762
3002.115, 339.263844, 1.490296
78937.499, 339.491139, 1.337160
3672.236, 339.350158, 1.432201
11464.016, 339.216623, 1.519204
75453.232, 339.237285, 1.502640
5428.569, 339.210151, 1.523446
19203.946, 339.367076, 1.419200
6667.310, 339.259913, 1.490054
21757.251, 339.249902, 1.495471
3053.793, 339.218523, 1.517221
12080.631, 339.205267, 1.525194
5405.762, 339.241166, 1.501481
50613.336, 339.219476, 1.513423
7194.462, 339.350120, 1.428949
40210.049, 339.345796, 1.429017
13246.159, 339.293218, 1.466211
52038.021, 339.403298, 1.391686
3047.530, 339.310913, 1.454741
28418.992, 339.302028, 1.458073
34875.092, 339.288611, 1.465478
4300.444, 339.283590, 1.471532
3066.739, 339.254360, 1.490870
15675.191, 339.206673, 1.520987
2968.649, 339.390577, 1.400917
4284.030, 339.314714, 1.450549
241186.936, 339.228987, 1.499134
73095.542, 339.410585, 1.383651
6027.120, 339.385505, 1.403207
6099.093, 339.284085, 1.469552
57770.515, 339.212450, 1.511844
3618.219, 339.211723, 1.516822
28003.119, 339.306891, 1.452763
11450.707, 339.278890, 1.471743
6108.320, 339.311886, 1.449665
83590.739, 339.203382, 1.517651
12102.284, 339.425438, 1.372624
86547.439, 339.255712, 1.481815
30044.347, 339.196006, 1.523594
10924.091, 339.353239, 1.420296
6630.131, 339.317951, 1.443669
9679.399, 339.328885, 1.433415
21675.044, 339.235130, 1.493175
29805.136, 339.278834, 1.464374
18016.435, 339.272474, 1.468850
15007.159, 339.389778, 1.391229
3590.521, 339.509527, 1.313102
3682.196, 339.430643, 1.364952
6163.729, 339.411607, 1.377318
9151.775, 339.247921, 1.484607
36151.332, 339.191700, 1.520717
31987.315, 339.219368, 1.501346
3626.656, 339.214622, 1.506368
19921.097, 339.198032, 1.516591
44686.874, 339.239956, 1.485295
29514.721, 339.345499, 1.417473
11445.480, 339.280328, 1.460672
3587.772, 339.222397, 1.499005
76356.978, 339.336603, 1.420464
4283.819, 339.360004, 1.406806
225912.252, 339.200259, 1.503801
159517.398, 339.524147, 1.294436
9115.583, 339.443594, 1.350345
4216.190, 339.305797, 1.440832
3619.188, 339.188870, 1.517828
23540.151, 339.219737, 1.496215
5441.358, 339.310461, 1.436579
7790.490, 339.256145, 1.471199
3061.523, 339.241535, 1.480974
15080.014, 339.186438, 1.515816
14452.228, 339.231439, 1.485766
4835.852, 339.207752, 1.502119
5435.041, 339.215692, 1.496787
3756.381, 339.274421, 1.457560
2904.589, 339.401049, 1.373716
3618.222, 339.379159, 1.388214
4248.881, 339.217070, 1.494876
3629.273, 339.278473, 1.453897
24084.138, 339.209280, 1.497947
46969.332, 339.196310, 1.506885
15700.138, 339.250168, 1.471763
11528.800, 339.421292, 1.358079
6642.463, 339.293522, 1.442273
18075.757, 339.290256, 1.443925
6063.473, 339.252362, 1.469667
5476.827, 339.240808, 1.477049
96175.860, 339.188221, 1.508391
21155.854, 339.222036, 1.486380
21759.380, 339.356223, 1.397091
9011.701, 339.271939, 1.454830
6114.677, 339.372115, 1.388816
30780.061, 339.255957, 1.462606
4187.938, 339.237806, 1.476468
13846.544, 339.232774, 1.478721
3746.060, 339.218176, 1.489093
6069.924, 339.376112, 1.384855
28228.083, 339.303028, 1.429905
15659.671, 339.265735, 1.455754
15149.219, 339.449056, 1.334641
9770.773, 339.351793, 1.398238
8495.858, 339.240360, 1.470489
12133.611, 339.421834, 1.350719
10963.405, 339.337542, 1.406178
3040.348, 339.331864, 1.410483
10183.063, 339.276954, 1.445293
6639.092, 339.418672, 1.352562
19302.933, 339.260584, 1.455762
6680.617, 339.242599, 1.468586
11002.686, 339.208009, 1.490440
105114.786, 339.402440, 1.358916
3580.484, 339.309924, 1.423331
4864.844, 339.297583, 1.431506
2974.492, 339.184874, 1.505692
25923.913, 339.220695, 1.480023
10306.393, 339.323802, 1.412849
16331.296, 339.270933, 1.445788
15681.715, 339.192181, 1.498416
67315.333, 339.310249, 1.418403
3073.207, 339.290170, 1.434222
12711.678, 339.234581, 1.470437
11486.216, 339.336891, 1.402856
12747.183, 339.318633, 1.414568
7894.553, 339.253503, 1.457694
38552.189, 339.354613, 1.389676
28373.894, 339.243853, 1.462392
4768.981, 339.499475, 1.295010
30225.583, 339.266948, 1.446855
40350.504, 339.197069, 1.492568
18035.156, 339.330613, 1.403930
8491.447, 339.255332, 1.454727
19921.356, 339.187880, 1.498422
8624.293, 339.528159, 1.274937
11475.886, 339.262837, 1.448986
3694.096, 339.423369, 1.343673
5411.829, 339.296330, 1.427186
3073.070, 339.237124, 1.466153
22400.908, 339.203994, 1.487196
4815.845, 339.183021, 1.501775
6699.579, 339.230706, 1.469787
3587.311, 339.273081, 1.441842
6649.356, 339.226922, 1.472013
120020.661, 339.179676, 1.497463
7791.417, 339.260235, 1.449197
96346.107, 339.210535, 1.478303
6002.944, 339.238640, 1.462723
3690.806, 339.246410, 1.456899
3569.980, 339.322487, 1.406674
20518.897, 339.199239, 1.486351
3615.156, 339.290287, 1.426786
21743.519, 339.265259, 1.442105
5388.834, 339.251997, 1.451318
13253.670, 339.234452, 1.461599
12775.012, 339.193118, 1.489291
165495.094, 339.186617, 1.490006
7223.929, 339.516666, 1.275868
7228.951, 339.346315, 1.388052
35660.873, 339.243811, 1.454254
55339.103, 339.200187, 1.481388
4892.320, 339.343632, 1.389763
3648.624, 339.257270, 1.445939
19800.464, 339.223920, 1.466382
4835.409, 339.231013, 1.462736
12085.616, 339.214880, 1.472631
13970.029, 339.286719, 1.425006
169522.583, 339.251674, 1.439908
7931.572, 339.248244, 1.449966
38575.373, 339.193418, 1.483572
4236.247, 339.479472, 1.297429
10838.139, 339.282016, 1.427004
6060.991, 339.219797, 1.467836
88241.337, 339.232828, 1.453974
7368.885, 339.210776, 1.473335
27106.804, 339.316361, 1.401639
3681.859, 339.341390, 1.386935
4945.085, 339.330000, 1.394188
3035.187, 339.286388, 1.422480
6696.081, 339.272318, 1.431645
3040.159, 339.380784, 1.360069
118167.650, 339.308037, 1.402917
5398.696, 339.172781, 1.495405
4883.745, 339.297106, 1.413456
7266.766, 339.216009, 1.467156
22326.521, 339.180825, 1.489155
6047.016, 339.473490, 1.297297
13895.264, 339.206052, 1.472394
8445.481, 339.202448, 1.475122
10202.305, 339.267477, 1.431540
3546.710, 339.223548, 1.460654
3644.800, 339.348569, 1.378217
24840.629, 339.196292, 1.476923
3709.274, 339.174113, 1.492839
4880.647, 339.410257, 1.336571
17436.312, 339.240121, 1.448101
11523.718, 339.227648, 1.456680
25242.914, 339.373706, 1.357852
19372.778, 339.338683, 1.381695
3615.805, 339.211768, 1.466577
185584.244, 339.200479, 1.467129
70207.321, 339.487769, 1.282072
5401.322, 339.267887, 1.428627
7316.608, 339.217574, 1.461101
13869.706, 339.183345, 1.483199
33694.312, 339.406855, 1.334366
12724.664, 339.368182, 1.359945
3038.781, 339.285611, 1.415721
46455.596, 339.223100, 1.454156
4294.379, 339.259818, 1.432112
9157.755, 339.240172, 1.444220
7193.588, 339.335147, 1.381448
291462.555, 339.207821, 1.456628
120193.989, 339.178838, 1.477706
39736.970, 339.269770, 1.421708
65082.558, 339.171427, 1.486515
6699.542, 339.416710, 1.326562
6011.367, 339.322237, 1.388175
7346.584, 339.294686, 1.406634
4236.284, 339.227886, 1.450138
16923.771, 339.178103, 1.482452
21773.763, 339.369229, 1.356073
5434.757, 339.470144, 1.289934
29528.750, 339.310319, 1.393224
4290.316, 339.290926, 1.407799
36269.383, 339.248459, 1.433743
34355.395, 339.242990, 1.436988
4308.284, 339.273440, 1.418803
24067.739, 339.261789, 1.425447
14423.171, 339.254636, 1.430346
15170.151, 339.188906, 1.473061
5424.996, 339.408954, 1.328103
10308.569, 339.280904, 1.411872
10828.034, 339.191587, 1.471251
15901.817, 339.412754, 1.324132
13309.516, 339.349035, 1.367026
43463.405, 339.221201, 1.449153
12068.108, 339.331528, 1.376401
10880.462, 339.288197, 1.405591
19427.025, 339.236265, 1.437998
20671.338, 339.166649, 1.483667
6656.500, 339.424966, 1.314017
3042.086, 339.372504, 1.349077
11473.749, 339.360817, 1.355763
4804.004, 339.284241, 1.406807
3688.573, 339.291307, 1.401960
11493.872, 339.464215, 1.286844
12568.832, 339.260887, 1.420739
16437.889, 339.227203, 1.441604
3021.958, 339.349275, 1.361670
20518.286, 339.269390, 1.412893
30000.213, 339.212700, 1.449885
5468.128, 339.190122, 1.466401
13304.264, 339.302614, 1.390856
5445.040, 339.345310, 1.363248
3092.527, 339.325479, 1.376138
6577.286, 339.183908, 1.469335
26621.299, 339.179096, 1.471799
4908.404, 339.319332, 1.379853
10299.490, 339.276306, 1.407749
25910.631, 339.229592, 1.437874
10841.730, 339.197412, 1.458863
5430.336, 339.375067, 1.341666
6670.733, 339.215680, 1.446990
9598.867, 339.194154, 1.460844
4851.380, 339.246424, 1.426201
18746.307, 339.183664, 1.466099
67569.190, 339.188025, 1.458576
4934.035, 339.346205, 1.359677
7895.766, 339.331927, 1.368584
3639.811, 339.280298, 1.403144
4832.330, 339.217000, 1.444555
22327.837, 339.174256, 1.471289
27157.747, 339.320670, 1.374536
11382.325, 339.289563, 1.395807
7905.206, 339.252625, 1.420690
27086.154, 339.178953, 1.466833
76186.001, 339.208351, 1.445591
27851.844, 339.309150, 1.380572
3644.559, 339.261202, 1.414210
6723.502, 339.258659, 1.415637
5410.626, 339.235260, 1.430615
41548.752, 339.384264, 1.330607
6034.099, 339.245516, 1.423368
5381.980, 339.232191, 1.431912
20977.157, 339.162240, 1.476489
245927.365, 339.215885, 1.434717
6728.353, 339.268412, 1.407037
50590.476, 339.290131, 1.388916
5483.450, 339.289095, 1.392877
43422.998, 339.263823, 1.406925
102779.343, 339.236626, 1.420766
27135.257, 339.173081, 1.467983
19294.532, 339.179391, 1.462129
6603.780, 339.368259, 1.337983
4925.357, 339.242851, 1.421080
7876.144, 339.218388, 1.437048
42211.568, 339.168010, 1.468636
3652.506, 339.441230, 1.290339
155579.302, 339.187705, 1.451317
9051.364, 339.285167, 1.392008
7303.537, 339.227631, 1.429824
41564.179, 339.160860, 1.472591
4912.710, 339.294843, 1.385008
3658.286, 339.393782, 1.319257
36716.186, 339.242850, 1.416435
19941.063, 339.231567, 1.425123
22870.265, 339.180978, 1.457687
6058.158, 339.298192, 1.381644
8496.208, 339.264222, 1.403950
49282.282, 339.195763, 1.446577
68238.033, 339.201302, 1.441056
5564.662, 339.508420, 1.241977
5464.105, 339.328210, 1.360994
7968.081, 339.302427, 1.377383
5510.452, 339.315483, 1.368864
3675.611, 339.312268, 1.370897
40503.897, 339.321051, 1.363303
10263.097, 339.307081, 1.373607
6065.392, 339.284928, 1.388329
8490.295, 339.248532, 1.412245
35035.667, 339.275707, 1.392123
25820.459, 339.223789, 1.426693
4303.544, 339.379868, 1.325216
12714.355, 339.356752, 1.339623
2980.296, 339.329627, 1.358166
3047.609, 339.360875, 1.336901
36750.285, 339.160009, 1.467003
4910.809, 339.430179, 1.290827
3647.256, 339.416245, 1.299567
28348.263, 339.257967, 1.402266
15653.600, 339.172205, 1.458945
3072.233, 339.252616, 1.406666
4840.819, 339.228064, 1.423030
9017.370, 339.357939, 1.336745
13139.666, 339.208084, 1.434987
8455.926, 339.177702, 1.455110
5441.704, 339.433152, 1.286890
36834.693, 339.278268, 1.387571
12633.990, 339.230109, 1.419491
8421.788, 339.468711, 1.262723
7784.894, 339.284288, 1.384034
6680.275, 339.189779, 1.446546
