# Source Fluxes and Coordinates
# Flux (e-/s), RA (deg), Dec (deg)
71524.220, 339.389337, 1.828332
4418.085, 339.421478, 1.807255
80321.960, 339.446803, 1.786835
8618.899, 339.428280, 1.800301
2685.619, 339.471963, 1.770566
9135.231, 339.421027, 1.802225
50232.148, 339.387485, 1.820868
31192.950, 339.392205, 1.818588
4304.132, 339.503976, 1.746174
16128.318, 339.383177, 1.824887
8110.637, 339.459548, 1.774480
3289.552, 339.409918, 1.807433
10787.717, 339.437518, 1.788880
7482.810, 339.406647, 1.808853
2613.313, 339.410857, 1.805444
10771.293, 339.563838, 1.702496
8083.119, 339.401584, 1.809948
67188.042, 339.634585, 1.653617
3314.450, 339.453748, 1.775169
13975.258, 339.440125, 1.783358
12269.020, 339.430937, 1.789512
30037.133, 339.412334, 1.799596
9749.304, 339.381845, 1.821047
12845.783, 339.483531, 1.752457
4828.129, 339.511110, 1.734775
5345.086, 339.521097, 1.727765
145877.012, 339.547845, 1.705511
10247.637, 339.382618, 1.816789
7073.186, 339.509481, 1.731801
4880.496, 339.389020, 1.811716
7465.223, 339.436039, 1.779253
119037.627, 339.405487, 1.795845
11908.524, 339.393510, 1.807293
4876.275, 339.469786, 1.756860
5390.369, 339.379150, 1.816692
5927.684, 339.447035, 1.769899
2706.996, 339.421429, 1.786917
11445.603, 339.414348, 1.791588
5879.042, 339.397536, 1.803047
4351.572, 339.579025, 1.682713
5933.060, 339.389613, 1.807342
5466.732, 339.718871, 1.590017
7052.958, 339.582532, 1.677203
26315.067, 339.389617, 1.802560
16654.787, 339.411746, 1.788307
5422.315, 339.395340, 1.800116
68834.601, 339.625793, 1.644580
6457.078, 339.577680, 1.678692
10279.774, 339.384288, 1.805512
4298.634, 339.459902, 1.753865
4336.654, 339.391995, 1.798973
16612.630, 339.410674, 1.784081
19945.780, 339.385133, 1.801636
7035.510, 339.378906, 1.805754
14061.461, 339.466537, 1.745941
43235.879, 339.413222, 1.780257
6512.930, 339.455233, 1.752913
5864.404, 339.429956, 1.769538
22008.921, 339.490780, 1.727709
19922.044, 339.397618, 1.788366
30081.396, 339.384931, 1.797622
20819.627, 339.380407, 1.800108
12939.986, 339.652658, 1.619840
2773.316, 339.407365, 1.783259
2760.074, 339.516255, 1.710552
68250.812, 339.373640, 1.800181
3225.881, 339.609376, 1.648332
7508.856, 339.475737, 1.736110
4311.786, 339.401691, 1.784724
3791.293, 339.583467, 1.664053
6501.248, 339.415740, 1.774594
3740.988, 339.474722, 1.734184
44158.399, 339.515038, 1.704612
2694.709, 339.423649, 1.766912
18279.476, 339.410035, 1.774215
3837.991, 339.452662, 1.746755
8105.447, 339.401834, 1.779905
9087.663, 339.398704, 1.781904
4234.095, 339.507177, 1.709279
13978.472, 339.385076, 1.789798
162873.728, 339.695107, 1.582308
93140.255, 339.376687, 1.792402
124234.058, 339.366578, 1.794536
12396.795, 339.613274, 1.635083
10719.103, 339.486119, 1.718962
9680.080, 339.432174, 1.754528
2760.022, 339.609082, 1.637862
5301.791, 339.522658, 1.694323
8568.689, 339.514983, 1.698671
22987.197, 339.402099, 1.771661
15631.243, 339.420344, 1.759293
7467.344, 339.391443, 1.778240
4859.366, 339.473382, 1.721620
41587.158, 339.678376, 1.582887
3829.299, 339.517659, 1.690257
19256.558, 339.383465, 1.778075
8663.685, 339.403346, 1.764858
8067.410, 339.407208, 1.760717
7017.471, 339.416402, 1.753963
3277.686, 339.503728, 1.696353
4297.255, 339.466831, 1.720535
16767.147, 339.463234, 1.722029
7029.864, 339.590409, 1.637777
5927.740, 339.447990, 1.732098
329176.101, 339.606056, 1.622261
5953.668, 339.384254, 1.774071
8035.111, 339.410586, 1.755465
10765.232, 339.477642, 1.710571
71884.940, 339.439052, 1.734641
38735.592, 339.582498, 1.640057
14482.178, 339.370423, 1.780973
4327.184, 339.412825, 1.752406
5939.349, 339.357415, 1.787652
4855.709, 339.416260, 1.748940
5995.675, 339.408060, 1.753326
2726.279, 339.621193, 1.612060
2673.870, 339.508128, 1.686342
11863.836, 339.474654, 1.706884
18856.975, 339.363963, 1.779646
17162.116, 339.571113, 1.642352
18240.845, 339.660571, 1.581434
3247.696, 339.423825, 1.738909
5338.825, 339.468007, 1.708430
14557.868, 339.364696, 1.775153
94310.015, 339.513312, 1.674010
10858.868, 339.408715, 1.746032
17288.540, 339.397615, 1.751363
6476.381, 339.572386, 1.636328
41561.338, 339.368752, 1.769661
8162.556, 339.530954, 1.662377
5399.402, 339.428197, 1.730002
15592.786, 339.451271, 1.714109
22504.656, 339.402447, 1.745049
13954.466, 339.558050, 1.640029
2653.386, 339.360935, 1.771920
15059.934, 339.537062, 1.653199
7550.391, 339.414632, 1.733921
40116.942, 339.363348, 1.766034
3715.771, 339.411790, 1.735917
7516.034, 339.374889, 1.759368
7540.904, 339.694253, 1.548496
3217.751, 339.388252, 1.750881
2720.624, 339.426200, 1.725692
13467.197, 339.354540, 1.772035
2693.348, 339.370311, 1.762127
2765.325, 339.417564, 1.729504
44486.109, 339.521465, 1.658361
8087.349, 339.423800, 1.723821
2715.835, 339.602591, 1.606205
13506.622, 339.382589, 1.750234
5444.786, 339.469585, 1.692503
6957.131, 339.454545, 1.702114
10202.676, 339.400129, 1.738087
18787.662, 339.407605, 1.731590
29480.810, 339.354348, 1.765104
5389.093, 339.655320, 1.567776
6469.666, 339.395094, 1.738808
3236.168, 339.485850, 1.677545
92717.814, 339.417530, 1.718397
3767.115, 339.535000, 1.642754
2742.219, 339.393412, 1.736507
49213.779, 339.579252, 1.611109
31670.555, 339.604310, 1.594575
26356.957, 339.370966, 1.747023
3236.900, 339.352793, 1.762027
125075.746, 339.521439, 1.646128
13952.832, 339.362171, 1.753954
16575.774, 339.366759, 1.749496
7550.686, 339.532987, 1.638426
4326.467, 339.399212, 1.726235
34340.557, 339.385438, 1.731686
7591.756, 339.345871, 1.761374
9652.953, 339.354078, 1.755157
13986.390, 339.462056, 1.682306
5400.316, 339.566375, 1.613355
15545.468, 339.342655, 1.759691
12303.323, 339.428263, 1.702879
4297.553, 339.369661, 1.742264
2685.613, 339.471115, 1.674918
12834.752, 339.562832, 1.611615
15838.553, 339.584174, 1.596042
8153.966, 339.496692, 1.653550
285631.447, 339.401665, 1.710565
3290.881, 339.391446, 1.723550
3251.604, 339.374541, 1.733635
3248.269, 339.596562, 1.586498
4871.014, 339.426596, 1.698242
5935.525, 339.348490, 1.749181
14481.913, 339.455823, 1.677243
5947.485, 339.554004, 1.612604
19404.784, 339.338292, 1.754146
66894.945, 339.413082, 1.703012
24779.760, 339.364773, 1.734711
4376.518, 339.356933, 1.742219
5929.828, 339.418353, 1.700023
4356.497, 339.342764, 1.750280
3345.019, 339.586051, 1.587784
16700.455, 339.563418, 1.599980
18282.121, 339.367567, 1.729351
3824.936, 339.352329, 1.740982
9747.422, 339.466771, 1.663824
10281.892, 339.348540, 1.741061
85542.369, 339.679416, 1.520616
22027.190, 339.358510, 1.734451
10271.776, 339.345283, 1.743347
118437.971, 339.391010, 1.709314
24556.342, 339.437350, 1.679943
18261.139, 339.335361, 1.748259
18471.115, 339.362730, 1.729381
8595.917, 339.493902, 1.642937
5449.342, 339.423018, 1.688607
2749.057, 339.398723, 1.704903
6495.442, 339.508246, 1.631347
2693.395, 339.584101, 1.580762
11817.632, 339.365330, 1.724305
2661.441, 339.375957, 1.717462
93461.666, 339.329719, 1.740523
7035.957, 339.424809, 1.684136
31662.264, 339.354314, 1.728101
15643.631, 339.401646, 1.698518
3795.845, 339.334008, 1.743493
11759.144, 339.441787, 1.670710
3246.603, 339.393716, 1.703863
3770.302, 339.606506, 1.562249
10226.336, 339.350173, 1.730158
4369.017, 339.376918, 1.712265
16166.656, 339.341197, 1.734419
4305.584, 339.379174, 1.709276
29598.634, 339.369052, 1.713607
10197.957, 339.581101, 1.574216
16711.391, 339.471489, 1.646559
3788.254, 339.444061, 1.665367
18311.120, 339.344903, 1.729974
6423.435, 339.531137, 1.607158
4274.244, 339.517264, 1.615857
5497.673, 339.365813, 1.715894
6511.045, 339.361524, 1.717879
42538.027, 339.538507, 1.599548
14579.073, 339.373934, 1.707660
21966.929, 339.351660, 1.722260
10247.271, 339.601086, 1.558444
5915.797, 339.473717, 1.642498
18850.496, 339.443748, 1.661323
4322.662, 339.400130, 1.691257
8617.485, 339.408263, 1.685140
3824.954, 339.495382, 1.626794
16668.339, 339.448265, 1.657221
54660.555, 339.660731, 1.514508
5908.473, 339.521670, 1.608593
11794.689, 339.499176, 1.621481
67213.387, 339.415494, 1.674338
3250.452, 339.325284, 1.736420
3828.023, 339.458196, 1.647361
98696.312, 339.642192, 1.521983
7531.341, 339.384845, 1.694200
9109.375, 339.350505, 1.715528
3840.519, 339.328513, 1.731186
3270.259, 339.528687, 1.598488
5865.843, 339.485139, 1.626500
8529.707, 339.372597, 1.700960
6468.914, 339.390506, 1.688142
11853.017, 339.355010, 1.711437
29227.938, 339.537652, 1.589158
11284.844, 339.386778, 1.689570
25673.803, 339.489576, 1.621079
30638.201, 339.476941, 1.628125
4819.550, 339.398895, 1.681183
12401.117, 339.358079, 1.708035
2735.949, 339.346398, 1.715978
4306.314, 339.594348, 1.551267
10156.208, 339.350299, 1.712016
25218.014, 339.329175, 1.724625
3787.578, 339.394288, 1.681744
4322.121, 339.383037, 1.688738
7451.685, 339.378190, 1.691562
9171.973, 339.573863, 1.561609
4784.151, 339.454288, 1.640778
5946.935, 339.491095, 1.616274
25326.148, 339.352696, 1.706193
12965.147, 339.362286, 1.700123
6953.118, 339.446728, 1.643360
23106.668, 339.332331, 1.717520
9709.282, 339.567731, 1.561339
5951.500, 339.405511, 1.667475
3845.990, 339.499355, 1.605044
3255.478, 339.451681, 1.636368
4344.067, 339.412704, 1.662046
67661.613, 339.598456, 1.536496
5935.881, 339.545226, 1.573916
8111.775, 339.506567, 1.599337
6434.081, 339.461604, 1.628981
4819.385, 339.349063, 1.702722
3243.565, 339.336207, 1.711410
8627.726, 339.354144, 1.698127
3809.571, 339.409872, 1.661619
3242.649, 339.652322, 1.501312
7602.798, 339.519228, 1.587769
5388.787, 339.498831, 1.600517
7621.897, 339.430685, 1.645496
12406.930, 339.338730, 1.705769
3777.705, 339.372396, 1.683263
5963.556, 339.315675, 1.719983
10820.544, 339.545370, 1.567048
143912.557, 339.409786, 1.653189
22389.248, 339.528420, 1.577267
10683.071, 339.494997, 1.598707
11215.890, 339.459887, 1.621508
9104.827, 339.435017, 1.638378
5976.475, 339.349600, 1.694659
10797.041, 339.539286, 1.568390
4244.204, 339.499229, 1.595523
119237.897, 339.635954, 1.501436
4882.625, 339.541829, 1.566873
3834.571, 339.376931, 1.675274
11372.791, 339.317478, 1.714371
37660.677, 339.311338, 1.716064
97971.777, 339.435710, 1.631871
3214.712, 339.352071, 1.690302
12396.425, 339.343771, 1.694367
2711.954, 339.544774, 1.561898
6509.456, 339.368445, 1.677658
10236.818, 339.319397, 1.708981
8111.732, 339.643624, 1.495578
3223.602, 339.431327, 1.635945
8020.406, 339.425163, 1.639505
15552.023, 339.360072, 1.681033
11786.146, 339.395082, 1.657207
7587.793, 339.461399, 1.612593
9198.367, 339.414034, 1.643801
4315.414, 339.420143, 1.638825
3794.321, 339.321390, 1.704021
23614.878, 339.316986, 1.704749
2721.293, 339.610820, 1.511679
71221.704, 339.549512, 1.548532
10181.701, 339.311512, 1.708489
7566.624, 339.417853, 1.637537
7063.047, 339.334921, 1.692395
4817.099, 339.501209, 1.582204
3771.193, 339.395867, 1.650960
15111.620, 339.413786, 1.637451
5404.701, 339.318125, 1.701200
13463.625, 339.364627, 1.669424
25355.298, 339.306607, 1.704286
11958.610, 339.450340, 1.609547
6433.652, 339.461362, 1.602919
16614.813, 339.345477, 1.677298
3199.694, 339.304380, 1.706564
8076.575, 339.446709, 1.611431
6972.090, 339.328253, 1.689599
3765.826, 339.332399, 1.686776
24102.582, 339.314995, 1.697175
3235.010, 339.651807, 1.475439
2766.775, 339.352435, 1.673235
5394.930, 339.473924, 1.592057
18767.538, 339.453458, 1.604847
4942.607, 339.431552, 1.620339
4863.439, 339.402806, 1.638599
152310.031, 339.636570, 1.479410
10755.396, 339.512796, 1.564371
4896.304, 339.406306, 1.635177
3773.550, 339.490920, 1.578604
24156.079, 339.301295, 1.702056
5915.263, 339.364996, 1.660764
4875.512, 339.310126, 1.697525
17089.995, 339.304383, 1.699443
3221.220, 339.346814, 1.672946
16120.894, 339.553055, 1.533726
18291.497, 339.354759, 1.664566
16610.249, 339.321007, 1.686908
3850.797, 339.412160, 1.627181
9101.844, 339.389914, 1.640753
8568.799, 339.313317, 1.691342
4319.997, 339.458652, 1.595666
8714.918, 339.421553, 1.619605
4836.323, 339.531075, 1.546806
13567.944, 339.343978, 1.669213
3239.527, 339.324937, 1.682507
216266.711, 339.531807, 1.541003
5951.959, 339.394269, 1.635390
149533.461, 339.629556, 1.474723
10784.002, 339.409668, 1.624149
38573.675, 339.327141, 1.675673
36379.319, 339.639297, 1.470385
3821.413, 339.384300, 1.639252
5942.523, 339.463358, 1.585838
2722.090, 339.368112, 1.649032
10808.411, 339.306381, 1.688776
43059.915, 339.487183, 1.567416
28423.622, 339.539629, 1.531628
4866.084, 339.375598, 1.640357
4815.653, 339.335488, 1.666649
8043.681, 339.470950, 1.576545
2713.173, 339.362610, 1.647792
12358.959, 339.384722, 1.630902
16761.032, 339.356671, 1.648970
2705.954, 339.319922, 1.674219
5376.634, 339.307235, 1.682453
4866.270, 339.332232, 1.664327
13448.623, 339.297846, 1.685949
117146.962, 339.366452, 1.637865
2682.118, 339.514878, 1.542678
14531.146, 339.430098, 1.597423
9649.896, 339.414188, 1.606766
94446.420, 339.318483, 1.664557
17724.417, 339.304839, 1.678781
10699.219, 339.323851, 1.665270
11754.392, 339.405136, 1.610792
6982.735, 339.556942, 1.510042
5393.218, 339.358181, 1.641761
3287.324, 339.330769, 1.659550
70771.269, 339.325738, 1.659925
3806.561, 339.294617, 1.682879
7028.586, 339.342978, 1.650297
12872.664, 339.310373, 1.670258
18215.030, 339.338902, 1.650013
3228.200, 339.426050, 1.593032
15055.028, 339.300093, 1.675053
11811.243, 339.312280, 1.666107
3241.059, 339.411684, 1.600291
26768.530, 339.293321, 1.675832
5876.989, 339.321052, 1.659247
9243.414, 339.389682, 1.612644
9750.608, 339.289577, 1.678857
8089.788, 339.442322, 1.576795
5413.887, 339.348338, 1.637398
2675.180, 339.336985, 1.645012
7038.301, 339.314624, 1.659268
5950.665, 339.395878, 1.604640
18287.669, 339.339651, 1.640830
2631.533, 339.310675, 1.660509
30184.510, 339.305716, 1.660918
4889.383, 339.294445, 1.670595
25247.955, 339.351037, 1.631418
23614.319, 339.311114, 1.656091
2708.411, 339.303052, 1.664057
14479.853, 339.455859, 1.560498
11919.832, 339.326756, 1.646095
11296.534, 339.437076, 1.572455
5391.404, 339.299619, 1.663141
3785.369, 339.463429, 1.555067
56932.695, 339.358416, 1.620760
44907.164, 339.604671, 1.459283
2712.221, 339.384080, 1.606427
4824.085, 339.317165, 1.650316
14057.486, 339.294598, 1.664210
5961.538, 339.409068, 1.588721
5873.904, 339.399666, 1.594764
4325.921, 339.373760, 1.611638
10870.847, 339.350219, 1.626570
3793.334, 339.371435, 1.612675
10414.802, 339.281039, 1.671358
2687.500, 339.327447, 1.640664
10753.825, 339.284872, 1.668038
6494.248, 339.329611, 1.638079
2695.844, 339.297803, 1.658956
19359.549, 339.384360, 1.599554
4316.933, 339.322520, 1.641454
33783.210, 339.581830, 1.467837
11789.666, 339.302048, 1.653450
9124.569, 339.556002, 1.485334
60872.842, 339.482476, 1.532735
65270.441, 339.624906, 1.437931
242555.299, 339.280786, 1.661985
7504.719, 339.426830, 1.569236
7513.379, 339.333367, 1.630514
4837.307, 339.537032, 1.495966
23431.669, 339.452415, 1.550778
3286.697, 339.328851, 1.633270
49366.300, 339.317411, 1.635964
9685.298, 339.312893, 1.643651
95996.273, 339.287449, 1.654055
5397.583, 339.446088, 1.555309
10815.174, 339.345993, 1.621226
22046.764, 339.295363, 1.653599
3803.734, 339.462476, 1.543596
9216.676, 339.398933, 1.585058
62230.463, 339.475565, 1.531396
19649.274, 339.458172, 1.545197
8551.322, 339.421780, 1.569475
15604.681, 339.323076, 1.634673
16645.258, 339.303000, 1.647209
10824.514, 339.340665, 1.622350
5388.819, 339.404276, 1.579277
8682.123, 339.433132, 1.559804
20935.306, 339.378215, 1.594519
10851.013, 339.589547, 1.455671
18291.801, 339.333650, 1.624018
5365.188, 339.623282, 1.432492
7527.029, 339.303519, 1.642875
2675.965, 339.373847, 1.596049
7034.453, 339.323139, 1.629541
7557.587, 339.422589, 1.563028
3263.481, 339.351860, 1.609933
9170.539, 339.342008, 1.615108
4344.482, 339.506343, 1.506070
19612.276, 339.457229, 1.537674
3247.985, 339.296706, 1.644397
8069.236, 339.375592, 1.591415
47306.896, 339.378362, 1.587191
6416.822, 339.304956, 1.637488
2683.511, 339.484699, 1.518384
2719.369, 339.274522, 1.657025
306786.757, 339.449614, 1.533660
60506.967, 339.293234, 1.640486
22978.958, 339.406198, 1.566538
3720.218, 339.326815, 1.618771
25401.164, 339.617608, 1.425353
3282.250, 339.289604, 1.642947
5881.176, 339.277475, 1.650611
3853.472, 339.308060, 1.630305
3791.866, 339.304087, 1.632791
20401.028, 339.300100, 1.632978
10733.115, 339.272596, 1.651846
8083.659, 339.443637, 1.539145
7058.563, 339.433211, 1.545177
12406.887, 339.378658, 1.580524
3783.826, 339.500989, 1.500418
14616.147, 339.372792, 1.584337
22481.358, 339.308617, 1.626071
5874.601, 339.284359, 1.642393
3269.152, 339.484470, 1.509675
5942.146, 339.339103, 1.605433
20908.894, 339.274723, 1.645046
9637.171, 339.326750, 1.611996
18271.628, 339.404032, 1.560464
43308.479, 339.287045, 1.635510
18181.171, 339.352107, 1.593725
2649.688, 339.355755, 1.591568
13936.806, 339.306418, 1.623125
12855.975, 339.293065, 1.631527
2685.936, 339.276515, 1.643151
14518.355, 339.391337, 1.564848
86751.632, 339.551622, 1.456665
3340.582, 339.497006, 1.496005
10224.230, 339.435469, 1.536504
10175.768, 339.342195, 1.597297
29642.093, 339.327814, 1.605359
4867.134, 339.284122, 1.636361
32724.931, 339.268123, 1.644025
6976.532, 339.299547, 1.625528
15018.491, 339.362571, 1.582829
3224.946, 339.295961, 1.627441
3790.882, 339.318105, 1.612562
15575.602, 339.271730, 1.641371
3217.438, 339.306662, 1.618394
13870.993, 339.281567, 1.633509
6483.897, 339.319436, 1.608654
2672.288, 339.289783, 1.627202
3270.269, 339.355807, 1.582753
5277.566, 339.378924, 1.566504
5852.558, 339.312136, 1.610763
65870.332, 339.271826, 1.635293
4282.326, 339.404938, 1.549283
11895.931, 339.286186, 1.627334
6379.946, 339.347920, 1.586062
19267.262, 339.336244, 1.593400
3826.042, 339.303890, 1.615482
90666.235, 339.290109, 1.621396
16162.929, 339.300201, 1.615917
40877.177, 339.402805, 1.546145
157005.222, 339.262986, 1.635082
3301.468, 339.327880, 1.597394
5409.189, 339.320105, 1.602174
3245.718, 339.370170, 1.568705
8472.049, 339.310518, 1.606878
89586.627, 339.321465, 1.595101
7087.657, 339.259977, 1.639317
10783.228, 339.333060, 1.590359
17151.518, 339.345203, 1.581528
27825.895, 339.315139, 1.600793
51272.692, 339.295726, 1.612357
6436.905, 339.337762, 1.585815
5459.398, 339.502218, 1.476655
4857.057, 339.257820, 1.636988
5922.852, 339.298489, 1.610054
2725.657, 339.549337, 1.444195
2713.361, 339.271703, 1.626215
6042.749, 339.431026, 1.520590
3784.894, 339.427894, 1.522124
3258.522, 339.434962, 1.515712
8057.159, 339.426267, 1.520274
16115.949, 339.266702, 1.625219
24231.500, 339.340645, 1.574687
2688.114, 339.337540, 1.578611
6377.998, 339.308716, 1.595859
10245.387, 339.282966, 1.613655
15083.614, 339.259047, 1.628350
4277.954, 339.279680, 1.615495
9561.586, 339.312224, 1.592887
38697.550, 339.270113, 1.616761
16569.354, 339.301902, 1.597528
14616.210, 339.334656, 1.575775
4311.119, 339.319186, 1.585708
12396.731, 339.293811, 1.601021
26296.311, 339.283396, 1.607416
4810.308, 339.262366, 1.622850
16055.801, 339.263892, 1.618227
7507.064, 339.327074, 1.576611
13453.002, 339.315798, 1.584005
3714.786, 339.300278, 1.594827
3278.672, 339.409802, 1.522193
3198.225, 339.348426, 1.562153
7519.747, 339.260892, 1.619019
13510.881, 339.365490, 1.548963
6402.142, 339.310775, 1.585164
14558.099, 339.272327, 1.609853
10204.155, 339.283554, 1.602275
51121.720, 339.249526, 1.621725
15540.671, 339.344306, 1.561357
4821.471, 339.304784, 1.588062
6505.819, 339.289107, 1.598197
19272.158, 339.256742, 1.619219
5895.882, 339.325884, 1.572924
5906.196, 339.436012, 1.500105
48226.387, 339.277887, 1.599849
10730.967, 339.347027, 1.557847
10893.225, 339.263596, 1.611702
8600.439, 339.385289, 1.532572
15595.507, 339.315187, 1.578315
7002.971, 339.285528, 1.598394
8595.974, 339.440942, 1.494900
12888.473, 339.357706, 1.550315
36999.261, 339.258642, 1.613911
3792.806, 339.434454, 1.498582
11350.068, 339.305380, 1.582696
13912.771, 339.254071, 1.617056
8066.871, 339.367114, 1.540973
7600.735, 339.273841, 1.602811
11410.668, 339.270787, 1.603301
10700.965, 339.246375, 1.618867
2667.727, 339.389790, 1.524476
2715.798, 339.310960, 1.576346
3269.709, 339.513145, 1.442716
69565.710, 339.300238, 1.580617
29666.701, 339.283095, 1.591786
4927.625, 339.387246, 1.525106
3849.380, 339.448111, 1.484370
5927.367, 339.438705, 1.490410
8589.107, 339.305328, 1.577342
10762.174, 339.262652, 1.605752
34495.505, 339.432313, 1.492748
6987.406, 339.379618, 1.527599
9206.202, 339.266647, 1.602267
5897.774, 339.252774, 1.611893
6480.718, 339.354917, 1.543008
11390.095, 339.290341, 1.585650
2713.898, 339.271984, 1.598435
8568.257, 339.313107, 1.569711
16024.970, 339.258301, 1.605879
4889.323, 339.248035, 1.613523
5877.485, 339.308905, 1.572698
14023.828, 339.323142, 1.561973
4250.806, 339.262865, 1.601719
66415.294, 339.315217, 1.563014
4875.240, 339.411329, 1.501845
58753.102, 339.259627, 1.595575
22077.621, 339.248929, 1.607495
12449.968, 339.244689, 1.611161
2704.272, 339.307888, 1.569419
3831.860, 339.288788, 1.581515
9661.266, 339.279347, 1.587559
18048.688, 339.434194, 1.484334
4357.606, 339.337324, 1.549202
5421.812, 339.299987, 1.573748
23027.055, 339.282079, 1.583945
6501.214, 339.346461, 1.542204
28580.934, 339.271603, 1.589733
56177.806, 339.389907, 1.511149
4830.582, 339.375030, 1.522162
4315.450, 339.358735, 1.533002
6326.877, 339.305764, 1.567523
2728.490, 339.257239, 1.599625
2666.190, 339.241198, 1.610327
31601.142, 339.335624, 1.545611
45951.672, 339.287147, 1.577413
30673.766, 339.557761, 1.398211
3225.626, 339.450167, 1.470150
7045.589, 339.255154, 1.598716
16164.672, 339.293663, 1.572116
4813.837, 339.290727, 1.574727
4353.085, 339.265021, 1.591886
13472.338, 339.329810, 1.548078
7038.184, 339.240941, 1.606312
3802.279, 339.489755, 1.442180
41951.788, 339.245026, 1.602309
3779.031, 339.425886, 1.483116
5437.203, 339.274270, 1.583279
4315.019, 339.266113, 1.588735
8610.195, 339.376513, 1.514131
55019.900, 339.307344, 1.558278
5934.627, 339.260519, 1.588933
8664.792, 339.265592, 1.584542
99848.304, 339.242726, 1.596712
10258.705, 339.248858, 1.595214
3873.607, 339.363149, 1.518920
134733.962, 339.231762, 1.594517
5336.409, 339.452183, 1.459282
2653.729, 339.345700, 1.529890
11385.464, 339.257386, 1.587429
12985.437, 339.302341, 1.557524
6418.927, 339.261563, 1.583751
11343.606, 339.264660, 1.580719
3287.071, 339.368599, 1.512554
8615.634, 339.286098, 1.566498
7491.601, 339.313662, 1.546857
9082.450, 339.282991, 1.565856
13444.933, 339.271163, 1.571944
3344.663, 339.484906, 1.431226
2693.883, 339.286862, 1.562007
10743.297, 339.461391, 1.445793
4292.782, 339.267580, 1.574063
20428.020, 339.548406, 1.386978
6434.507, 339.435221, 1.462889
90475.281, 339.388890, 1.490747
4390.006, 339.338718, 1.525865
48960.058, 339.257278, 1.577387
6482.420, 339.275401, 1.567013
3238.579, 339.357974, 1.512531
3296.580, 339.263314, 1.575342
4869.216, 339.416135, 1.473621
5947.914, 339.287116, 1.556766
5390.776, 339.269852, 1.568271
11297.202, 339.241986, 1.586392
20424.653, 339.236020, 1.589487
2735.949, 339.463878, 1.439527
10765.024, 339.311575, 1.538897
5924.163, 339.371890, 1.499442
2739.782, 339.369387, 1.501699
3219.172, 339.247112, 1.582232
3228.268, 339.325485, 1.529177
3808.641, 339.522772, 1.397799
8722.103, 339.395893, 1.481008
7041.324, 339.261907, 1.569731
15674.739, 339.241358, 1.581759
8029.737, 339.291206, 1.549037
3754.870, 339.326034, 1.525373
10682.638, 339.305035, 1.537720
2707.496, 339.277741, 1.556179
41382.048, 339.523485, 1.391536
5429.124, 339.270384, 1.560042
7122.805, 339.293742, 1.544012
8651.951, 339.276284, 1.554739
16768.522, 339.233927, 1.582009
8168.669, 339.258061, 1.563920
2711.007, 339.394333, 1.473472
3163.278, 339.228669, 1.582805
9072.245, 339.354171, 1.498105
3257.899, 339.509387, 1.396241
77126.149, 339.412747, 1.457040
12346.909, 339.295507, 1.536800
9217.263, 339.238029, 1.575055
21436.350, 339.234340, 1.576693
65600.280, 339.288822, 1.538377
39126.986, 339.247295, 1.566589
18243.134, 339.311579, 1.524795
2740.923, 339.242420, 1.571768
3801.591, 339.397860, 1.467264
2757.957, 339.391780, 1.471578
13500.324, 339.265607, 1.552699
6530.578, 339.230824, 1.577399
10187.990, 339.285688, 1.540347
3183.014, 339.222562, 1.582614
3809.240, 339.346563, 1.500146
5977.535, 339.332244, 1.509430
5394.893, 339.269934, 1.550692
11381.264, 339.274003, 1.547009
4948.577, 339.380423, 1.476795
12862.462, 339.232997, 1.573692
3250.060, 339.261239, 1.554969
9197.344, 339.224302, 1.578534
5947.532, 339.240217, 1.567631
46078.541, 339.228542, 1.572839
12364.999, 339.256479, 1.555071
10307.836, 339.468041, 1.413977
3307.909, 339.386958, 1.467478
4839.720, 339.331913, 1.503507
5466.326, 339.341405, 1.496178
4293.332, 339.239036, 1.564307
3747.149, 339.274966, 1.539992
11328.632, 339.296179, 1.524668
6516.352, 339.267489, 1.544155
4878.244, 339.303404, 1.519870
4875.735, 339.271441, 1.540991
3256.023, 339.234328, 1.566118
4357.786, 339.417626, 1.443570
9115.157, 339.355940, 1.484542
3774.119, 339.299656, 1.522251
16734.728, 339.278707, 1.534789
3250.586, 339.251639, 1.554005
15620.135, 339.241703, 1.560219
5356.855, 339.332104, 1.499727
3824.803, 339.218971, 1.574316
10255.048, 339.267363, 1.541007
40360.508, 339.258020, 1.545454
11876.473, 339.462156, 1.411937
3777.811, 339.403669, 1.451405
4293.248, 339.445829, 1.422903
2650.024, 339.374126, 1.470583
5371.639, 339.349051, 1.486647
3271.373, 339.281374, 1.531191
9202.540, 339.224740, 1.567880
10690.110, 339.309582, 1.510928
3203.992, 339.274256, 1.534980
10259.108, 339.293145, 1.521522
6448.103, 339.290560, 1.523750
86380.427, 339.236302, 1.554591
8081.785, 339.320647, 1.503353
4889.958, 339.219449, 1.569889
9733.978, 339.329973, 1.496252
12430.872, 339.249796, 1.548864
57282.422, 339.499114, 1.381727
7039.541, 339.346419, 1.484384
7006.543, 339.229734, 1.561939
18782.942, 339.215676, 1.569923
4262.952, 339.359510, 1.474727
36883.133, 339.259598, 1.538395
4308.301, 339.298101, 1.514367
10280.239, 339.248371, 1.546511
8017.904, 339.253594, 1.542565
20903.655, 339.227950, 1.558807
4361.545, 339.429218, 1.425714
3190.605, 339.290569, 1.517475
25689.813, 339.456935, 1.405790
9672.817, 339.425405, 1.426871
3731.588, 339.328987, 1.490634
112574.485, 339.264103, 1.528886
26828.402, 339.213883, 1.564804
11718.563, 339.289649, 1.514650
5407.840, 339.447036, 1.411156
102169.613, 339.248911, 1.538665
4829.225, 339.322594, 1.492406
48767.828, 339.221957, 1.557374
4853.772, 339.311081, 1.500018
7563.882, 339.278567, 1.521640
3208.983, 339.227327, 1.555644
5905.627, 339.419184, 1.426935
2732.226, 339.391074, 1.446055
33331.066, 339.215740, 1.558852
115855.852, 339.510581, 1.362816
5911.958, 339.365715, 1.462010
9176.610, 339.355502, 1.468552
119323.187, 339.441810, 1.407589
2712.984, 339.416963, 1.427861
2681.688, 339.259675, 1.531968
3766.389, 339.238328, 1.545803
13410.427, 339.228227, 1.551750
2767.725, 339.279245, 1.518339
12389.188, 339.241668, 1.542287
12271.947, 339.269949, 1.523259
6902.468, 339.267584, 1.525148
9150.253, 339.213068, 1.561592
5370.992, 339.232173, 1.548370
9108.239, 339.317187, 1.491261
48980.047, 339.257149, 1.528741
34993.636, 339.222488, 1.551087
18864.998, 339.228438, 1.546852
11236.489, 339.273756, 1.516907
11860.691, 339.241960, 1.536779
3214.812, 339.250164, 1.531408
69602.300, 339.209608, 1.556674
6466.303, 339.413662, 1.421524
12966.470, 339.530878, 1.342613
4886.370, 339.380056, 1.441850
3231.766, 339.283169, 1.505762
3372.560, 339.374776, 1.444750
16113.734, 339.263842, 1.517003
4790.417, 339.240225, 1.533575
80002.658, 339.223905, 1.541708
16638.977, 339.350586, 1.459797
14570.675, 339.294941, 1.496483
9160.597, 339.237393, 1.534664
24693.223, 339.217088, 1.546921
10894.243, 339.211678, 1.551444
3811.420, 339.359032, 1.454214
12190.197, 339.273749, 1.509161
4812.900, 339.233734, 1.536314
6414.837, 339.279237, 1.505463
2745.801, 339.206645, 1.553898
3246.858, 339.321416, 1.477504
4330.364, 339.254499, 1.521085
4307.736, 339.315372, 1.480417
7046.469, 339.376467, 1.438875
10159.869, 339.358001, 1.450029
15616.914, 339.204737, 1.551904
18276.777, 339.248592, 1.522695
5496.601, 339.317336, 1.477130
93455.479, 339.211690, 1.543192
2661.678, 339.305396, 1.484518
9702.166, 339.262756, 1.512039
115928.861, 339.330367, 1.461554
3266.249, 339.408104, 1.414612
2694.545, 339.352117, 1.451862
7073.259, 339.320001, 1.472620
96052.122, 339.236267, 1.524277
14106.524, 339.224332, 1.534649
3813.562, 339.275357, 1.501389
39280.115, 339.434817, 1.394089
17085.143, 339.255126, 1.512864
8120.609, 339.218439, 1.537525
15072.012, 339.394331, 1.420569
22563.289, 339.214309, 1.537985
6429.603, 339.492848, 1.353899
39726.812, 339.201131, 1.543937
16592.973, 339.335706, 1.456784
4427.292, 339.502698, 1.346391
13426.710, 339.289736, 1.486104
3846.269, 339.270396, 1.499899
11235.157, 339.277824, 1.493418
31154.629, 339.272968, 1.495309
9721.257, 339.242861, 1.516620
3772.224, 339.230025, 1.525455
7528.994, 339.437406, 1.387148
7526.694, 339.292440, 1.482622
2693.916, 339.282384, 1.489168
3758.414, 339.227032, 1.525872
10322.708, 339.208966, 1.537023
21571.585, 339.203782, 1.539741
19889.131, 339.365110, 1.432244
22041.420, 339.244399, 1.512135
12924.842, 339.248763, 1.507966
20952.237, 339.234408, 1.517285
2713.502, 339.257958, 1.502836
4860.387, 339.384804, 1.418125
4302.805, 339.412424, 1.399336
7085.225, 339.211418, 1.532295
19356.627, 339.342173, 1.444078
59674.753, 339.282053, 1.482670
21987.281, 339.208184, 1.532287
43969.922, 339.203798, 1.534776
9081.840, 339.263828, 1.496411
5365.948, 339.229411, 1.518775
19302.726, 339.225001, 1.521324
17104.160, 339.317711, 1.459575
3314.752, 339.238184, 1.512765
8581.295, 339.194985, 1.540778
26356.474, 339.286854, 1.478234
5963.875, 339.234945, 1.513441
11360.562, 339.220265, 1.522725
3768.053, 339.198978, 1.537454
29117.434, 339.331954, 1.445979
3255.892, 339.211900, 1.528494
9147.974, 339.345264, 1.439114
56421.120, 339.267772, 1.486017
14483.637, 339.257185, 1.497217
61662.646, 339.414156, 1.390913
5392.025, 339.379930, 1.415769
56215.423, 339.211601, 1.523048
5389.376, 339.319069, 1.454577
6978.011, 339.262290, 1.491599
21387.815, 339.240688, 1.504613
3187.004, 339.224867, 1.516598
9126.946, 339.208374, 1.527455
24227.732, 339.295642, 1.467991
2700.780, 339.249337, 1.499570
32594.265, 339.220160, 1.517426
69695.374, 339.491072, 1.337196
9224.598, 339.282388, 1.476413
7029.567, 339.354509, 1.428978
7537.188, 339.192362, 1.536096
76315.019, 339.403032, 1.392166
12404.393, 339.362429, 1.422750
6495.718, 339.243843, 1.502095
43981.449, 339.347497, 1.431185
11887.595, 339.270542, 1.482449
5307.917, 339.297713, 1.464601
14166.104, 339.233910, 1.506824
10766.247, 339.255761, 1.491631
2696.109, 339.332334, 1.441031
23066.276, 339.193565, 1.531281
2723.502, 339.319418, 1.448769
3822.959, 339.286730, 1.469824
11372.041, 339.213861, 1.517348
13851.267, 339.240381, 1.499474
67948.048, 339.410909, 1.383974
10220.684, 339.357173, 1.421675
2712.402, 339.216721, 1.514860
3819.763, 339.229306, 1.505947
9572.404, 339.188720, 1.531708
3215.642, 339.309100, 1.452443
11905.877, 339.248457, 1.491829
8072.292, 339.477448, 1.339980
3351.906, 339.453196, 1.356064
5974.657, 339.290050, 1.463740
5454.079, 339.342444, 1.428473
9715.756, 339.299755, 1.455794
2687.221, 339.222632, 1.507067
8021.930, 339.311880, 1.447008
17166.999, 339.198439, 1.521453
4268.270, 339.346828, 1.423850
9221.307, 339.337125, 1.429754
7628.394, 339.328166, 1.436037
3232.986, 339.318912, 1.442311
2979.589, 339.526943, 1.304781
13394.267, 339.261287, 1.478717
43734.301, 339.255359, 1.481139
4393.560, 339.212179, 1.511353
10758.240, 339.194143, 1.522961
5872.647, 339.240326, 1.491638
2636.264, 339.298823, 1.453313
4338.422, 339.185727, 1.527542
3218.767, 339.371673, 1.404386
12341.024, 339.269013, 1.470939
45461.703, 339.200934, 1.515661
5398.133, 339.187981, 1.524563
26284.957, 339.294838, 1.452347
14528.256, 339.284699, 1.458639
11806.860, 339.190147, 1.521153
2740.697, 339.370034, 1.402586
58275.213, 339.230235, 1.491998
28595.352, 339.344167, 1.417243
17865.617, 339.316727, 1.436029
7010.294, 339.406395, 1.376947
3218.452, 339.237193, 1.489018
2693.737, 339.196210, 1.516077
28172.702, 339.413806, 1.370143
9134.503, 339.338671, 1.420657
6420.451, 339.245432, 1.481383
5426.173, 339.203337, 1.509221
17698.324, 339.191292, 1.516474
115832.193, 339.523810, 1.294216
21962.163, 339.256695, 1.473083
3202.098, 339.249213, 1.478585
13412.098, 339.393860, 1.381643
12811.197, 339.187987, 1.517500
3741.692, 339.273659, 1.461320
7557.053, 339.353514, 1.407775
3818.073, 339.282387, 1.455046
15639.435, 339.277212, 1.456309
22549.744, 339.202370, 1.505148
5859.262, 339.251953, 1.472857
4360.646, 339.239258, 1.481494
6975.726, 339.194513, 1.510450
41375.056, 339.182563, 1.517312
8048.941, 339.335928, 1.415788
3788.982, 339.355847, 1.402760
4319.983, 339.350494, 1.406309
5935.349, 339.229242, 1.485738
69516.159, 339.222719, 1.488355
7538.509, 339.216084, 1.495118
12928.837, 339.404672, 1.369337
19471.003, 339.302323, 1.436717
18734.992, 339.374249, 1.388634
4868.054, 339.357925, 1.400522
13468.498, 339.272216, 1.456551
8585.510, 339.287385, 1.445317
10293.402, 339.319961, 1.423033
2634.975, 339.283372, 1.447690
11369.417, 339.526918, 1.286065
3822.147, 339.364060, 1.393989
5422.370, 339.209340, 1.495834
4886.822, 339.198691, 1.503162
22566.607, 339.266035, 1.457332
4355.581, 339.317017, 1.423632
4339.803, 339.433548, 1.345886
12952.936, 339.292789, 1.438884
5905.280, 339.214169, 1.490600
4781.711, 339.260532, 1.459348
5938.113, 339.378398, 1.380768
3200.475, 339.258416, 1.460217
25296.819, 339.243810, 1.468742
47358.904, 339.209397, 1.489041
5980.398, 339.215891, 1.487596
14525.893, 339.254799, 1.460019
6974.923, 339.359932, 1.390745
5989.599, 339.218394, 1.484589
8070.710, 339.194441, 1.500649
16574.949, 339.234123, 1.473146
9677.283, 339.295084, 1.432800
7551.098, 339.237684, 1.470512
3249.094, 339.483122, 1.307958
73492.290, 339.402452, 1.358780
9221.452, 339.251764, 1.460269
20472.551, 339.247299, 1.462068
3760.555, 339.222629, 1.479975
42919.932, 339.309467, 1.419868
56475.289, 339.176763, 1.505094
3786.049, 339.390205, 1.367260
47091.711, 339.225744, 1.472417
9726.535, 339.316518, 1.414684
4289.700, 339.268359, 1.446503
8608.639, 339.264770, 1.449067
18844.908, 339.242679, 1.463344
23636.969, 339.182748, 1.501803
11335.489, 339.234526, 1.467772
8632.928, 339.383942, 1.369471
4374.069, 339.375951, 1.374688
3280.719, 339.367903, 1.380084
6988.455, 339.322595, 1.409573
3267.495, 339.261293, 1.449358
83204.481, 339.171429, 1.503048
5978.491, 339.264005, 1.446004
10174.740, 339.204377, 1.485732
11265.894, 339.193044, 1.493068
11914.303, 339.198906, 1.488696
6969.838, 339.190389, 1.494438
9182.144, 339.184450, 1.497869
5407.851, 339.359159, 1.382033
8056.422, 339.299549, 1.421325
18371.631, 339.219478, 1.472844
3256.023, 339.201715, 1.486167
51510.459, 339.245253, 1.454238
3274.671, 339.187661, 1.493888
14993.590, 339.254130, 1.448241
16032.610, 339.178832, 1.497873
9077.314, 339.233354, 1.461463
4315.415, 339.400706, 1.351434
21100.606, 339.336686, 1.392656
5990.419, 339.206088, 1.478150
118596.667, 339.185638, 1.489328
29099.212, 339.209378, 1.474959
41453.838, 339.216025, 1.469610
10160.573, 339.268107, 1.435280
3218.528, 339.256604, 1.443652
5986.810, 339.248933, 1.448326
6449.547, 339.246055, 1.450298
5471.307, 339.306805, 1.409001
5334.867, 339.261789, 1.439340
12882.944, 339.176074, 1.494455
4293.560, 339.425262, 1.329952
16246.843, 339.292206, 1.416467
3762.699, 339.218671, 1.465808
43214.824, 339.233777, 1.453683
29478.295, 339.363604, 1.367513
3291.097, 339.297638, 1.412211
9170.314, 339.287775, 1.418720
16781.465, 339.250662, 1.442143
5895.970, 339.243806, 1.447274
4890.155, 339.336351, 1.385835
87008.498, 339.308037, 1.402541
12347.948, 339.219544, 1.462637
26821.482, 339.209550, 1.468495
19932.581, 339.280771, 1.420760
15100.490, 339.240082, 1.447803
7566.618, 339.226293, 1.456819
38712.110, 339.213363, 1.464007
4839.425, 339.197841, 1.475897
24041.778, 339.200497, 1.472193
19920.593, 339.192031, 1.478756
46723.023, 339.487535, 1.281933
10759.610, 339.425472, 1.323935
2765.912, 339.182256, 1.484662
3239.924, 339.178524, 1.487237
25249.495, 339.216470, 1.460073
5891.234, 339.273699, 1.422996
15535.875, 339.176050, 1.486971
9702.217, 339.237189, 1.445396
4913.623, 339.312682, 1.396051
5337.921, 339.288428, 1.411320
9127.333, 339.242419, 1.441105
12898.670, 339.187280, 1.476788
21953.163, 339.178736, 1.481835
15522.941, 339.170185, 1.487966
36091.562, 339.310770, 1.392371
10242.533, 339.207278, 1.463292
2701.922, 339.368345, 1.356608
34943.954, 339.292282, 1.404717
19796.703, 339.266704, 1.421817
10796.997, 339.263801, 1.424486
7619.123, 339.225279, 1.450017
38132.164, 339.191244, 1.470957
7026.111, 339.181209, 1.479026
3819.634, 339.361788, 1.359637
3224.273, 339.319274, 1.387962
12819.794, 339.301600, 1.398599
3180.324, 339.245889, 1.436202
5950.206, 339.419477, 1.320298
19882.657, 339.219810, 1.451623
43256.355, 339.383307, 1.342144
35340.184, 339.167233, 1.485249
3776.612, 339.241613, 1.436904
25558.359, 339.474726, 1.281372
5928.923, 339.295326, 1.400728
3253.166, 339.226500, 1.446044
17632.121, 339.335164, 1.372419
7946.003, 339.244912, 1.433301
3219.279, 339.236268, 1.439339
12925.927, 339.201460, 1.460957
5988.320, 339.183555, 1.473214
4857.480, 339.272476, 1.413541
8078.224, 339.231776, 1.440539
13469.508, 339.209489, 1.453473
10696.617, 339.194577, 1.465205
4876.751, 339.161697, 1.487081
6040.290, 339.340258, 1.368065
11369.650, 339.311207, 1.387135
5898.843, 339.249035, 1.427922
2778.596, 339.228232, 1.442106
11252.262, 339.416478, 1.316719
16162.599, 339.265419, 1.414714
10696.909, 339.175052, 1.476229
6436.533, 339.361099, 1.352997
5886.179, 339.223194, 1.442791
8669.871, 339.195997, 1.461137
5936.027, 339.186825, 1.467120
18736.965, 339.171820, 1.476088
13378.559, 339.164337, 1.480546
4319.681, 339.374654, 1.342123
6871.746, 339.348155, 1.359337
8092.219, 339.312375, 1.383275
3737.023, 339.233034, 1.435746
11269.242, 339.258294, 1.418006
7572.939, 339.230040, 1.436381
11333.960, 339.217541, 1.444519
8062.253, 339.190815, 1.461270
6008.162, 339.157487, 1.483765
11302.102, 339.203634, 1.452956
7539.856, 339.197867, 1.456799
5402.346, 339.194997, 1.458646
10700.296, 339.354809, 1.352226
34300.788, 339.210320, 1.445969
3174.627, 339.205818, 1.451164
42888.952, 339.187476, 1.460475
5997.324, 339.399259, 1.322281
3244.410, 339.346066, 1.357562
3242.723, 339.332005, 1.367023
3267.702, 339.249808, 1.421419
3214.314, 339.313669, 1.377058
11233.101, 339.216001, 1.440987
19348.760, 339.158765, 1.478557
2669.559, 339.335994, 1.361137
4854.250, 339.234700, 1.427502
3812.020, 339.231809, 1.429362
