# Source Fluxes and Coordinates
# Flux (e-/s), RA (deg), Dec (deg)
47287.337, 339.446695, 1.786142
7070.612, 339.424463, 1.799235
5000.825, 339.391224, 1.821583
12595.973, 339.449850, 1.781409
2767.905, 339.625036, 1.666142
6040.734, 339.477419, 1.763565
3841.228, 339.435425, 1.790466
5547.200, 339.387108, 1.822102
65527.098, 339.634512, 1.654047
4482.400, 339.524060, 1.728769
4404.563, 339.398450, 1.811540
9340.454, 339.385780, 1.819231
3877.944, 339.380586, 1.823150
5447.868, 339.377627, 1.824716
3311.138, 339.520963, 1.729458
4370.565, 339.437759, 1.782871
3802.636, 339.391305, 1.813084
6579.927, 339.488872, 1.748536
149473.746, 339.547831, 1.705428
3782.460, 339.575913, 1.690180
4458.361, 339.482457, 1.751744
15817.334, 339.527221, 1.719578
3219.255, 339.396230, 1.807212
8257.370, 339.388905, 1.811640
4365.094, 339.508614, 1.732612
29964.357, 339.382114, 1.814418
5454.847, 339.437938, 1.777947
107619.006, 339.404977, 1.796730
10906.877, 339.377204, 1.816693
4387.883, 339.385592, 1.810053
7596.233, 339.517231, 1.721631
3804.645, 339.389722, 1.806231
10366.613, 339.504626, 1.728958
5489.385, 339.386191, 1.806555
13758.496, 339.453912, 1.760153
67369.570, 339.625179, 1.644502
2774.597, 339.372056, 1.814278
7701.653, 339.401449, 1.793050
7089.476, 339.486317, 1.736298
7005.621, 339.425619, 1.775585
2749.822, 339.380287, 1.806364
36379.864, 339.466840, 1.743917
5000.980, 339.416537, 1.779799
5430.584, 339.419460, 1.776484
11469.546, 339.495754, 1.723802
14164.540, 339.368806, 1.808890
4937.343, 339.380287, 1.800772
4409.144, 339.375798, 1.803679
12513.415, 339.651188, 1.620312
10425.602, 339.457647, 1.747818
4456.898, 339.452032, 1.752498
8183.273, 339.426034, 1.768894
27699.169, 339.407971, 1.779143
4385.361, 339.622104, 1.636800
16956.353, 339.387539, 1.790264
17452.679, 339.383423, 1.793412
2779.286, 339.472792, 1.735049
5399.291, 339.575074, 1.665840
7598.908, 339.375162, 1.797631
3818.957, 339.556122, 1.678034
25524.069, 339.412339, 1.771644
179062.183, 339.695125, 1.582291
86528.339, 339.365619, 1.798446
2754.252, 339.503846, 1.710868
11479.566, 339.546957, 1.680833
8753.051, 339.475465, 1.728570
30236.895, 339.399049, 1.777736
56465.430, 339.509496, 1.703086
3894.615, 339.388496, 1.785245
11581.752, 339.613363, 1.636072
4937.944, 339.622836, 1.628260
6580.268, 339.395024, 1.777672
25051.568, 339.379710, 1.787317
25642.627, 339.422717, 1.757982
4334.201, 339.412192, 1.765214
45067.978, 339.474333, 1.721071
16983.890, 339.381327, 1.782356
2702.879, 339.515372, 1.694079
3305.336, 339.377785, 1.784486
12523.817, 339.431084, 1.747498
11493.341, 339.370589, 1.788262
4891.069, 339.467869, 1.723827
6038.909, 339.604744, 1.632628
7178.272, 339.438340, 1.741998
4389.643, 339.409172, 1.761667
17564.551, 339.373776, 1.784484
21810.557, 339.400634, 1.765463
6512.205, 339.447954, 1.732946
47016.941, 339.673243, 1.581526
9318.252, 339.395815, 1.765287
25023.276, 339.361709, 1.787600
319572.489, 339.605895, 1.622392
15820.858, 339.392768, 1.767842
62305.498, 339.438647, 1.734781
24573.387, 339.582598, 1.639550
8783.687, 339.356421, 1.788890
8177.484, 339.384212, 1.769976
9776.348, 339.473572, 1.710564
5582.939, 339.388692, 1.766513
4965.087, 339.467058, 1.714111
23444.815, 339.375315, 1.772726
4368.242, 339.511479, 1.683232
7062.520, 339.394703, 1.758212
7057.234, 339.386363, 1.762758
13078.290, 339.404940, 1.749376
9915.198, 339.353054, 1.783707
2770.731, 339.391579, 1.758332
97392.840, 339.513135, 1.673913
3299.828, 339.467649, 1.707323
49232.590, 339.368892, 1.770224
7001.417, 339.463620, 1.708408
8733.665, 339.395358, 1.752204
15395.596, 339.383384, 1.760106
4942.872, 339.380252, 1.762916
6040.569, 339.363089, 1.773066
3791.680, 339.533647, 1.660335
2778.352, 339.470813, 1.701668
12605.264, 339.450254, 1.714126
6048.597, 339.359646, 1.773525
15737.302, 339.401542, 1.744942
3274.736, 339.455792, 1.709833
30472.293, 339.422701, 1.728442
3345.801, 339.413016, 1.736575
4941.170, 339.363622, 1.769400
2720.882, 339.490775, 1.685300
3264.575, 339.419723, 1.730649
3311.984, 339.357524, 1.771354
5449.591, 339.497607, 1.677450
6119.853, 339.383716, 1.752987
4395.037, 339.693398, 1.548128
5399.246, 339.360692, 1.766855
26305.890, 339.414576, 1.727885
2785.954, 339.647363, 1.573715
13041.138, 339.346182, 1.771165
40655.865, 339.516244, 1.657217
8685.284, 339.402020, 1.733954
8702.730, 339.397775, 1.735284
70116.238, 339.418185, 1.718701
2753.409, 339.407927, 1.728013
54812.442, 339.579105, 1.610809
10432.481, 339.603593, 1.595165
8223.125, 339.544682, 1.634264
30995.488, 339.409436, 1.721749
15305.912, 339.380699, 1.742159
127945.055, 339.521361, 1.645900
8774.439, 339.478273, 1.677178
10290.014, 339.401696, 1.727767
3818.353, 339.469755, 1.682927
2748.495, 339.504146, 1.659823
16853.468, 339.384585, 1.737414
9338.596, 339.343225, 1.764516
3298.918, 339.559611, 1.621613
7786.217, 339.381256, 1.738152
14697.167, 339.338394, 1.764710
12041.184, 339.376814, 1.740232
8708.202, 339.428469, 1.705817
9313.622, 339.495037, 1.661407
12124.770, 339.406523, 1.719673
4849.009, 339.403550, 1.721963
4838.049, 339.367265, 1.745631
6551.587, 339.364022, 1.747391
7710.810, 339.552779, 1.621454
14167.930, 339.370622, 1.740197
2775.683, 339.586094, 1.598632
3791.136, 339.543114, 1.627165
3893.739, 339.462457, 1.679917
12595.607, 339.491479, 1.659299
7153.558, 339.437169, 1.695349
2696.198, 339.377957, 1.734930
3854.620, 339.535418, 1.630259
3259.811, 339.406873, 1.715039
11997.373, 339.338078, 1.758412
307668.474, 339.401892, 1.710668
2789.904, 339.478880, 1.665744
8682.324, 339.380538, 1.729565
2734.950, 339.555463, 1.612987
94678.241, 339.413615, 1.703278
3749.943, 339.358145, 1.742411
4348.120, 339.354206, 1.743669
3820.552, 339.344229, 1.750314
5474.965, 339.333518, 1.756729
4459.659, 339.438971, 1.685733
6067.548, 339.565528, 1.601893
22750.749, 339.349023, 1.742859
4892.023, 339.591245, 1.584221
10926.570, 339.554951, 1.606472
26838.277, 339.355321, 1.737367
7686.758, 339.490241, 1.648907
46337.861, 339.332629, 1.751760
78441.737, 339.679019, 1.520810
11964.954, 339.340040, 1.747065
126789.800, 339.390329, 1.709093
2744.003, 339.343965, 1.742114
4409.689, 339.411374, 1.696174
14700.919, 339.381250, 1.715188
17968.665, 339.360665, 1.729031
8289.743, 339.482896, 1.648554
3289.849, 339.420790, 1.689582
2736.538, 339.386206, 1.712849
5520.859, 339.365399, 1.726380
27879.882, 339.343597, 1.739122
13671.611, 339.328511, 1.749496
2726.420, 339.400244, 1.702286
6545.976, 339.356887, 1.730838
20667.379, 339.436491, 1.676677
10947.772, 339.356632, 1.727728
19146.458, 339.378313, 1.710785
2807.673, 339.429801, 1.679012
11417.006, 339.581231, 1.578244
3863.589, 339.417928, 1.686381
4490.502, 339.354172, 1.727747
2667.491, 339.468662, 1.651156
151686.946, 339.417433, 1.676834
10950.181, 339.403705, 1.694007
8726.498, 339.368036, 1.716171
19016.267, 339.341358, 1.734648
36034.760, 339.344265, 1.729681
6548.752, 339.332498, 1.739288
9702.451, 339.486125, 1.637299
7639.420, 339.438283, 1.668823
11404.581, 339.490494, 1.633865
5985.246, 339.539589, 1.599813
7131.109, 339.464359, 1.648735
4381.943, 339.550245, 1.591859
6514.677, 339.354591, 1.720511
14177.669, 339.606155, 1.553614
12005.183, 339.445015, 1.659715
45484.543, 339.661646, 1.514535
4396.807, 339.483336, 1.634532
4929.495, 339.338472, 1.729698
8819.610, 339.498081, 1.622726
9855.024, 339.561195, 1.581006
14735.230, 339.356480, 1.715155
11927.128, 339.569742, 1.573216
47947.179, 339.350631, 1.715918
4847.312, 339.404025, 1.682912
8786.866, 339.337441, 1.725830
109029.417, 339.642278, 1.521809
3818.877, 339.608362, 1.546565
15764.542, 339.329111, 1.729165
3803.377, 339.496501, 1.618791
2739.489, 339.445667, 1.650406
6457.341, 339.360937, 1.706201
10401.626, 339.414654, 1.668816
2753.767, 339.380471, 1.692820
5448.101, 339.323195, 1.730308
6574.244, 339.335264, 1.720931
10892.834, 339.320583, 1.730137
10486.720, 339.381641, 1.689340
23938.652, 339.435958, 1.651848
31259.178, 339.532508, 1.587619
23820.338, 339.484799, 1.619367
21201.727, 339.445118, 1.645000
4398.830, 339.501475, 1.609114
25670.268, 339.471778, 1.626970
19115.941, 339.316647, 1.729066
8671.318, 339.493019, 1.612510
4373.659, 339.491255, 1.614184
29399.873, 339.345680, 1.709077
33716.850, 339.338741, 1.712344
4948.427, 339.395526, 1.676064
37622.162, 339.359619, 1.694189
79723.483, 339.598337, 1.536743
7651.027, 339.569045, 1.557972
7564.589, 339.467872, 1.625127
8830.404, 339.527887, 1.585042
6060.188, 339.543726, 1.574267
4362.832, 339.462861, 1.627624
8168.635, 339.414845, 1.658953
8207.510, 339.380146, 1.681752
2764.658, 339.346623, 1.703694
9253.201, 339.499229, 1.600126
19115.349, 339.365960, 1.688847
4895.623, 339.505728, 1.596900
16404.541, 339.328224, 1.713354
8221.358, 339.442872, 1.637531
7629.009, 339.403042, 1.663746
3276.262, 339.514002, 1.590194
2676.957, 339.379710, 1.678684
44150.282, 339.316835, 1.714955
11504.870, 339.310960, 1.721945
3826.020, 339.487730, 1.605287
131721.091, 339.409841, 1.653365
3826.538, 339.389462, 1.670155
4923.909, 339.339763, 1.702951
3315.083, 339.372087, 1.680625
3390.875, 339.461961, 1.621058
4910.979, 339.385780, 1.671079
5446.096, 339.327089, 1.709412
13101.723, 339.469945, 1.614215
9321.574, 339.399185, 1.661455
121497.594, 339.635980, 1.501317
2804.452, 339.417717, 1.648611
3846.433, 339.396720, 1.662516
108326.897, 339.435935, 1.632134
9798.625, 339.422622, 1.644257
5978.790, 339.348558, 1.692891
27249.846, 339.320278, 1.710965
5939.557, 339.540179, 1.566279
33686.502, 339.523346, 1.575603
27928.250, 339.311593, 1.715703
16235.233, 339.479191, 1.605058
10300.446, 339.457549, 1.620077
5921.798, 339.402081, 1.656844
10933.893, 339.338208, 1.698336
16345.110, 339.331184, 1.701926
2700.633, 339.385627, 1.665617
17014.403, 339.324338, 1.703924
3794.258, 339.344153, 1.692794
13097.337, 339.517264, 1.577269
8245.765, 339.365367, 1.676817
6624.291, 339.361406, 1.679864
7190.985, 339.345747, 1.690414
4478.142, 339.391372, 1.659682
3745.800, 339.468040, 1.607974
3286.040, 339.337722, 1.694577
2825.579, 339.340480, 1.692107
6505.472, 339.429809, 1.631121
4916.550, 339.386501, 1.659604
91960.256, 339.549645, 1.548697
4912.688, 339.473569, 1.601694
7170.915, 339.435745, 1.626475
3291.703, 339.379423, 1.663835
4362.500, 339.476471, 1.599217
3775.084, 339.452096, 1.614735
8163.362, 339.432809, 1.627335
15141.397, 339.345704, 1.683792
11438.035, 339.318724, 1.702183
11997.006, 339.388430, 1.655865
5543.304, 339.336062, 1.690545
13575.290, 339.373398, 1.665031
2707.677, 339.599962, 1.515334
7104.236, 339.378115, 1.661008
34842.426, 339.304557, 1.707118
15844.676, 339.473278, 1.596753
9295.685, 339.642256, 1.485164
6053.594, 339.341176, 1.683272
22484.214, 339.409698, 1.636072
3826.135, 339.369397, 1.664109
14239.209, 339.389186, 1.648958
6609.184, 339.519085, 1.563839
2766.338, 339.311474, 1.701277
13090.104, 339.380401, 1.653869
81714.100, 339.300629, 1.704259
7133.116, 339.538325, 1.550239
7108.759, 339.422901, 1.626440
3848.013, 339.548182, 1.543603
29927.560, 339.393620, 1.643426
22503.922, 339.344148, 1.677029
3232.700, 339.529821, 1.555341
152487.877, 339.636621, 1.479186
3794.438, 339.352265, 1.670789
2817.585, 339.319312, 1.692625
14678.862, 339.555099, 1.535962
5446.478, 339.346465, 1.673865
10465.306, 339.394971, 1.640939
2793.907, 339.331404, 1.682862
16499.108, 339.308131, 1.696375
8719.379, 339.529187, 1.549913
2724.234, 339.500046, 1.569577
4349.648, 339.312018, 1.693420
5020.801, 339.391673, 1.640021
11539.013, 339.365290, 1.656804
5546.506, 339.566915, 1.524121
3899.275, 339.453979, 1.598194
4422.179, 339.361073, 1.658942
236098.129, 339.532008, 1.540888
3818.977, 339.598499, 1.501272
3224.377, 339.332791, 1.676914
197311.825, 339.630440, 1.473631
9740.574, 339.441934, 1.603238
15307.000, 339.347328, 1.664974
3289.277, 339.362851, 1.654672
29454.200, 339.356311, 1.657746
4395.147, 339.326568, 1.678025
14770.421, 339.323718, 1.679655
7044.734, 339.317232, 1.684011
7715.020, 339.302580, 1.693747
55851.765, 339.521395, 1.546701
12635.045, 339.339531, 1.667948
11501.483, 339.421003, 1.614055
4368.110, 339.330954, 1.674015
40952.198, 339.539166, 1.533666
21320.621, 339.301687, 1.689680
3900.560, 339.383122, 1.637348
9791.753, 339.309016, 1.684968
6065.084, 339.546915, 1.528182
2682.235, 339.371009, 1.643592
17489.679, 339.314970, 1.678196
4422.702, 339.570778, 1.510670
10323.913, 339.324057, 1.672601
3856.919, 339.379716, 1.635749
6997.022, 339.500934, 1.554823
4414.191, 339.305550, 1.683615
33301.325, 339.482004, 1.565519
2738.853, 339.335061, 1.663813
7175.912, 339.318305, 1.674693
3340.499, 339.445044, 1.590892
4968.307, 339.393351, 1.624096
6596.620, 339.353328, 1.650543
102601.559, 339.365470, 1.638146
7024.687, 339.356971, 1.646772
5968.799, 339.359768, 1.644436
4960.576, 339.336170, 1.659169
9386.875, 339.420878, 1.602373
7148.093, 339.302142, 1.680911
7122.408, 339.511753, 1.540892
4972.655, 339.334123, 1.658416
11999.699, 339.326748, 1.661773
32175.666, 339.432592, 1.590878
4898.956, 339.348676, 1.646936
112349.828, 339.317586, 1.664392
7677.843, 339.371438, 1.631077
2738.775, 339.340325, 1.652174
77888.318, 339.288384, 1.684566
11888.794, 339.302460, 1.675689
3360.275, 339.447975, 1.579498
4895.950, 339.423660, 1.593363
62601.805, 339.295930, 1.675290
4339.599, 339.631400, 1.456314
11944.146, 339.305020, 1.671060
11954.860, 339.332078, 1.652378
4906.425, 339.328325, 1.655651
4999.563, 339.383179, 1.618089
14262.867, 339.310629, 1.664718
7667.923, 339.355171, 1.631922
23422.621, 339.336859, 1.642976
4368.555, 339.425376, 1.585144
2783.562, 339.290702, 1.674154
11545.449, 339.368895, 1.619466
13124.264, 339.292159, 1.669982
4879.108, 339.556923, 1.495308
10401.897, 339.424608, 1.581805
4989.497, 339.285292, 1.674188
8712.508, 339.400201, 1.596952
5471.805, 339.342548, 1.635232
2723.524, 339.419763, 1.582134
22833.785, 339.299285, 1.660760
6115.113, 339.296554, 1.662951
7665.881, 339.396707, 1.596190
27743.591, 339.330318, 1.638623
10376.796, 339.278558, 1.673513
18608.388, 339.398790, 1.593062
10881.337, 339.379269, 1.606571
5975.578, 339.362737, 1.617719
7637.520, 339.307636, 1.654069
61911.766, 339.366795, 1.610754
38298.713, 339.599484, 1.457770
29369.494, 339.336294, 1.631996
12490.236, 339.326084, 1.638160
17519.477, 339.302736, 1.653479
61343.327, 339.624644, 1.438228
16375.628, 339.536876, 1.498179
56282.442, 339.482922, 1.532869
3305.109, 339.346146, 1.625201
18678.185, 339.275329, 1.669509
245148.699, 339.280852, 1.661721
19647.704, 339.292520, 1.658170
6585.633, 339.442517, 1.558367
13172.433, 339.306917, 1.646599
3265.552, 339.403397, 1.584358
2707.862, 339.295221, 1.655938
5437.967, 339.429013, 1.566617
3889.613, 339.299616, 1.651895
3337.460, 339.465107, 1.542137
69780.496, 339.475707, 1.531233
7725.804, 339.331195, 1.628923
2796.553, 339.445206, 1.552705
16914.209, 339.325528, 1.630324
46963.843, 339.589898, 1.454531
10966.019, 339.402619, 1.579484
5417.980, 339.409483, 1.575034
7124.904, 339.377449, 1.595911
4297.656, 339.353117, 1.611973
38659.953, 339.274628, 1.662033
6031.228, 339.314935, 1.635576
14170.821, 339.295485, 1.647541
3805.019, 339.370601, 1.597590
5484.616, 339.530076, 1.492074
37027.380, 339.307928, 1.637184
32340.161, 339.468910, 1.530510
2750.019, 339.320333, 1.630013
32179.285, 339.296373, 1.642588
59413.421, 339.378914, 1.586285
8759.827, 339.292493, 1.644810
11467.248, 339.288308, 1.647288
2691.290, 339.405102, 1.570506
11479.606, 339.313795, 1.629903
298211.310, 339.450011, 1.533657
24587.780, 339.302870, 1.634204
13107.426, 339.274582, 1.653424
10863.784, 339.282165, 1.648623
7150.848, 339.569704, 1.457813
11492.767, 339.413073, 1.560344
2781.363, 339.348902, 1.603901
13571.976, 339.344521, 1.605678
6550.967, 339.315086, 1.626155
16904.234, 339.271033, 1.653524
2757.657, 339.332535, 1.614399
10950.242, 339.367705, 1.589859
3820.992, 339.487435, 1.510381
8760.867, 339.359921, 1.594261
2699.899, 339.400230, 1.567639
6018.784, 339.278356, 1.648124
3847.302, 339.348158, 1.601518
3291.344, 339.490865, 1.506285
18749.706, 339.475111, 1.515524
3332.143, 339.280858, 1.644956
9216.686, 339.418277, 1.551904
30617.877, 339.315607, 1.620163
11500.002, 339.294445, 1.635032
6581.095, 339.273281, 1.648368
19476.686, 339.612306, 1.423871
2820.679, 339.321252, 1.617367
74551.152, 339.281140, 1.640204
12614.221, 339.440164, 1.537716
4380.936, 339.361810, 1.589883
12473.601, 339.266722, 1.651496
4905.481, 339.399747, 1.563837
8242.302, 339.298809, 1.630479
31422.276, 339.468699, 1.516799
9254.198, 339.371133, 1.582009
6085.443, 339.309563, 1.622648
4432.782, 339.432128, 1.541846
2754.460, 339.333845, 1.605678
14172.650, 339.401852, 1.558704
6417.127, 339.321388, 1.612743
6590.991, 339.380240, 1.572391
94389.007, 339.551236, 1.456242
4404.856, 339.283046, 1.635732
12482.254, 339.337886, 1.597994
39763.265, 339.264550, 1.644972
13142.483, 339.286531, 1.631723
6638.163, 339.313627, 1.613886
9831.800, 339.439531, 1.529281
14744.538, 339.326859, 1.604004
22950.717, 339.274837, 1.637656
3859.316, 339.368710, 1.576300
246424.264, 339.265142, 1.635503
2764.147, 339.305649, 1.616810
9826.043, 339.488841, 1.495188
6585.680, 339.351519, 1.585322
9992.481, 339.312715, 1.610699
17513.699, 339.282525, 1.630028
2755.495, 339.399973, 1.553082
6056.014, 339.258873, 1.645006
4959.932, 339.449379, 1.519074
3269.074, 339.439300, 1.525654
94983.094, 339.290561, 1.620633
11956.493, 339.276490, 1.632062
2734.835, 339.375231, 1.566730
6087.489, 339.366350, 1.571344
3292.258, 339.359615, 1.576086
8225.493, 339.394110, 1.552995
8114.557, 339.333757, 1.592423
36456.939, 339.282529, 1.624114
7632.071, 339.259331, 1.641268
76711.431, 339.321969, 1.595581
4326.618, 339.463672, 1.504165
5480.970, 339.339542, 1.585195
3315.977, 339.403610, 1.541326
7120.382, 339.269269, 1.628541
82021.501, 339.290053, 1.611875
2704.946, 339.369881, 1.561185
8155.637, 339.344293, 1.577312
38575.739, 339.273959, 1.621847
11546.824, 339.332564, 1.584225
8167.571, 339.281123, 1.617760
4435.495, 339.347648, 1.573598
2728.543, 339.315640, 1.594991
7138.019, 339.365856, 1.561069
5484.353, 339.283723, 1.614206
7108.855, 339.267573, 1.624911
5994.582, 339.302892, 1.600947
9196.017, 339.267893, 1.621907
3775.204, 339.260163, 1.626363
22293.537, 339.262047, 1.623612
10890.806, 339.302495, 1.594360
30281.690, 339.289146, 1.601757
8737.897, 339.276308, 1.611226
33787.592, 339.253590, 1.623808
3893.324, 339.332309, 1.573945
7563.754, 339.259308, 1.621135
2761.886, 339.311067, 1.587156
8780.801, 339.249455, 1.627032
15375.180, 339.351793, 1.558779
14152.910, 339.295151, 1.595426
3343.209, 339.364428, 1.549351
14121.546, 339.275971, 1.606322
6020.594, 339.429289, 1.505645
5514.464, 339.282201, 1.601271
24580.095, 339.284193, 1.598625
10930.289, 339.380152, 1.533969
44345.221, 339.260553, 1.611995
6478.304, 339.254409, 1.617445
6000.791, 339.425015, 1.504389
7132.894, 339.330619, 1.565987
27297.725, 339.243325, 1.621552
3200.901, 339.396159, 1.522766
10353.395, 339.336212, 1.560605
7616.771, 339.295717, 1.587409
8204.690, 339.275608, 1.600662
6005.909, 339.348967, 1.551317
16306.320, 339.342505, 1.555132
12526.361, 339.315858, 1.572652
22329.452, 339.253569, 1.612527
2754.476, 339.288496, 1.591110
2723.669, 339.308579, 1.577361
33848.636, 339.589282, 1.389206
15247.302, 339.244686, 1.617130
6042.686, 339.259896, 1.606506
4370.255, 339.533778, 1.425773
5512.950, 339.275802, 1.595642
7033.801, 339.385358, 1.521326
67452.135, 339.294885, 1.579121
36158.419, 339.427086, 1.491384
3794.388, 339.325118, 1.560556
5519.148, 339.247164, 1.610791
4402.775, 339.289460, 1.582552
3849.079, 339.379045, 1.523344
9741.385, 339.266111, 1.597238
2791.985, 339.242659, 1.612478
21772.536, 339.402814, 1.504533
12599.930, 339.302825, 1.571499
21186.977, 339.246810, 1.607661
56081.714, 339.389841, 1.510880
9859.683, 339.298119, 1.573716
13067.082, 339.353377, 1.536059
2823.402, 339.271315, 1.591487
15846.095, 339.268775, 1.592456
6569.550, 339.394074, 1.508063
12087.477, 339.301291, 1.568054
16425.328, 339.298116, 1.569852
4896.311, 339.285148, 1.579674
4956.116, 339.279717, 1.583252
15479.040, 339.429072, 1.483303
19149.708, 339.319910, 1.554056
124466.111, 339.308321, 1.558878
11461.619, 339.257165, 1.595484
7722.116, 339.249075, 1.601475
15774.195, 339.274128, 1.584546
3842.982, 339.260626, 1.594073
13140.553, 339.237921, 1.606885
4389.549, 339.384010, 1.511467
8214.284, 339.253758, 1.596964
8806.262, 339.267664, 1.587478
37005.124, 339.330528, 1.544216
28522.443, 339.552662, 1.396664
6629.932, 339.342085, 1.536852
4942.995, 339.285498, 1.574580
23946.945, 339.291064, 1.569127
4888.061, 339.299721, 1.564040
6594.553, 339.353393, 1.527852
11995.943, 339.317287, 1.551536
27617.825, 339.271231, 1.580421
117949.096, 339.242702, 1.596438
64855.537, 339.287153, 1.568306
5387.226, 339.251508, 1.593465
4880.720, 339.258645, 1.588867
8721.521, 339.435062, 1.471056
7663.080, 339.338378, 1.533114
5431.360, 339.294979, 1.561951
6024.503, 339.279559, 1.572462
7598.557, 339.252319, 1.589746
4998.599, 339.509788, 1.419310
22903.459, 339.246236, 1.590357
12586.480, 339.310819, 1.548379
4427.725, 339.260127, 1.581378
27708.778, 339.232855, 1.598420
18585.497, 339.294145, 1.556273
85634.190, 339.389173, 1.490857
8680.605, 339.269524, 1.572478
21921.024, 339.367125, 1.505914
7044.012, 339.299739, 1.552035
16960.783, 339.284087, 1.561841
17504.908, 339.234893, 1.593178
6085.815, 339.322976, 1.535009
9328.608, 339.270554, 1.569637
9917.930, 339.247163, 1.585132
18628.522, 339.256205, 1.577915
21791.860, 339.360474, 1.508278
7730.105, 339.237923, 1.588188
6580.221, 339.283861, 1.557722
5505.096, 339.303770, 1.543460
8191.927, 339.242945, 1.584060
105192.223, 339.227645, 1.589979
7678.770, 339.315088, 1.533914
8710.171, 339.232845, 1.587610
5399.952, 339.416598, 1.466080
3267.421, 339.261339, 1.568101
4457.431, 339.236002, 1.584797
16474.316, 339.391062, 1.479909
4431.682, 339.256858, 1.569737
12010.784, 339.315297, 1.529268
14759.667, 339.250411, 1.572132
3211.335, 339.277804, 1.554339
11980.880, 339.338102, 1.513107
10326.385, 339.257386, 1.566469
8714.750, 339.231085, 1.584236
25046.801, 339.244910, 1.573514
23918.037, 339.297480, 1.536361
34105.405, 339.518563, 1.389900
63525.829, 339.289190, 1.539321
77316.525, 339.412896, 1.456949
4366.934, 339.354216, 1.497738
25646.995, 339.319827, 1.518379
14268.430, 339.223227, 1.581888
3221.827, 339.466070, 1.421978
16351.052, 339.281562, 1.542873
7622.421, 339.228517, 1.578258
23383.942, 339.242328, 1.567998
40815.756, 339.235414, 1.571451
15253.207, 339.218207, 1.582236
5512.394, 339.262296, 1.553466
28339.979, 339.250038, 1.558850
3269.772, 339.328863, 1.508803
3818.096, 339.257130, 1.556372
8075.541, 339.223752, 1.577958
9850.943, 339.315891, 1.516620
6625.603, 339.360858, 1.486616
3275.696, 339.297263, 1.529156
45096.321, 339.265436, 1.545983
7090.220, 339.272300, 1.543378
3306.863, 339.498728, 1.393365
9247.621, 339.311658, 1.516241
3873.295, 339.374797, 1.474980
23379.541, 339.304180, 1.519043
4367.836, 339.258392, 1.549818
8754.896, 339.253805, 1.552633
4365.788, 339.224246, 1.571532
3345.635, 339.214814, 1.577324
4454.742, 339.379744, 1.467455
5486.156, 339.226597, 1.568555
5494.451, 339.236887, 1.561125
22312.698, 339.220588, 1.570713
36469.862, 339.243813, 1.554965
5529.115, 339.231255, 1.563986
3820.334, 339.293623, 1.522352
4948.354, 339.337021, 1.493168
3823.920, 339.213665, 1.574454
10918.563, 339.258136, 1.544017
2765.147, 339.515058, 1.374402
57548.571, 339.499183, 1.381973
8715.987, 339.383095, 1.461331
8291.274, 339.303527, 1.512672
3857.377, 339.280899, 1.527758
34323.020, 339.266206, 1.536311
7626.007, 339.344984, 1.484133
5017.561, 339.421604, 1.432866
5485.820, 339.324182, 1.496829
5386.214, 339.319708, 1.499319
10450.867, 339.286734, 1.521087
8178.082, 339.312811, 1.503272
9755.671, 339.233989, 1.555213
5498.238, 339.213253, 1.569300
14140.952, 339.229820, 1.556857
10902.556, 339.219585, 1.563852
3308.676, 339.388818, 1.452166
6004.824, 339.306426, 1.506394
92414.979, 339.264456, 1.530612
19723.812, 339.241071, 1.548565
5472.089, 339.224909, 1.559815
4916.941, 339.222791, 1.561392
2663.854, 339.349973, 1.476516
4913.395, 339.300847, 1.508302
5545.820, 339.406409, 1.438241
3346.652, 339.324827, 1.491907
7726.901, 339.424937, 1.424754
112552.657, 339.250156, 1.538954
3801.164, 339.275993, 1.523120
7097.850, 339.213539, 1.564229
2690.104, 339.528976, 1.354671
38970.136, 339.221641, 1.555179
114907.911, 339.510567, 1.363091
116331.276, 339.442899, 1.407604
3850.171, 339.449066, 1.405771
9951.507, 339.324050, 1.487724
44258.766, 339.206527, 1.561972
7656.726, 339.267654, 1.524599
51123.740, 339.223715, 1.551160
5452.931, 339.357223, 1.464725
3297.155, 339.275661, 1.518451
3272.850, 339.424772, 1.419488
4414.196, 339.343217, 1.473094
2735.862, 339.298966, 1.502219
15867.957, 339.217844, 1.555326
73770.347, 339.209935, 1.556909
8205.306, 339.232489, 1.542852
6038.006, 339.390273, 1.438952
19608.915, 339.245044, 1.533373
36533.552, 339.226629, 1.545324
9268.629, 339.305986, 1.493836
7177.736, 339.392860, 1.436289
5979.645, 339.257252, 1.525192
4960.582, 339.290902, 1.503210
28294.495, 339.217614, 1.549087
6577.028, 339.311548, 1.485246
13116.494, 339.225355, 1.542016
2798.367, 339.277400, 1.507987
6046.246, 339.321981, 1.476925
106079.307, 339.203050, 1.551972
2735.032, 339.375497, 1.441769
11473.753, 339.525065, 1.340843
3342.381, 339.370039, 1.443585
12159.480, 339.297768, 1.490622
26224.588, 339.218832, 1.541936
6038.383, 339.309367, 1.483173
4900.298, 339.261730, 1.513055
9910.486, 339.226703, 1.535105
51148.097, 339.238572, 1.525030
21280.441, 339.207829, 1.546487
76273.898, 339.227703, 1.529622
19666.058, 339.246219, 1.519599
15831.780, 339.371160, 1.437109
7182.428, 339.322503, 1.469785
7689.609, 339.243886, 1.521372
3837.735, 339.293759, 1.488668
73005.364, 339.330733, 1.460233
23427.957, 339.215206, 1.537488
8757.775, 339.210489, 1.541473
6079.540, 339.352098, 1.447338
2745.428, 339.300834, 1.481989
33243.901, 339.265849, 1.504062
39829.524, 339.203239, 1.544619
11010.480, 339.358228, 1.442833
40490.718, 339.429687, 1.392836
5932.423, 339.284350, 1.488866
7639.869, 339.205398, 1.540942
4360.900, 339.339807, 1.452036
5526.437, 339.252806, 1.508745
45247.606, 339.205304, 1.536021
16336.645, 339.198636, 1.544112
7765.031, 339.391950, 1.416554
4435.190, 339.305785, 1.473618
14813.462, 339.227672, 1.523529
7183.909, 339.209952, 1.536532
6540.174, 339.274541, 1.492835
14326.761, 339.243006, 1.512833
4414.422, 339.412364, 1.400044
15265.210, 339.307992, 1.468515
3832.233, 339.294166, 1.478096
4909.809, 339.364156, 1.431558
12048.901, 339.281819, 1.485076
11532.324, 339.232445, 1.517645
42085.118, 339.193341, 1.542001
7631.371, 339.271870, 1.491214
3266.487, 339.229949, 1.519596
14825.560, 339.222831, 1.523795
26106.838, 339.210710, 1.529142
22239.912, 339.245690, 1.505465
4330.062, 339.275767, 1.486953
8167.377, 339.286954, 1.478359
3271.458, 339.218644, 1.524324
7130.986, 339.325240, 1.452950
12014.909, 339.271415, 1.488264
8264.672, 339.257609, 1.497087
8724.479, 339.312293, 1.460531
41060.838, 339.414745, 1.391063
47197.205, 339.239754, 1.506150
6030.787, 339.225907, 1.516660
38674.830, 339.271749, 1.482773
73976.189, 339.204192, 1.526436
82781.580, 339.491125, 1.336975
3877.521, 339.323595, 1.450012
13595.866, 339.256255, 1.493504
32000.476, 339.198653, 1.530800
16294.487, 339.345163, 1.433452
11432.560, 339.278094, 1.478825
17367.006, 339.357028, 1.425264
10390.773, 339.246915, 1.497868
76527.721, 339.402630, 1.391588
2738.570, 339.300966, 1.461423
17997.642, 339.189956, 1.533027
4925.519, 339.469708, 1.349392
15373.185, 339.327365, 1.442430
53405.839, 339.215418, 1.512943
13607.676, 339.320019, 1.447246
24939.216, 339.292518, 1.464238
58504.914, 339.410541, 1.383949
10335.374, 339.304218, 1.455881
15416.990, 339.212042, 1.515043
9332.721, 339.343015, 1.430008
3271.569, 339.307047, 1.453080
17517.113, 339.235714, 1.499088
10951.018, 339.230310, 1.503110
16391.697, 339.219438, 1.509628
5974.507, 339.314950, 1.446578
4366.240, 339.222992, 1.507844
104399.889, 339.190548, 1.523736
12030.625, 339.318967, 1.443433
13415.263, 339.309962, 1.448363
21854.817, 339.296198, 1.456461
2698.243, 339.356311, 1.417741
5513.330, 339.251292, 1.486731
17525.870, 339.242752, 1.491017
8762.668, 339.225480, 1.503415
5446.313, 339.305197, 1.449284
47057.357, 339.255295, 1.481604
2725.281, 339.246676, 1.489073
3854.741, 339.279120, 1.467284
33737.263, 339.195461, 1.520256
32122.690, 339.286275, 1.460127
5474.469, 339.310814, 1.444982
3300.841, 339.331311, 1.431443
3821.357, 339.504183, 1.316240
10029.393, 339.521934, 1.303758
7182.222, 339.388508, 1.391623
3289.001, 339.288473, 1.457883
5962.852, 339.206902, 1.511523
13135.547, 339.203433, 1.513037
2714.026, 339.182527, 1.527615
7117.088, 339.377186, 1.398293
3309.452, 339.340573, 1.423004
5488.949, 339.337857, 1.424304
8113.655, 339.222601, 1.499758
3251.872, 339.236774, 1.490738
71903.778, 339.230581, 1.492033
8228.969, 339.196953, 1.516137
10972.238, 339.268264, 1.468529
8734.091, 339.247246, 1.481971
8317.953, 339.345253, 1.416721
5983.280, 339.180314, 1.525482
8816.532, 339.342828, 1.417384
13168.404, 339.198063, 1.513023
5538.585, 339.286661, 1.454608
43069.034, 339.182675, 1.519954
125729.773, 339.523608, 1.294478
4989.010, 339.335721, 1.421933
30602.868, 339.259209, 1.469571
6014.807, 339.248208, 1.479457
12034.177, 339.194148, 1.514830
27749.756, 339.330526, 1.423834
9825.189, 339.279095, 1.458462
12161.037, 339.206366, 1.505867
10947.629, 339.201149, 1.508968
14762.069, 339.317628, 1.431641
15308.627, 339.268011, 1.463895
31039.150, 339.294109, 1.446164
8256.429, 339.280905, 1.455305
20781.591, 339.190329, 1.513271
3267.743, 339.232833, 1.486793
6617.950, 339.195436, 1.510758
5965.657, 339.218114, 1.495679
7595.674, 339.370740, 1.394647
13106.830, 339.287943, 1.448852
17515.988, 339.269494, 1.460364
2735.429, 339.265371, 1.464033
11980.330, 339.374176, 1.390488
4997.335, 339.209342, 1.499832
42055.011, 339.215109, 1.492299
13657.921, 339.396152, 1.374483
4378.120, 339.258905, 1.465764
2718.134, 339.198223, 1.506021
2724.051, 339.432978, 1.350233
25635.037, 339.243490, 1.474394
11524.977, 339.183887, 1.513873
3238.823, 339.222899, 1.488207
5501.143, 339.384570, 1.380800
7139.299, 339.208470, 1.496798
34320.771, 339.190283, 1.507705
2702.527, 339.180621, 1.515540
10299.541, 339.323991, 1.419310
2748.919, 339.273821, 1.453483
8807.687, 339.295891, 1.437855
4344.419, 339.195460, 1.504312
5546.732, 339.365175, 1.391865
4968.472, 339.253424, 1.465434
7114.655, 339.381265, 1.380686
13076.468, 339.343525, 1.405546
9835.122, 339.269389, 1.453353
10315.022, 339.249724, 1.466916
5495.420, 339.335387, 1.410276
10268.149, 339.265083, 1.455908
12022.867, 339.209808, 1.491920
13274.302, 339.521870, 1.284730
22292.094, 339.198555, 1.497940
15222.986, 339.191675, 1.503190
10367.063, 339.183927, 1.508610
30534.449, 339.176560, 1.511677
26122.465, 339.221100, 1.481341
15201.531, 339.212922, 1.487501
18436.220, 339.272977, 1.447370
8287.675, 339.289441, 1.437314
3346.762, 339.259666, 1.457329
8259.240, 339.248935, 1.463533
3314.715, 339.237097, 1.471649
10896.814, 339.206870, 1.490501
85150.243, 339.402059, 1.358762
7095.181, 339.225442, 1.478032
14832.668, 339.309978, 1.421223
11404.853, 339.172441, 1.512265
12546.955, 339.260917, 1.453290
4915.866, 339.371378, 1.379951
3827.399, 339.346872, 1.396087
5467.796, 339.320735, 1.412730
10974.528, 339.184178, 1.502318
6515.290, 339.366597, 1.381472
3300.501, 339.189209, 1.498994
7656.246, 339.175231, 1.507617
3282.469, 339.212077, 1.483252
21778.191, 339.192277, 1.495196
104761.998, 339.169639, 1.507047
5559.179, 339.307887, 1.418733
4916.617, 339.250822, 1.456230
3246.709, 339.330009, 1.403892
12025.079, 339.232152, 1.467194
5030.196, 339.199917, 1.489420
3252.522, 339.239381, 1.462428
3838.593, 339.228540, 1.469834
20678.301, 339.185036, 1.497407
4941.628, 339.278782, 1.436193
40755.978, 339.222847, 1.469786
10907.503, 339.196279, 1.489954
3229.466, 339.263364, 1.445127
3770.291, 339.217990, 1.475297
9367.790, 339.306787, 1.415345
21793.769, 339.242455, 1.456268
8724.534, 339.390941, 1.359721
31581.646, 339.267919, 1.439509
22843.285, 339.214654, 1.474503
15837.631, 339.308478, 1.412543
9917.378, 339.300719, 1.417799
9789.286, 339.194845, 1.487024
20228.588, 339.228698, 1.463419
112902.100, 339.185831, 1.488895
19085.884, 339.172486, 1.501231
6594.678, 339.351386, 1.383234
23495.656, 339.175146, 1.497770
6636.969, 339.328615, 1.396397
22856.168, 339.218290, 1.468007
4911.919, 339.207741, 1.476580
12583.394, 339.368502, 1.369381
13664.525, 339.325254, 1.397735
3293.634, 339.275337, 1.431253
5466.826, 339.246002, 1.450113
12584.253, 339.335409, 1.390370
2728.648, 339.478861, 1.295974
7597.278, 339.362084, 1.371960
82085.583, 339.249609, 1.443616
3331.148, 339.495157, 1.284500
18537.002, 339.345354, 1.381629
4895.803, 339.302737, 1.410944
9263.019, 339.238306, 1.453003
6579.247, 339.337412, 1.386939
2772.532, 339.223114, 1.462776
108938.558, 339.210387, 1.467990
4393.371, 339.177550, 1.492584
28934.923, 339.233547, 1.454034
16306.256, 339.206009, 1.472525
23417.336, 339.171491, 1.494580
86296.167, 339.307430, 1.402647
17912.641, 339.270276, 1.429754
42949.546, 339.237892, 1.448306
14665.249, 339.274312, 1.425793
13725.216, 339.362520, 1.367639
4332.479, 339.254906, 1.439577
7688.895, 339.163341, 1.499576
53286.181, 339.487848, 1.282279
10405.624, 339.313324, 1.399592
2754.615, 339.286250, 1.417945
4955.026, 339.266235, 1.430605
33885.558, 339.199807, 1.473191
5526.980, 339.295135, 1.410742
8180.374, 339.174612, 1.490240
10884.541, 339.192374, 1.476904
34260.099, 339.178753, 1.484300
4392.709, 339.326533, 1.388346
8752.633, 339.314134, 1.396061
10453.910, 339.275564, 1.421087
21917.508, 339.223890, 1.453309
12550.464, 339.162422, 1.496085
12092.691, 339.170924, 1.489351
21226.915, 339.279735, 1.416785
9903.121, 339.381321, 1.350087
7587.207, 339.419311, 1.324093
9937.530, 339.181798, 1.480882
3910.283, 339.266501, 1.425196
13019.828, 339.201653, 1.467063
53900.017, 339.197132, 1.468459
4403.343, 339.332554, 1.380891
16987.083, 339.285798, 1.411029
18967.337, 339.255410, 1.431088
6453.127, 339.187710, 1.476210
9814.503, 339.185621, 1.477011
23323.100, 339.357233, 1.362228
19119.726, 339.300158, 1.399727
22994.411, 339.261458, 1.423788
21345.403, 339.161431, 1.490507
6534.380, 339.341656, 1.371852
3334.413, 339.311693, 1.392030
5478.491, 339.213987, 1.456417
4942.518, 339.348834, 1.366941
7092.515, 339.337507, 1.374271
103487.384, 339.184305, 1.470744
9324.833, 339.174705, 1.481675
10420.142, 339.271915, 1.416684
3830.185, 339.211991, 1.457173
3834.894, 339.171704, 1.483175
25002.606, 339.465313, 1.288157
25222.028, 339.325017, 1.378498
5541.624, 339.175939, 1.478924
23965.941, 339.231039, 1.440582
10402.676, 339.190752, 1.468229
35009.955, 339.273836, 1.411555
122567.679, 339.169854, 1.476612
19794.886, 339.164627, 1.484708
8165.318, 339.319999, 1.381924
33791.776, 339.201724, 1.459225
6608.732, 339.296494, 1.397506
49382.683, 339.195118, 1.461899
4335.107, 339.347860, 1.363214
44478.799, 339.378352, 1.340752
2748.839, 339.257164, 1.422724
5342.153, 339.216149, 1.449776
12031.915, 339.339592, 1.367512
21709.757, 339.220129, 1.444905
4924.283, 339.470351, 1.280480
7576.605, 339.343507, 1.363491
28300.973, 339.308259, 1.384911
9804.509, 339.249064, 1.425231
14747.095, 339.244581, 1.427386
3257.349, 339.444110, 1.295842
14756.111, 339.481635, 1.269136
5482.407, 339.230330, 1.436347
15198.167, 339.222601, 1.440864
46787.969, 339.200165, 1.453952
21717.531, 339.213809, 1.444962
2749.364, 339.212904, 1.447647
3832.253, 339.168006, 1.477240
5552.053, 339.442240, 1.295250
4917.232, 339.164066, 1.479046
2756.767, 339.399893, 1.323267
4910.518, 339.356052, 1.351963
10379.051, 339.259861, 1.415375
12002.919, 339.158223, 1.481814
3879.476, 339.155176, 1.484629
14281.116, 339.291964, 1.392731
4390.996, 339.186845, 1.462290
4397.684, 339.310533, 1.380520
3854.742, 339.276944, 1.402612
40327.259, 339.254482, 1.413875
13632.401, 339.374217, 1.337531
113627.056, 339.191845, 1.454462
13671.529, 339.326604, 1.367923
8135.676, 339.163328, 1.476326
5022.901, 339.502537, 1.252036
4365.554, 339.293818, 1.389484
9278.731, 339.229323, 1.431715
10381.824, 339.209034, 1.445294
9258.850, 339.268998, 1.405430
4912.764, 339.242384, 1.422658
32244.752, 339.175366, 1.465216
32716.861, 339.151347, 1.480533
3792.078, 339.397084, 1.319851
15936.010, 339.181694, 1.461408
3823.853, 339.333668, 1.361209
30550.729, 339.273080, 1.399092
8777.838, 339.269941, 1.401734
4398.196, 339.155178, 1.478513
7098.523, 339.334401, 1.359048
5529.161, 339.304811, 1.378573
3357.438, 339.295562, 1.384948
14817.533, 339.228371, 1.428364
10376.428, 339.260026, 1.407660
9320.852, 339.395955, 1.317238
4916.196, 339.327578, 1.362752
28424.508, 339.215202, 1.436233
27743.494, 339.183776, 1.457001
3816.541, 339.263317, 1.404798
3857.869, 339.241885, 1.418639
11530.074, 339.205525, 1.442323
10369.221, 339.201478, 1.445366
8146.390, 339.301575, 1.378811
3285.443, 339.291380, 1.385885
