# Source Fluxes and Coordinates
# Flux (e-/s), RA (deg), Dec (deg)
52177.630, 339.634193, 1.653417
2829.726, 339.406720, 1.804169
3867.067, 339.400836, 1.808263
4534.339, 339.372347, 1.826803
18147.610, 339.419695, 1.794031
18377.311, 339.375080, 1.823476
2797.727, 339.411254, 1.799887
149645.408, 339.547535, 1.705362
5101.325, 339.559535, 1.700451
6075.469, 339.405120, 1.801748
106191.965, 339.405031, 1.796571
10048.014, 339.437030, 1.777702
17697.962, 339.447446, 1.768899
3838.130, 339.459348, 1.761705
28237.364, 339.387613, 1.806645
6062.598, 339.391920, 1.804943
36482.646, 339.382085, 1.808054
6720.897, 339.400460, 1.798109
20525.312, 339.372654, 1.815946
67749.847, 339.625593, 1.644296
7779.415, 339.427845, 1.776915
42046.600, 339.375905, 1.807606
5578.743, 339.394836, 1.797054
3972.690, 339.488490, 1.734333
14849.941, 339.382617, 1.803225
8355.476, 339.407069, 1.784729
21570.471, 339.389603, 1.793329
11102.651, 339.361118, 1.812165
11561.268, 339.651411, 1.620263
23339.609, 339.397193, 1.784822
2766.820, 339.467974, 1.740513
14329.469, 339.375754, 1.800800
7749.377, 339.434726, 1.760969
14397.380, 339.423949, 1.767867
13853.944, 339.401147, 1.782042
5051.025, 339.385102, 1.794099
2798.467, 339.478080, 1.732153
7770.734, 339.429175, 1.762701
37122.056, 339.370540, 1.798963
7306.369, 339.522987, 1.699670
2818.524, 339.412785, 1.772549
14972.652, 339.365294, 1.802858
174158.398, 339.695235, 1.582387
12767.119, 339.459554, 1.739846
10670.230, 339.470787, 1.732700
9941.858, 339.436052, 1.755365
3311.186, 339.378773, 1.793547
3921.849, 339.454690, 1.742933
10447.927, 339.395886, 1.780688
45193.796, 339.397996, 1.776508
37958.910, 339.485823, 1.718125
17784.718, 339.611940, 1.636007
7277.114, 339.441424, 1.749290
13274.246, 339.369527, 1.794110
7823.834, 339.361088, 1.799514
12204.907, 339.421442, 1.758015
3388.018, 339.402516, 1.770100
4926.585, 339.446744, 1.740495
4949.276, 339.454060, 1.735072
2839.716, 339.392308, 1.775327
13246.537, 339.363171, 1.794116
47772.091, 339.499602, 1.701551
18267.589, 339.472332, 1.720645
31048.310, 339.389123, 1.774664
40504.674, 339.383667, 1.777815
17749.515, 339.352309, 1.798316
8862.028, 339.364327, 1.789353
25972.585, 339.385276, 1.772646
2789.290, 339.377867, 1.780290
4493.355, 339.564045, 1.656637
336154.151, 339.606032, 1.622349
6637.291, 339.368759, 1.783190
62524.808, 339.438620, 1.734505
14957.466, 339.373302, 1.779785
4463.555, 339.448703, 1.729831
4556.571, 339.379604, 1.774868
3320.364, 339.582009, 1.640398
3367.734, 339.396939, 1.761938
5592.534, 339.547268, 1.662046
9432.809, 339.406241, 1.755031
2779.588, 339.454808, 1.722866
3299.260, 339.592655, 1.631636
6718.055, 339.377604, 1.772111
53374.730, 339.663736, 1.580234
3444.847, 339.382799, 1.768045
3276.814, 339.693723, 1.562595
9441.602, 339.592682, 1.628196
9925.658, 339.383594, 1.765272
6120.564, 339.379672, 1.768317
7871.663, 339.441644, 1.726332
6692.572, 339.407974, 1.748638
9414.774, 339.351668, 1.785402
4956.319, 339.359554, 1.779978
5464.524, 339.428305, 1.733538
18258.471, 339.418810, 1.739427
8339.150, 339.361904, 1.775845
96623.047, 339.513052, 1.673990
9925.960, 339.497006, 1.687173
17158.425, 339.449301, 1.717928
91446.802, 339.370783, 1.768501
6084.310, 339.605223, 1.615478
9449.964, 339.349004, 1.782346
10606.469, 339.388514, 1.755005
7233.748, 339.344309, 1.782758
7221.439, 339.405844, 1.741564
6152.160, 339.427569, 1.726630
12155.075, 339.461607, 1.702284
3287.917, 339.484699, 1.687066
5631.465, 339.357222, 1.771150
5610.760, 339.530649, 1.656354
8289.103, 339.389447, 1.749383
7765.964, 339.381118, 1.753240
4923.788, 339.382749, 1.750149
3913.259, 339.348937, 1.771254
3328.500, 339.357068, 1.763399
5022.635, 339.572633, 1.620297
75724.668, 339.417824, 1.719276
3888.929, 339.436492, 1.709720
3314.780, 339.372312, 1.751678
7824.173, 339.365211, 1.756458
8983.816, 339.426851, 1.713957
33376.798, 339.604481, 1.595419
3908.416, 339.411205, 1.724197
8889.489, 339.343842, 1.768000
143285.984, 339.521467, 1.646561
34571.322, 339.579095, 1.610768
4420.014, 339.462796, 1.688603
2747.371, 339.376111, 1.746050
45586.122, 339.506073, 1.655633
13234.833, 339.346814, 1.761417
19388.783, 339.386138, 1.733958
2826.943, 339.343617, 1.763627
2799.041, 339.434896, 1.702407
3302.046, 339.651962, 1.558551
11066.603, 339.468423, 1.679219
6670.233, 339.354819, 1.754401
11092.691, 339.414031, 1.714125
16665.116, 339.494562, 1.660414
6763.883, 339.429647, 1.704234
8358.994, 339.436921, 1.698072
6758.528, 339.398143, 1.723862
2838.969, 339.508627, 1.650601
3928.737, 339.401210, 1.721341
5090.172, 339.359813, 1.748605
315986.532, 339.401850, 1.711207
10524.593, 339.378825, 1.734649
6105.349, 339.351832, 1.752706
41563.572, 339.333015, 1.760353
9434.328, 339.354733, 1.748916
4491.005, 339.373332, 1.736314
16126.062, 339.600053, 1.585499
7239.975, 339.381931, 1.729553
6080.759, 339.532115, 1.629463
8842.556, 339.427610, 1.697129
3837.969, 339.420181, 1.701513
66021.413, 339.413069, 1.703233
4988.575, 339.392039, 1.718115
3888.943, 339.341705, 1.751946
7765.743, 339.382823, 1.722108
13834.424, 339.370310, 1.729562
17240.458, 339.337707, 1.750338
3937.511, 339.563738, 1.600613
21094.231, 339.354109, 1.737260
83232.398, 339.390962, 1.709755
17248.775, 339.423865, 1.689551
18905.869, 339.364508, 1.727339
8877.657, 339.324319, 1.755243
5691.448, 339.525865, 1.621491
6137.051, 339.411612, 1.696264
5619.186, 339.478819, 1.651318
5078.785, 339.615660, 1.558929
14441.765, 339.368077, 1.719694
5517.177, 339.346933, 1.734838
6166.620, 339.579281, 1.581120
5017.104, 339.435860, 1.675339
7162.371, 339.341577, 1.737635
3943.905, 339.336362, 1.740982
9515.530, 339.349294, 1.730592
16031.200, 339.334157, 1.739290
28154.947, 339.411572, 1.687989
10540.711, 339.329202, 1.743164
11121.832, 339.391462, 1.701299
24414.843, 339.323320, 1.745090
6119.990, 339.406520, 1.691442
8867.913, 339.342414, 1.732830
5537.972, 339.483303, 1.639707
5045.000, 339.453048, 1.658967
4442.168, 339.567563, 1.583083
2854.401, 339.496906, 1.629692
24927.922, 339.379733, 1.704895
20521.250, 339.368568, 1.710903
17691.600, 339.360580, 1.716886
7194.286, 339.492961, 1.630468
84740.465, 339.416081, 1.675258
9441.340, 339.346629, 1.726470
26581.310, 339.538822, 1.598479
7229.423, 339.339181, 1.730951
5554.275, 339.439722, 1.663521
43371.727, 339.661517, 1.514667
4445.663, 339.481769, 1.635281
13281.277, 339.412489, 1.679427
35896.008, 339.321218, 1.739227
3867.260, 339.448364, 1.655579
14489.130, 339.444018, 1.656595
7840.303, 339.350566, 1.718704
4460.470, 339.476460, 1.635164
11192.694, 339.424045, 1.669456
101390.136, 339.642260, 1.522153
8816.203, 339.487210, 1.627118
3328.022, 339.371204, 1.704595
4437.685, 339.506116, 1.614937
12700.545, 339.395305, 1.687468
5642.342, 339.377492, 1.699346
9324.319, 339.339036, 1.724783
10562.318, 339.326354, 1.732768
7204.002, 339.354105, 1.714520
4960.205, 339.343092, 1.721738
6751.273, 339.483070, 1.628780
10666.601, 339.562894, 1.574994
3853.516, 339.555428, 1.580382
10022.703, 339.351293, 1.712516
7102.586, 339.334689, 1.723348
55325.129, 339.322315, 1.727915
4485.959, 339.457075, 1.642296
6067.961, 339.312904, 1.737399
3935.031, 339.496342, 1.615985
7218.230, 339.401039, 1.678579
10166.624, 339.585423, 1.555175
6689.616, 339.427031, 1.659720
4985.912, 339.395382, 1.680823
28256.903, 339.383866, 1.686354
8834.883, 339.429357, 1.657719
10489.408, 339.364532, 1.700473
3316.692, 339.360665, 1.703339
6692.160, 339.435254, 1.653686
3337.267, 339.337151, 1.718616
2798.108, 339.433280, 1.654745
6127.587, 339.563580, 1.568106
5552.166, 339.419289, 1.661835
27753.225, 339.393452, 1.677257
9456.076, 339.513744, 1.598727
3297.792, 339.466174, 1.630514
23157.618, 339.354900, 1.702257
3310.302, 339.414587, 1.663871
19886.980, 339.370624, 1.690983
14944.271, 339.333985, 1.715476
12764.448, 339.456049, 1.634716
17169.341, 339.362798, 1.695666
3401.013, 339.623111, 1.523879
2747.395, 339.618086, 1.527379
73873.944, 339.598606, 1.536804
2823.565, 339.412587, 1.662325
4914.945, 339.351770, 1.701807
13814.513, 339.325159, 1.718941
2785.018, 339.618175, 1.525530
6611.644, 339.373643, 1.686824
11074.202, 339.571064, 1.555649
2774.282, 339.371324, 1.688057
31752.075, 339.522493, 1.586217
27520.147, 339.474719, 1.617808
7811.478, 339.338849, 1.707787
5000.796, 339.330668, 1.713422
41746.431, 339.461610, 1.625252
2836.200, 339.415213, 1.655909
11145.595, 339.371915, 1.683640
6143.578, 339.534288, 1.576196
5636.628, 339.430888, 1.643988
11618.391, 339.325954, 1.712581
4447.841, 339.428264, 1.645317
121693.613, 339.409843, 1.653343
9494.604, 339.358181, 1.691462
5506.068, 339.447990, 1.631415
17278.901, 339.346749, 1.697385
12130.853, 339.317043, 1.716513
48299.254, 339.311937, 1.716694
6631.977, 339.432542, 1.640172
3378.290, 339.321714, 1.713215
7231.979, 339.520252, 1.581193
122969.633, 339.636241, 1.501360
6686.183, 339.475652, 1.610133
7760.575, 339.404533, 1.656172
103349.694, 339.435994, 1.631883
11095.832, 339.353080, 1.689421
5042.363, 339.444365, 1.628679
2803.741, 339.344515, 1.694800
5536.342, 339.511463, 1.584100
7884.361, 339.495161, 1.594286
11067.700, 339.369034, 1.677107
9410.740, 339.354114, 1.686980
21125.338, 339.319541, 1.709111
38087.688, 339.360745, 1.681421
3321.531, 339.341075, 1.695299
8895.557, 339.301688, 1.721007
3345.319, 339.304656, 1.717670
12787.525, 339.386410, 1.662375
12726.368, 339.320473, 1.704955
6666.120, 339.444156, 1.623318
3358.608, 339.492455, 1.591143
6583.341, 339.331374, 1.697137
4932.445, 339.299836, 1.718070
6081.111, 339.347097, 1.686341
23126.924, 339.513445, 1.574533
7246.176, 339.423507, 1.634652
3869.269, 339.303165, 1.714442
73063.705, 339.549761, 1.548582
46249.730, 339.404268, 1.645029
21023.398, 339.306912, 1.709797
2810.509, 339.473250, 1.601433
18778.960, 339.356572, 1.677562
5516.555, 339.362447, 1.673128
8254.151, 339.321488, 1.699959
7649.877, 339.297926, 1.715400
4442.357, 339.427219, 1.629790
12770.546, 339.352508, 1.678600
12866.037, 339.339073, 1.687140
20048.985, 339.310494, 1.703971
2826.664, 339.544000, 1.550923
5070.334, 339.399453, 1.644699
11133.308, 339.357673, 1.671966
4966.109, 339.492945, 1.582334
10011.499, 339.513540, 1.567549
3349.949, 339.473364, 1.594775
34230.178, 339.367906, 1.662550
3284.449, 339.530236, 1.556713
3901.436, 339.528327, 1.557974
21029.555, 339.349062, 1.674668
12787.641, 339.407461, 1.634235
159364.826, 339.636823, 1.479497
6674.222, 339.389275, 1.646296
23961.580, 339.314733, 1.694768
54119.930, 339.300337, 1.703678
14987.083, 339.307533, 1.699384
5554.187, 339.401192, 1.637162
5564.938, 339.370663, 1.657443
3870.932, 339.376805, 1.652042
2814.944, 339.563250, 1.528797
8321.244, 339.292875, 1.706393
10014.495, 339.575025, 1.519601
37054.700, 339.331862, 1.676822
6719.000, 339.379953, 1.647136
8333.209, 339.330154, 1.680061
6147.297, 339.309485, 1.693614
22662.755, 339.295965, 1.701158
4429.214, 339.483676, 1.578506
8298.066, 339.458472, 1.594530
5576.166, 339.319846, 1.685809
245695.965, 339.531780, 1.541011
9947.045, 339.402317, 1.631016
157616.712, 339.629723, 1.474701
3339.555, 339.445082, 1.601480
3891.990, 339.380021, 1.644307
12227.166, 339.366041, 1.653245
3312.456, 339.298748, 1.698188
60298.647, 339.290901, 1.700107
20504.348, 339.385103, 1.638872
37564.031, 339.359479, 1.653444
6124.107, 339.424413, 1.611864
8283.130, 339.402436, 1.625716
16120.436, 339.347667, 1.661589
3308.762, 339.315579, 1.683354
8865.786, 339.310964, 1.685589
4408.713, 339.540202, 1.533544
14363.432, 339.324648, 1.673810
2761.079, 339.451696, 1.590965
6677.249, 339.433790, 1.602423
10018.326, 339.422054, 1.609262
4967.453, 339.427208, 1.606218
4951.217, 339.573744, 1.508813
11716.540, 339.538362, 1.531790
10570.740, 339.406785, 1.618826
6642.114, 339.321846, 1.675190
3856.808, 339.317733, 1.677948
3365.564, 339.520904, 1.543710
13803.886, 339.511670, 1.547496
5017.675, 339.314876, 1.677900
5579.995, 339.393048, 1.625765
3337.914, 339.287101, 1.694769
49804.367, 339.291572, 1.689052
128801.584, 339.365494, 1.637272
20489.311, 339.283030, 1.694364
3363.568, 339.369831, 1.638095
19381.409, 339.315993, 1.672780
18922.630, 339.372758, 1.634168
12742.709, 339.329586, 1.663569
36935.334, 339.624340, 1.467176
3916.007, 339.408616, 1.611025
2830.310, 339.484617, 1.560410
2760.164, 339.307030, 1.677753
10528.692, 339.285653, 1.691082
13223.347, 339.379573, 1.628348
21781.301, 339.302848, 1.679097
7212.731, 339.450092, 1.581416
3888.269, 339.355687, 1.643451
120398.998, 339.318637, 1.664023
39145.222, 339.472164, 1.564536
60241.800, 339.327472, 1.659081
2785.545, 339.374687, 1.630007
2800.088, 339.299673, 1.678814
4931.696, 339.388278, 1.619901
14845.426, 339.334497, 1.653005
7207.152, 339.290853, 1.681447
3362.965, 339.388201, 1.616774
6727.628, 339.295464, 1.677671
12208.279, 339.348069, 1.641545
10598.958, 339.291998, 1.678583
23255.341, 339.277788, 1.685886
13360.906, 339.350111, 1.639164
6662.285, 339.301848, 1.670685
2824.622, 339.314997, 1.659952
3383.074, 339.407544, 1.597538
3998.842, 339.346026, 1.637877
3965.202, 339.359664, 1.628596
24982.788, 339.277446, 1.681041
25524.223, 339.296351, 1.667856
6131.117, 339.357015, 1.628958
6145.607, 339.464970, 1.557125
36004.610, 339.320107, 1.652125
12258.626, 339.303966, 1.662329
52416.586, 339.285008, 1.673259
4960.815, 339.407591, 1.590348
23873.050, 339.325078, 1.643596
5075.224, 339.315579, 1.650673
9924.242, 339.504612, 1.525093
6628.848, 339.278220, 1.674497
7734.588, 339.299420, 1.659927
4993.047, 339.292633, 1.664592
9454.188, 339.302446, 1.657620
5574.671, 339.295610, 1.662189
5577.534, 339.290028, 1.665126
10010.173, 339.488248, 1.532591
5641.079, 339.375802, 1.607188
3368.409, 339.451635, 1.556361
17759.556, 339.380697, 1.602360
3946.981, 339.281672, 1.668391
29989.637, 339.481970, 1.533402
10543.098, 339.325435, 1.638422
17678.908, 339.299819, 1.654359
16036.381, 339.536418, 1.497888
209852.652, 339.280790, 1.662621
9441.408, 339.363914, 1.611344
4448.782, 339.293713, 1.657714
2793.674, 339.442264, 1.559771
2784.013, 339.277104, 1.668634
6097.842, 339.290227, 1.659217
3374.822, 339.288408, 1.660721
10036.493, 339.355168, 1.615497
12720.691, 339.301559, 1.650426
5635.406, 339.341248, 1.623861
27072.228, 339.268970, 1.670603
14937.148, 339.438240, 1.559029
81647.327, 339.475533, 1.531262
6087.937, 339.293340, 1.653863
67389.763, 339.590072, 1.456065
13859.100, 339.358620, 1.609061
20533.256, 339.295249, 1.650843
14859.526, 339.286804, 1.656367
5066.366, 339.320217, 1.634826
23772.478, 339.302761, 1.645354
3883.697, 339.355951, 1.610995
23832.362, 339.332205, 1.626138
5112.894, 339.337142, 1.622164
5056.400, 339.290738, 1.652845
3877.189, 339.299141, 1.646066
2820.998, 339.327999, 1.626576
7240.719, 339.382779, 1.589008
8809.028, 339.323506, 1.627724
10000.972, 339.272426, 1.661618
30472.367, 339.305088, 1.638278
12273.674, 339.279687, 1.655542
20989.406, 339.297528, 1.642346
7166.847, 339.281712, 1.653491
20439.728, 339.378666, 1.587692
10085.436, 339.339507, 1.613471
4922.857, 339.331279, 1.619395
13173.274, 339.322437, 1.624407
42648.670, 339.311449, 1.630005
8827.439, 339.274369, 1.656579
6719.252, 339.351189, 1.604355
22058.437, 339.283698, 1.648072
294856.771, 339.449838, 1.533682
7233.721, 339.368250, 1.592244
7245.824, 339.433510, 1.548404
16031.038, 339.325125, 1.618691
87185.488, 339.265612, 1.652984
8932.224, 339.458123, 1.529608
9909.612, 339.288305, 1.641628
6608.080, 339.367176, 1.588082
2753.879, 339.497449, 1.501810
5518.636, 339.378938, 1.580033
13849.117, 339.337417, 1.606120
3947.593, 339.307159, 1.626547
11122.305, 339.280312, 1.643678
11686.880, 339.273421, 1.647088
24776.294, 339.442362, 1.534682
8891.516, 339.424864, 1.546898
6636.101, 339.354527, 1.593066
5567.654, 339.373437, 1.579473
13364.449, 339.359934, 1.587117
8344.734, 339.268271, 1.647939
3319.018, 339.301450, 1.626063
60270.945, 339.275176, 1.639873
3365.824, 339.304648, 1.623118
29932.579, 339.259336, 1.652123
12785.149, 339.296164, 1.626841
88872.029, 339.551289, 1.456352
10549.861, 339.279009, 1.638403
13971.741, 339.317412, 1.612475
21102.608, 339.602759, 1.422391
9431.866, 339.424077, 1.540420
4941.861, 339.391152, 1.562761
5561.364, 339.313733, 1.612445
5026.162, 339.311006, 1.614354
2752.101, 339.286371, 1.630648
13894.834, 339.260320, 1.646430
16103.343, 339.306051, 1.615829
6158.399, 339.368804, 1.574263
16084.169, 339.255908, 1.648393
6084.998, 339.404271, 1.550634
13184.106, 339.356108, 1.581613
19823.065, 339.278966, 1.631365
9922.872, 339.271155, 1.638000
6717.906, 339.348714, 1.586658
8329.169, 339.315771, 1.607863
10014.949, 339.460116, 1.512122
98835.870, 339.290891, 1.621435
5999.417, 339.361987, 1.575259
4430.777, 339.351623, 1.582351
7283.733, 339.377745, 1.564494
7175.854, 339.319105, 1.602989
46948.782, 339.253977, 1.643165
14418.654, 339.307892, 1.608683
4997.421, 339.269559, 1.634794
254434.682, 339.261082, 1.634705
3830.397, 339.257954, 1.642095
92831.637, 339.322256, 1.595379
3344.886, 339.349529, 1.580724
7237.205, 339.297025, 1.613763
3916.052, 339.270649, 1.629869
3916.560, 339.326533, 1.592635
2784.051, 339.310027, 1.603578
19867.842, 339.281872, 1.619975
11245.890, 339.274912, 1.624536
17727.210, 339.322016, 1.590201
5587.196, 339.313239, 1.597677
14975.747, 339.379368, 1.551111
13916.784, 339.338578, 1.577777
5613.303, 339.284821, 1.613444
3376.083, 339.282163, 1.615212
7264.664, 339.250506, 1.635774
6728.216, 339.389398, 1.543923
10076.845, 339.342735, 1.574082
5500.032, 339.265326, 1.625410
11066.417, 339.331402, 1.580039
3907.414, 339.395453, 1.537431
5594.653, 339.362432, 1.558796
4455.613, 339.335927, 1.576780
4489.166, 339.319563, 1.586880
63162.111, 339.280213, 1.610046
4976.956, 339.331225, 1.577108
67960.726, 339.261614, 1.619922
11097.587, 339.254685, 1.627359
18846.267, 339.298958, 1.598075
6126.460, 339.326496, 1.578841
3848.867, 339.414052, 1.520540
8906.695, 339.266939, 1.617068
2769.851, 339.510085, 1.456636
6171.883, 339.402620, 1.526920
13888.737, 339.255762, 1.622477
12303.052, 339.327662, 1.574318
3854.387, 339.373876, 1.543979
2793.277, 339.368707, 1.547942
8882.333, 339.302711, 1.590687
16594.678, 339.244146, 1.627880
7185.402, 339.426576, 1.508050
18192.869, 339.250267, 1.622346
6125.528, 339.282082, 1.602227
9390.052, 339.261453, 1.615573
7802.207, 339.388822, 1.531310
5579.220, 339.317453, 1.578415
8851.843, 339.319946, 1.576106
12689.822, 339.290088, 1.595690
22685.280, 339.264017, 1.611822
60839.837, 339.277827, 1.599482
9936.571, 339.270600, 1.607189
52278.253, 339.237446, 1.626359
20966.299, 339.300048, 1.586903
4442.003, 339.363929, 1.544976
22623.442, 339.253073, 1.615922
10014.078, 339.288289, 1.592323
2842.869, 339.281855, 1.596372
7230.680, 339.266806, 1.605702
3394.718, 339.393597, 1.522111
7225.270, 339.245395, 1.619453
3328.288, 339.263325, 1.607316
5581.280, 339.303779, 1.580110
21029.644, 339.246205, 1.616688
5043.002, 339.326901, 1.563418
26078.406, 339.251123, 1.611961
3341.328, 339.283767, 1.591253
16165.074, 339.431638, 1.491718
3847.530, 339.407384, 1.508291
3335.106, 339.261226, 1.603627
14395.005, 339.246757, 1.612268
32174.629, 339.233235, 1.618540
3343.918, 339.238149, 1.617445
4944.770, 339.337742, 1.551174
11644.136, 339.261581, 1.600420
7234.588, 339.429088, 1.490306
3821.412, 339.273244, 1.593079
7180.312, 339.329253, 1.554761
4997.222, 339.317782, 1.562858
54098.422, 339.239611, 1.612896
5654.210, 339.292083, 1.577767
67941.942, 339.390026, 1.511053
16592.543, 339.402454, 1.503455
3886.401, 339.321689, 1.557828
6620.055, 339.278238, 1.585844
6069.262, 339.314055, 1.561100
13946.512, 339.250482, 1.602417
69629.692, 339.284747, 1.577468
16043.591, 339.531335, 1.414856
32027.986, 339.417163, 1.489847
11171.976, 339.240402, 1.607476
18817.204, 339.270164, 1.584407
11629.561, 339.291992, 1.569786
82900.819, 339.231721, 1.607184
32175.395, 339.306794, 1.558774
3897.872, 339.393571, 1.502447
4418.183, 339.238279, 1.604547
12191.884, 339.247750, 1.597438
2803.327, 339.279563, 1.576768
3955.217, 339.262492, 1.587580
44341.677, 339.279621, 1.571049
63870.798, 339.299286, 1.559873
107784.399, 339.242464, 1.596830
3358.370, 339.488002, 1.437313
14705.319, 339.419124, 1.481797
14941.159, 339.363991, 1.518440
9972.132, 339.314509, 1.550479
16045.947, 339.250979, 1.591756
17808.770, 339.271978, 1.577486
21028.163, 339.234505, 1.602370
2798.696, 339.347184, 1.528460
2781.839, 339.413172, 1.484742
43070.415, 339.320710, 1.542837
2813.952, 339.293690, 1.562559
2848.392, 339.508321, 1.419963
71784.211, 339.244622, 1.590256
32701.562, 339.543072, 1.395007
19339.250, 339.289249, 1.563012
3364.020, 339.308420, 1.550398
5566.245, 339.273508, 1.573187
5055.808, 339.253595, 1.585498
13870.451, 339.233933, 1.598037
6102.667, 339.302164, 1.552734
119128.462, 339.389235, 1.491016
3929.451, 339.362618, 1.512905
18879.785, 339.223621, 1.603689
3835.137, 339.343518, 1.525149
9991.458, 339.307697, 1.547581
5024.563, 339.230109, 1.599122
4521.394, 339.377227, 1.501648
8926.946, 339.334074, 1.528893
27014.348, 339.315310, 1.540691
3912.612, 339.311419, 1.544969
21663.636, 339.257043, 1.579609
13810.781, 339.249157, 1.584777
6109.952, 339.328160, 1.532318
2830.119, 339.550638, 1.385908
7761.093, 339.282313, 1.561996
107276.158, 339.228119, 1.592281
12686.089, 339.227674, 1.596800
3903.856, 339.305946, 1.545296
37099.587, 339.222198, 1.597326
9462.747, 339.354974, 1.511088
6114.350, 339.343749, 1.518823
16147.159, 339.267280, 1.568345
52638.273, 339.239621, 1.585071
4473.281, 339.335165, 1.523473
4993.668, 339.308775, 1.540996
20452.404, 339.323665, 1.528187
3336.402, 339.312977, 1.537673
10467.696, 339.246450, 1.581102
3882.695, 339.278919, 1.559652
11063.846, 339.256077, 1.570961
11124.926, 339.252335, 1.574378
21573.290, 339.238475, 1.581163
9990.760, 339.363560, 1.500082
8335.510, 339.319990, 1.528100
6625.257, 339.474077, 1.426518
3947.029, 339.247736, 1.575253
13310.766, 339.423628, 1.457590
2764.011, 339.327915, 1.522044
27550.343, 339.270102, 1.558350
72003.601, 339.217603, 1.591042
26095.980, 339.251570, 1.569059
4472.851, 339.306422, 1.533589
2802.081, 339.299285, 1.537537
4492.728, 339.429376, 1.450905
8397.290, 339.259605, 1.562087
27092.657, 339.234597, 1.578257
5601.603, 339.280263, 1.548649
10035.387, 339.314891, 1.525400
6593.876, 339.264111, 1.558713
47556.391, 339.237804, 1.574085
72199.896, 339.413156, 1.457224
11495.258, 339.341050, 1.506920
53041.145, 339.289183, 1.539416
7185.029, 339.246327, 1.568661
6109.117, 339.229125, 1.580518
63050.888, 339.220216, 1.582417
23156.293, 339.241115, 1.570502
3225.777, 339.217919, 1.587204
8584.706, 339.380543, 1.477750
10507.612, 339.311640, 1.521695
20990.172, 339.212990, 1.585816
5580.165, 339.332141, 1.507093
15072.256, 339.258424, 1.555768
25940.475, 339.236235, 1.567341
4370.861, 339.229295, 1.573402
3948.083, 339.373938, 1.477749
9405.725, 339.306596, 1.520170
8208.994, 339.273581, 1.541411
6645.554, 339.418939, 1.444628
11070.121, 339.248755, 1.556525
32031.185, 339.211333, 1.580679
16102.872, 339.269177, 1.541903
13762.697, 339.375183, 1.471513
15065.646, 339.296205, 1.523348
7260.958, 339.227721, 1.569320
6655.345, 339.222907, 1.572322
7170.087, 339.442393, 1.427046
14424.526, 339.398414, 1.455508
14381.223, 339.255353, 1.548847
16524.065, 339.233211, 1.564157
29248.565, 339.216557, 1.573682
2795.142, 339.502507, 1.386027
5553.057, 339.228589, 1.566110
2748.299, 339.415364, 1.442146
2744.079, 339.222000, 1.569701
3369.876, 339.346339, 1.487343
9480.063, 339.298879, 1.517227
3886.130, 339.384894, 1.459846
6221.605, 339.286910, 1.524288
45700.640, 339.498957, 1.382004
6726.257, 339.275099, 1.531610
4443.555, 339.225439, 1.563982
200479.381, 339.205731, 1.570947
27196.958, 339.254237, 1.542876
55353.855, 339.234111, 1.553929
5529.634, 339.450774, 1.412894
26665.819, 339.307150, 1.503994
11622.267, 339.291955, 1.515404
3952.683, 339.299439, 1.511297
5500.369, 339.229192, 1.557432
6096.561, 339.219352, 1.563585
25588.903, 339.270316, 1.528258
19342.132, 339.446391, 1.412055
72103.438, 339.264376, 1.530535
42253.824, 339.243275, 1.544869
5010.392, 339.387832, 1.450440
87299.004, 339.249848, 1.537644
3382.412, 339.393334, 1.445815
4964.563, 339.289374, 1.514374
4501.299, 339.299468, 1.506165
56847.492, 339.208562, 1.563912
126543.842, 339.510966, 1.362771
103074.071, 339.442325, 1.407491
7264.888, 339.337158, 1.479252
5616.253, 339.237755, 1.544452
7309.904, 339.284723, 1.512727
5021.138, 339.413348, 1.427695
7272.151, 339.418536, 1.423528
7183.891, 339.226557, 1.550041
3403.229, 339.265062, 1.523946
66105.900, 339.209451, 1.557126
8268.004, 339.352608, 1.465156
3904.808, 339.301820, 1.499035
7278.579, 339.260292, 1.525977
35659.451, 339.244540, 1.534868
10992.777, 339.232444, 1.542299
3303.530, 339.205343, 1.560611
8652.831, 339.547446, 1.331847
11189.637, 339.244561, 1.530239
9318.871, 339.217371, 1.547644
28232.062, 339.197171, 1.559782
14428.905, 339.291842, 1.497961
30404.814, 339.211047, 1.549711
3821.606, 339.229160, 1.537955
14915.961, 339.223821, 1.540853
6140.074, 339.533616, 1.335078
13300.930, 339.202601, 1.552967
3937.010, 339.413602, 1.414017
8248.939, 339.398112, 1.423524
4881.233, 339.280290, 1.501264
36076.827, 339.222965, 1.535588
7277.271, 339.328508, 1.468851
4525.688, 339.213117, 1.545324
4515.397, 339.254727, 1.516862
38845.762, 339.238385, 1.525492
6745.862, 339.214562, 1.542770
9457.953, 339.209797, 1.545755
8898.137, 339.294939, 1.488551
3287.321, 339.465844, 1.376347
5076.220, 339.194435, 1.555156
4442.743, 339.329324, 1.465534
2818.417, 339.315368, 1.475097
8895.767, 339.195900, 1.552881
2795.698, 339.305119, 1.480858
3924.394, 339.274658, 1.500152
11007.793, 339.233991, 1.526141
75035.798, 339.194176, 1.548908
63444.319, 339.330920, 1.459741
8985.836, 339.515828, 1.339190
3899.971, 339.499152, 1.350526
5639.233, 339.504432, 1.346452
6062.304, 339.213143, 1.538345
29994.549, 339.201490, 1.544831
20039.011, 339.228552, 1.526164
2794.713, 339.337555, 1.455569
7279.059, 339.302362, 1.478661
5601.814, 339.217486, 1.534648
6720.438, 339.206574, 1.541099
39432.841, 339.257672, 1.506351
3932.885, 339.400026, 1.413496
6158.855, 339.305962, 1.475064
3360.821, 339.334510, 1.455938
10555.808, 339.347536, 1.446034
29297.676, 339.242770, 1.514602
4463.457, 339.363694, 1.434394
2795.791, 339.215907, 1.532249
3876.646, 339.360773, 1.435882
12116.682, 339.330532, 1.455030
5021.786, 339.327666, 1.457154
71224.053, 339.232285, 1.517237
12203.920, 339.196014, 1.543535
25435.353, 339.250137, 1.505584
6087.951, 339.218598, 1.527493
7246.801, 339.375300, 1.423388
5517.928, 339.305571, 1.468543
4473.274, 339.290854, 1.477444
7185.674, 339.210993, 1.529834
3413.227, 339.207760, 1.532588
7262.427, 339.320932, 1.457250
4531.528, 339.213893, 1.527541
2716.312, 339.185404, 1.546706
24310.498, 339.224295, 1.518796
3893.028, 339.272748, 1.487107
7793.639, 339.215643, 1.524542
3819.399, 339.202084, 1.534236
3327.002, 339.509196, 1.331259
65522.259, 339.414735, 1.390725
10110.208, 339.279108, 1.481789
6702.279, 339.253748, 1.499250
15540.270, 339.193498, 1.537395
11640.778, 339.233107, 1.511879
16101.100, 339.219947, 1.520137
6154.238, 339.239532, 1.506559
87237.836, 339.491640, 1.336645
45845.263, 339.182747, 1.539979
13200.907, 339.261761, 1.488055
8331.733, 339.370726, 1.416785
8883.255, 339.361686, 1.422513
9431.467, 339.349509, 1.431054
10050.487, 339.302063, 1.462126
35503.073, 339.190567, 1.532804
9487.907, 339.294034, 1.465871
16551.418, 339.222061, 1.513153
67812.087, 339.210767, 1.516271
11114.780, 339.283980, 1.471917
75137.326, 339.402761, 1.391322
15482.103, 339.348369, 1.428916
12189.733, 339.345057, 1.431338
8797.564, 339.277092, 1.476176
4975.643, 339.424748, 1.378468
3832.642, 339.233366, 1.504970
9979.693, 339.229163, 1.506662
7201.819, 339.262094, 1.484813
8939.687, 339.255848, 1.488850
48849.611, 339.411080, 1.384489
5596.159, 339.376212, 1.409091
4487.260, 339.379061, 1.406312
4999.223, 339.336251, 1.434659
8830.943, 339.229859, 1.503530
6041.055, 339.269619, 1.477418
5648.401, 339.234677, 1.499863
137360.590, 339.194890, 1.524426
8916.220, 339.183638, 1.533732
3348.950, 339.286883, 1.465660
12155.692, 339.201823, 1.521502
77464.377, 339.378149, 1.402651
14307.873, 339.261743, 1.481636
3920.950, 339.374890, 1.406123
2752.115, 339.335848, 1.431677
8296.578, 339.203933, 1.517474
49394.098, 339.254862, 1.481402
7190.685, 339.244810, 1.490200
8899.102, 339.323722, 1.437782
9976.549, 339.294556, 1.456661
5015.773, 339.389170, 1.394887
8982.585, 339.362457, 1.411830
2804.222, 339.316551, 1.442898
3290.977, 339.228794, 1.500418
36432.369, 339.182539, 1.529923
10015.727, 339.238505, 1.493043
6696.032, 339.337182, 1.427250
5031.623, 339.259006, 1.478238
7184.987, 339.200267, 1.516181
18238.241, 339.203532, 1.513323
15500.951, 339.215394, 1.505118
50443.573, 339.175964, 1.528687
8336.072, 339.387867, 1.390697
5496.972, 339.371219, 1.402216
14402.220, 339.218828, 1.502277
5445.090, 339.208137, 1.510141
11068.106, 339.185416, 1.524723
33786.983, 339.395780, 1.384339
22200.081, 339.194279, 1.517672
7319.742, 339.377631, 1.397150
4432.101, 339.362929, 1.406967
70138.544, 339.230397, 1.491903
36529.609, 339.209931, 1.505137
2788.440, 339.293754, 1.452451
16009.697, 339.263834, 1.470498
6670.958, 339.348795, 1.414762
4455.235, 339.181362, 1.525891
2777.496, 339.391004, 1.387327
2801.775, 339.237264, 1.488532
13266.438, 339.344302, 1.416868
15564.429, 339.301555, 1.445228
4526.185, 339.203311, 1.509900
13789.652, 339.312153, 1.437080
4450.692, 339.287414, 1.453729
5015.012, 339.251974, 1.476561
60087.704, 339.523011, 1.294803
3389.122, 339.483958, 1.321792
6666.380, 339.343816, 1.413523
6111.346, 339.278903, 1.456281
4460.840, 339.258210, 1.470054
8871.270, 339.423989, 1.360060
22154.148, 339.241631, 1.478617
54156.404, 339.186423, 1.513614
3520.310, 339.512509, 1.301266
18385.216, 339.250712, 1.472695
13885.659, 339.229132, 1.486541
3868.111, 339.404858, 1.370925
31640.351, 339.335483, 1.414665
4420.184, 339.376364, 1.389445
12181.245, 339.220325, 1.491494
18823.808, 339.195712, 1.506645
3323.100, 339.273927, 1.456086
3270.245, 339.231319, 1.484121
14981.957, 339.262506, 1.462017
101661.027, 339.171937, 1.518516
2797.321, 339.297854, 1.438574
10006.634, 339.226496, 1.484703
36399.671, 339.177503, 1.515344
28760.317, 339.288895, 1.442592
3896.674, 339.214946, 1.492685
14941.917, 339.180511, 1.514492
5536.437, 339.410949, 1.362418
14954.950, 339.324024, 1.418759
6674.484, 339.189928, 1.507455
3827.496, 339.254761, 1.464908
5520.260, 339.345309, 1.404696
27598.384, 339.267831, 1.453744
12113.677, 339.242855, 1.470313
5053.147, 339.211941, 1.490278
6608.717, 339.182124, 1.509020
6625.001, 339.185682, 1.506559
8868.766, 339.348548, 1.397661
29291.357, 339.261529, 1.454506
8379.454, 339.412953, 1.354985
5003.246, 339.380136, 1.376798
3886.295, 339.174440, 1.512293
19375.409, 339.322103, 1.412709
81210.834, 339.402523, 1.358514
46405.990, 339.310311, 1.419896
9463.416, 339.227755, 1.475634
49822.087, 339.201599, 1.487898
15499.195, 339.185539, 1.503235
14427.825, 339.395215, 1.363443
9435.740, 339.334865, 1.403593
13814.429, 339.269106, 1.446308
18857.262, 339.176355, 1.505969
11570.409, 339.164471, 1.514537
32089.144, 339.196483, 1.491215
7240.856, 339.251851, 1.455858
6705.223, 339.260546, 1.450155
7762.261, 339.248259, 1.458225
142739.131, 339.169177, 1.506530
9024.810, 339.512253, 1.283124
11612.949, 339.380805, 1.369561
3377.404, 339.284028, 1.434134
3330.082, 339.245785, 1.459608
5995.576, 339.207445, 1.484484
23165.974, 339.234940, 1.463926
103949.971, 339.178789, 1.494821
3335.410, 339.187279, 1.496394
17096.819, 339.347666, 1.389013
7194.673, 339.297637, 1.422971
10531.436, 339.263554, 1.443939
12126.038, 339.309592, 1.413164
27129.241, 339.215696, 1.474268
2793.074, 339.177072, 1.501015
6135.045, 339.273293, 1.436360
3367.144, 339.476373, 1.302452
5006.006, 339.289773, 1.424682
25982.341, 339.160144, 1.507537
6674.507, 339.342862, 1.389013
65360.221, 339.276269, 1.427302
14405.558, 339.244638, 1.453076
21226.677, 339.193060, 1.486949
11759.438, 339.356650, 1.379167
5504.675, 339.320276, 1.403742
109635.289, 339.186408, 1.488968
3404.024, 339.172456, 1.500860
12291.582, 339.227302, 1.463896
16595.322, 339.208384, 1.475695
8872.033, 339.164702, 1.504651
5003.634, 339.478377, 1.297727
4473.785, 339.421854, 1.335352
10983.455, 339.238976, 1.455448
6611.242, 339.250067, 1.445522
70756.109, 339.234757, 1.453841
5544.662, 339.209520, 1.472666
8852.721, 339.197364, 1.480591
3353.306, 339.165529, 1.501937
4463.977, 339.263005, 1.437207
3385.611, 339.215847, 1.467727
6108.271, 339.363354, 1.369435
23799.202, 339.222144, 1.462325
4399.513, 339.212340, 1.469705
5500.956, 339.291181, 1.416138
97576.060, 339.307934, 1.401864
8350.860, 339.161942, 1.499935
13851.957, 339.249890, 1.440906
28121.817, 339.178540, 1.486870
6691.798, 339.264028, 1.431573
38692.317, 339.238450, 1.445558
10019.449, 339.211451, 1.465717
24442.611, 339.183409, 1.482817
16648.693, 339.164095, 1.496735
22724.586, 339.156145, 1.501115
56352.621, 339.488106, 1.281370
18291.245, 339.425534, 1.322410
3945.274, 339.376739, 1.355044
8290.339, 339.298394, 1.406287
10094.296, 339.273319, 1.422259
3348.481, 339.229368, 1.451718
2737.442, 339.170622, 1.490805
5523.857, 339.266930, 1.426348
74756.859, 339.200827, 1.465367
5018.723, 339.320609, 1.390001
16545.550, 339.221277, 1.454779
4410.477, 339.355343, 1.366527
16614.858, 339.231704, 1.447379
26567.714, 339.161698, 1.492646
7311.280, 339.423275, 1.321073
54140.653, 339.188949, 1.472518
35265.569, 339.208628, 1.459382
15055.398, 339.195076, 1.470783
2814.151, 339.179492, 1.481747
3893.964, 339.218246, 1.455081
5548.155, 339.256116, 1.429203
34181.211, 339.173636, 1.483167
34905.195, 339.167690, 1.486693
8297.149, 339.156114, 1.495696
10507.929, 339.329539, 1.379512
21064.881, 339.293547, 1.402427
3327.834, 339.339048, 1.373650
3902.328, 339.243172, 1.436779
16543.715, 339.223278, 1.448907
3331.325, 339.206146, 1.461071
16609.232, 339.362492, 1.356281
9452.431, 339.333317, 1.376419
18324.345, 339.267288, 1.419471
12175.753, 339.260553, 1.422460
27674.793, 339.181069, 1.473452
63988.984, 339.157551, 1.489191
5520.860, 339.390660, 1.337286
3908.635, 339.306772, 1.392693
5030.527, 339.278452, 1.411027
6104.669, 339.152465, 1.494421
3461.482, 339.465737, 1.287679
9487.066, 339.309570, 1.390061
11628.913, 339.174504, 1.479099
8930.137, 339.322371, 1.380839
19439.021, 339.220355, 1.447261
3919.951, 339.408820, 1.323781
6628.367, 339.215883, 1.450904
43604.329, 339.173549, 1.475146
8849.490, 339.310877, 1.387202
29866.202, 339.230820, 1.438350
3340.945, 339.397293, 1.329601
34258.103, 339.290209, 1.398656
4510.549, 339.164063, 1.483358
14545.705, 339.297746, 1.393941
10103.947, 339.267579, 1.413137
13894.505, 339.222462, 1.443221
8321.795, 339.310347, 1.384307
38781.098, 339.151023, 1.487786
15915.436, 339.167161, 1.476465
9443.947, 339.216536, 1.443553
39727.849, 339.186315, 1.463515
8309.595, 339.240155, 1.427050
7791.785, 339.219266, 1.440544
10506.199, 339.181180, 1.465992
13838.122, 339.159085, 1.480160
36467.710, 339.205938, 1.448254
16641.236, 339.176689, 1.468132
19419.454, 339.162378, 1.476656
11104.639, 339.251843, 1.418220
3899.270, 339.346304, 1.356143
12125.791, 339.236276, 1.427854
20974.331, 339.197336, 1.453338
11074.992, 339.311083, 1.377624
45771.464, 339.368199, 1.338654
4950.081, 339.307520, 1.379561
17819.164, 339.201566, 1.448188
5021.524, 339.192140, 1.455562
17712.239, 339.235734, 1.424827
4437.528, 339.207247, 1.444302
3920.973, 339.328379, 1.363833
5600.879, 339.350303, 1.349075
27728.049, 339.296824, 1.382674
12790.467, 339.164050, 1.471132
3301.969, 339.434724, 1.292402
3878.213, 339.278222, 1.395268
3943.784, 339.240912, 1.419943
139042.161, 339.233185, 1.418793
49285.341, 339.212982, 1.436186
3364.744, 339.188102, 1.454600
6159.860, 339.338553, 1.354266
12249.150, 339.249155, 1.412733
55779.691, 339.190103, 1.450143
28120.999, 339.282638, 1.388465
10501.253, 339.332426, 1.356313
5519.171, 339.245659, 1.413944
19872.649, 339.276993, 1.392317
3355.963, 339.335112, 1.353798
38829.506, 339.145938, 1.477793
2803.693, 339.386004, 1.320303
6620.167, 339.179304, 1.456373
22736.421, 339.156218, 1.470421
4979.244, 339.409672, 1.302970
16563.148, 339.289889, 1.381282
20437.670, 339.201788, 1.439259
36588.246, 339.171603, 1.458445
9830.086, 339.166814, 1.463158
7170.820, 339.269934, 1.394534
6141.611, 339.228151, 1.422552
11740.544, 339.349624, 1.340111
19373.744, 339.260613, 1.398936
5477.109, 339.183342, 1.450422
2747.961, 339.257296, 1.401073
10071.102, 339.144667, 1.475095
7240.462, 339.298006, 1.373800
9431.028, 339.284374, 1.382456
63433.370, 339.277666, 1.385711
10530.691, 339.186045, 1.447020
2759.876, 339.384384, 1.316778
3844.441, 339.248216, 1.406000
5555.749, 339.220690, 1.423974
13854.125, 339.140574, 1.476629
6650.008, 339.375820, 1.321268
5524.928, 339.266205, 1.393492
2807.273, 339.392775, 1.309852
3366.007, 339.473206, 1.256234
