# Source Fluxes and Coordinates
# Flux (e-/s), RA (deg), Dec (deg)
93107.934, 339.738667, 1.604310
5816.530, 339.529652, 1.743006
3720.528, 339.452400, 1.792655
16515.406, 339.441801, 1.797401
44552.204, 339.390035, 1.827953
9841.310, 339.513398, 1.748620
4557.657, 339.567702, 1.711198
123706.872, 339.446318, 1.787572
7546.075, 339.404525, 1.815952
6876.925, 339.394583, 1.821228
35508.010, 339.698784, 1.619469
4588.331, 339.467775, 1.772458
12001.210, 339.417012, 1.801866
10506.209, 339.405677, 1.808831
3781.922, 339.395324, 1.815594
9756.038, 339.430865, 1.790798
3754.548, 339.391905, 1.816242
3797.017, 339.635683, 1.655269
4486.746, 339.535271, 1.721008
3685.994, 339.449662, 1.776014
20357.699, 339.633498, 1.653618
11957.789, 339.399620, 1.807990
259142.210, 339.548054, 1.705272
7494.349, 339.407338, 1.801724
3782.018, 339.580863, 1.687342
154510.245, 339.403838, 1.797110
6038.712, 339.392709, 1.806343
15008.199, 339.434027, 1.778238
10453.495, 339.393101, 1.801682
42146.087, 339.626657, 1.645299
13532.614, 339.462685, 1.753679
5248.776, 339.408803, 1.787978
7462.587, 339.421564, 1.778924
17888.179, 339.406188, 1.786379
18780.876, 339.384478, 1.801096
4525.072, 339.625342, 1.642345
4604.002, 339.381982, 1.802634
4497.438, 339.502559, 1.722673
5261.023, 339.454328, 1.754007
5906.530, 339.458226, 1.750871
63388.234, 339.379932, 1.799996
6054.966, 339.515174, 1.712203
14339.813, 339.411939, 1.779079
16525.807, 339.458804, 1.747803
26083.492, 339.393460, 1.790812
6092.346, 339.493808, 1.722573
4489.835, 339.420232, 1.770938
17992.128, 339.411881, 1.771288
10438.432, 339.395025, 1.783673
11285.563, 339.421867, 1.765354
228215.782, 339.695687, 1.581690
5264.212, 339.429372, 1.759907
6737.494, 339.408226, 1.773665
4545.992, 339.451010, 1.744167
3796.863, 339.448577, 1.744369
14934.412, 339.562257, 1.666905
12710.388, 339.415973, 1.762721
19455.669, 339.397387, 1.773729
7538.008, 339.371325, 1.791767
17883.921, 339.382134, 1.781000
5996.475, 339.374349, 1.786560
8182.760, 339.370510, 1.788290
18728.243, 339.365408, 1.788747
5952.404, 339.412770, 1.758262
12743.938, 339.381934, 1.777300
7536.860, 339.471404, 1.717726
8292.951, 339.368828, 1.785068
9792.389, 339.461122, 1.723176
470403.390, 339.606583, 1.621537
106305.769, 339.437877, 1.734881
14951.183, 339.531363, 1.673847
9745.543, 339.423855, 1.742710
7456.658, 339.580394, 1.638571
24643.754, 339.395757, 1.759307
4520.034, 339.584303, 1.634641
5302.997, 339.468621, 1.709109
9694.000, 339.359900, 1.780421
4500.569, 339.431478, 1.731992
159530.173, 339.513214, 1.673654
11206.798, 339.389816, 1.758092
7469.174, 339.429725, 1.730696
8218.795, 339.477526, 1.697949
21809.004, 339.367152, 1.769731
27667.250, 339.359699, 1.773712
17199.940, 339.390375, 1.753312
19333.162, 339.401057, 1.741915
3754.083, 339.452234, 1.707315
11267.294, 339.393717, 1.745006
3831.920, 339.488597, 1.681080
6815.913, 339.386988, 1.744820
14915.414, 339.368842, 1.755235
4550.713, 339.475067, 1.685535
58295.070, 339.417580, 1.718594
44871.193, 339.577917, 1.611384
8991.051, 339.355877, 1.759203
241001.361, 339.521651, 1.645578
12094.305, 339.439068, 1.702465
4524.343, 339.494625, 1.664313
3777.219, 339.614932, 1.584602
21051.604, 339.480653, 1.672081
4569.694, 339.473158, 1.675616
8285.082, 339.403454, 1.721099
7529.396, 339.362855, 1.747398
5988.622, 339.369264, 1.742667
18054.069, 339.410765, 1.712876
4575.668, 339.392513, 1.724533
25417.699, 339.349962, 1.750838
438459.907, 339.401003, 1.710517
9765.692, 339.450528, 1.684349
3735.722, 339.371875, 1.736404
29228.752, 339.345500, 1.751127
5903.952, 339.424880, 1.698807
4537.431, 339.468760, 1.669430
3746.767, 339.539100, 1.622716
6633.778, 339.352190, 1.745780
105525.185, 339.412943, 1.702903
17991.886, 339.383969, 1.722326
9790.261, 339.457630, 1.674249
8300.584, 339.371670, 1.730841
4523.580, 339.463524, 1.669862
4546.875, 339.390379, 1.716780
11287.325, 339.345583, 1.745440
21603.367, 339.460352, 1.668681
19464.576, 339.347856, 1.741925
3761.172, 339.462612, 1.667175
107908.470, 339.679479, 1.520398
30722.670, 339.350351, 1.738883
6780.995, 339.378433, 1.719558
8931.218, 339.405771, 1.701142
157096.832, 339.389321, 1.709228
4540.344, 339.384359, 1.714493
11992.493, 339.378743, 1.715841
13425.942, 339.355934, 1.731115
7492.993, 339.454379, 1.665238
16396.538, 339.364480, 1.723896
7511.766, 339.603863, 1.566478
11241.542, 339.400042, 1.699417
8990.778, 339.500654, 1.632883
17965.922, 339.337673, 1.739052
10406.401, 339.501113, 1.629367
11210.763, 339.389082, 1.702880
8280.861, 339.352638, 1.726467
5212.250, 339.501579, 1.626809
3751.292, 339.488695, 1.633997
5172.227, 339.472893, 1.643208
9053.829, 339.400508, 1.690730
5241.622, 339.381467, 1.703531
16480.402, 339.332724, 1.734735
184968.380, 339.414442, 1.674774
13518.794, 339.409153, 1.682497
4499.066, 339.679615, 1.502944
184341.411, 339.642999, 1.521389
24008.921, 339.498196, 1.619944
15033.612, 339.356566, 1.713318
4570.671, 339.347798, 1.720055
16423.732, 339.352494, 1.714759
26270.440, 339.336595, 1.723548
3842.815, 339.368715, 1.703682
76322.068, 339.362380, 1.705636
13478.807, 339.486013, 1.624117
26848.347, 339.367502, 1.701198
8215.155, 339.330294, 1.725906
6014.224, 339.429931, 1.659430
22484.790, 339.389467, 1.681030
23254.565, 339.325622, 1.722845
4491.182, 339.422329, 1.657491
20214.258, 339.359208, 1.697945
12234.161, 339.572297, 1.557143
12678.963, 339.345704, 1.706042
32317.673, 339.622589, 1.523126
50212.897, 339.598575, 1.537187
5209.730, 339.321068, 1.721524
27299.407, 339.537317, 1.576534
7461.031, 339.442614, 1.638393
4508.666, 339.384644, 1.674723
4457.861, 339.365563, 1.687623
9002.795, 339.358555, 1.691568
213995.163, 339.409570, 1.652957
20899.987, 339.400549, 1.662785
6054.579, 339.319648, 1.716666
14981.078, 339.352536, 1.694204
3819.874, 339.491011, 1.602877
208626.618, 339.636269, 1.500390
8957.061, 339.449010, 1.627602
27602.884, 339.332651, 1.703395
190800.729, 339.435769, 1.631099
10489.524, 339.423095, 1.642718
14235.790, 339.402287, 1.655017
9741.825, 339.325055, 1.704581
8238.349, 339.329443, 1.699711
17985.657, 339.345742, 1.687603
12787.262, 339.317396, 1.706892
79462.501, 339.550240, 1.549441
5229.225, 339.473590, 1.602761
18059.274, 339.332879, 1.694672
11325.408, 339.349768, 1.682551
8134.071, 339.407569, 1.644319
6004.384, 339.363898, 1.671923
3771.243, 339.320406, 1.699522
6705.164, 339.551881, 1.546057
20186.981, 339.335338, 1.687714
4510.316, 339.434379, 1.622663
8176.622, 339.314999, 1.701233
8258.123, 339.354106, 1.674617
6715.234, 339.453356, 1.608871
4522.792, 339.414308, 1.634290
12792.799, 339.367105, 1.665055
6741.847, 339.415512, 1.632452
25325.968, 339.311688, 1.699767
13565.744, 339.357320, 1.670095
5981.462, 339.517813, 1.563906
11975.711, 339.318165, 1.694915
31812.504, 339.601762, 1.506333
4494.571, 339.497042, 1.576329
52290.043, 339.430216, 1.618811
5306.620, 339.399275, 1.639846
12743.819, 339.380655, 1.651902
7516.258, 339.345787, 1.675407
428487.503, 339.634584, 1.476805
5235.985, 339.369238, 1.659473
4512.412, 339.353647, 1.669247
16426.252, 339.327917, 1.685842
3819.604, 339.452901, 1.601798
5298.402, 339.373064, 1.653822
17908.456, 339.341882, 1.674036
6754.377, 339.316286, 1.691350
8237.268, 339.490807, 1.574812
397805.492, 339.532333, 1.539560
23154.428, 339.330338, 1.677581
19411.539, 339.327053, 1.679767
6013.913, 339.310069, 1.691260
57511.469, 339.496071, 1.566134
60411.338, 339.339286, 1.668340
18875.717, 339.628052, 1.478650
14958.849, 339.375013, 1.645462
8264.280, 339.353159, 1.660255
5325.561, 339.476432, 1.578774
3779.216, 339.364395, 1.652979
18721.076, 339.306021, 1.690337
14254.977, 339.309255, 1.687829
12766.518, 339.404746, 1.623904
25480.680, 339.311687, 1.684136
8256.890, 339.302392, 1.690421
24096.550, 339.540893, 1.532027
15071.129, 339.352737, 1.655481
3721.404, 339.520159, 1.545333
8866.684, 339.367710, 1.645249
16485.474, 339.341989, 1.660603
20202.971, 339.348833, 1.654897
22556.482, 339.359046, 1.648428
15718.186, 339.314579, 1.676873
8311.168, 339.629553, 1.468662
180161.093, 339.365032, 1.637728
6767.283, 339.338467, 1.659098
6799.052, 339.318467, 1.671767
8256.033, 339.314224, 1.673276
14207.684, 339.309648, 1.676171
29185.228, 339.336550, 1.654958
3783.818, 339.410966, 1.606341
5250.261, 339.295273, 1.682216
4531.315, 339.485463, 1.556489
51443.817, 339.325883, 1.659979
191594.347, 339.316344, 1.663365
4447.350, 339.302371, 1.676537
23912.463, 339.338922, 1.649591
5283.722, 339.330314, 1.654155
3721.770, 339.426607, 1.590554
12850.437, 339.373497, 1.624075
7500.934, 339.457352, 1.568765
7540.794, 339.474370, 1.555803
8956.785, 339.293929, 1.674364
5993.849, 339.454419, 1.568009
4607.791, 339.358388, 1.630731
23953.239, 339.306698, 1.663475
19435.047, 339.351895, 1.630967
13451.746, 339.432330, 1.578825
25515.297, 339.372631, 1.618087
13472.936, 339.348063, 1.634734
10483.520, 339.333514, 1.644312
47779.757, 339.613382, 1.458174
33669.012, 339.295951, 1.665593
17198.908, 339.484439, 1.543383
11260.083, 339.311025, 1.658178
14285.070, 339.459092, 1.560036
8982.553, 339.321333, 1.650540
3756.510, 339.394094, 1.602275
7569.252, 339.365541, 1.620875
7472.588, 339.288038, 1.671258
3733.049, 339.301334, 1.661160
17265.097, 339.338621, 1.635792
15024.971, 339.313536, 1.651410
5264.532, 339.383822, 1.604455
12025.480, 339.286285, 1.667772
20177.323, 339.319453, 1.644555
183376.045, 339.282436, 1.661364
9733.563, 339.290575, 1.660708
5306.297, 339.539493, 1.496817
29852.262, 339.333444, 1.631059
15732.770, 339.308815, 1.648678
33032.759, 339.295439, 1.655682
14229.041, 339.626580, 1.437920
38060.321, 339.324327, 1.636687
30738.216, 339.302711, 1.649803
4526.019, 339.389716, 1.593749
5218.510, 339.342472, 1.622348
4487.713, 339.463363, 1.542021
4573.415, 339.379419, 1.597365
6027.328, 339.309535, 1.642885
3856.273, 339.622888, 1.436476
88474.197, 339.475906, 1.530916
8940.449, 339.624686, 1.434684
6707.530, 339.362718, 1.607372
17241.269, 339.324316, 1.631963
16466.690, 339.434521, 1.558732
31627.081, 339.335419, 1.622341
19394.823, 339.318407, 1.634744
14212.264, 339.296182, 1.649266
8913.902, 339.357895, 1.608546
6782.001, 339.592407, 1.453642
5300.821, 339.338375, 1.619912
14918.354, 339.344511, 1.613173
30607.186, 339.281850, 1.654279
14886.369, 339.288363, 1.647823
17362.588, 339.285374, 1.649757
5234.468, 339.379283, 1.586194
9649.708, 339.355176, 1.601863
3777.970, 339.421157, 1.558523
14864.832, 339.302871, 1.636124
544370.745, 339.449906, 1.532441
15050.172, 339.307787, 1.631795
5949.537, 339.444952, 1.541695
8151.311, 339.336497, 1.611399
45746.272, 339.309945, 1.627278
4443.009, 339.327570, 1.616791
7576.996, 339.298634, 1.635009
11959.988, 339.286431, 1.641855
5195.870, 339.352119, 1.597957
20187.624, 339.340676, 1.604207
48647.502, 339.300209, 1.628531
15004.140, 339.282680, 1.640598
12696.864, 339.285964, 1.637640
9705.133, 339.375958, 1.578313
10448.117, 339.275359, 1.644693
5310.046, 339.479729, 1.509948
5947.255, 339.329968, 1.607428
49943.797, 339.317160, 1.614194
18770.850, 339.341518, 1.597774
11955.379, 339.290923, 1.630524
6065.754, 339.431837, 1.537298
116797.455, 339.551187, 1.455131
85793.192, 339.279254, 1.634728
6811.784, 339.308301, 1.617820
3802.919, 339.533768, 1.468211
19526.625, 339.385663, 1.563433
5248.876, 339.382066, 1.566700
27922.603, 339.411223, 1.544752
3752.241, 339.353756, 1.583454
17963.910, 339.284492, 1.628270
135962.671, 339.289867, 1.621537
5361.931, 339.484977, 1.495592
8987.693, 339.316401, 1.606204
74033.290, 339.303616, 1.611784
6029.824, 339.267148, 1.638321
6825.727, 339.430577, 1.528936
28397.576, 339.353654, 1.577567
14201.331, 339.282298, 1.625029
150125.290, 339.264213, 1.631828
111262.987, 339.322319, 1.595696
6785.078, 339.315952, 1.601595
27018.887, 339.278727, 1.625073
5300.316, 339.381246, 1.558050
7503.775, 339.298559, 1.611216
13550.423, 339.369437, 1.563056
4434.212, 339.337242, 1.584505
65761.986, 339.270309, 1.624278
29914.933, 339.330044, 1.587444
13474.821, 339.346851, 1.576401
15638.440, 339.291238, 1.612576
9750.863, 339.302600, 1.604231
8231.602, 339.365571, 1.563016
9735.639, 339.288410, 1.613231
24648.628, 339.278141, 1.617790
5963.515, 339.368242, 1.559422
6716.367, 339.338836, 1.577172
10582.022, 339.328858, 1.583543
10472.733, 339.315033, 1.591940
32236.647, 339.307749, 1.595814
9702.817, 339.281781, 1.609618
21786.035, 339.266223, 1.618802
3729.448, 339.297456, 1.598796
25421.839, 339.374966, 1.545505
90436.485, 339.369344, 1.548960
49960.836, 339.281670, 1.606053
7444.556, 339.275270, 1.612600
13468.574, 339.335594, 1.572052
6667.472, 339.295266, 1.598876
41199.938, 339.271726, 1.612265
16445.967, 339.287200, 1.603434
23952.675, 339.258535, 1.621650
9089.686, 339.307895, 1.589413
6023.959, 339.467993, 1.483646
7476.685, 339.483222, 1.471583
6734.889, 339.443436, 1.497167
7490.279, 339.267503, 1.612985
4545.516, 339.321143, 1.576828
5972.505, 339.256540, 1.619207
9762.497, 339.342187, 1.561793
4595.609, 339.483217, 1.468441
12735.981, 339.437816, 1.498299
13465.963, 339.297012, 1.590809
15057.019, 339.279227, 1.601775
9818.616, 339.426666, 1.504212
17151.990, 339.313295, 1.578071
9719.592, 339.452695, 1.486497
80734.969, 339.307993, 1.579636
47360.427, 339.441075, 1.491592
50152.228, 339.392258, 1.522925
20314.435, 339.302542, 1.583388
5958.342, 339.268717, 1.605333
11290.489, 339.252230, 1.615713
26843.560, 339.288221, 1.591134
3789.008, 339.427688, 1.500081
7515.533, 339.270534, 1.602808
9100.946, 339.317578, 1.571700
24800.072, 339.359180, 1.541474
94192.748, 339.322885, 1.562626
17236.405, 339.273321, 1.597809
16397.300, 339.261353, 1.605257
6050.177, 339.250271, 1.613245
9787.211, 339.276998, 1.593835
5207.796, 339.268896, 1.599364
69812.399, 339.344316, 1.545312
14314.895, 339.278474, 1.590781
25467.421, 339.296550, 1.577331
10499.723, 339.283402, 1.586677
8233.272, 339.358309, 1.537035
6054.811, 339.299610, 1.575213
4569.656, 339.265042, 1.597670
39347.417, 339.566118, 1.397272
5264.837, 339.349587, 1.541098
12053.506, 339.291161, 1.578016
6028.929, 339.485404, 1.451562
29981.952, 339.250091, 1.605188
7503.100, 339.420487, 1.493468
56045.790, 339.282383, 1.582039
14313.217, 339.256938, 1.600469
44973.534, 339.391063, 1.511385
38871.756, 339.261331, 1.595852
3752.750, 339.350222, 1.538232
13438.148, 339.298199, 1.572153
11244.868, 339.303877, 1.568122
3743.947, 339.279172, 1.584731
12606.876, 339.272195, 1.587933
9004.470, 339.384733, 1.514111
5997.835, 339.413826, 1.494399
53829.446, 339.335972, 1.542735
44223.248, 339.252968, 1.597378
7587.432, 339.341823, 1.539981
5273.288, 339.262173, 1.592338
35948.050, 339.365212, 1.522766
8340.859, 339.286793, 1.575662
21682.021, 339.291018, 1.571257
8178.332, 339.248407, 1.598995
9749.312, 339.345213, 1.535040
7510.809, 339.313763, 1.555170
11947.880, 339.307310, 1.559840
4512.307, 339.349666, 1.530990
37953.020, 339.305434, 1.557319
50022.587, 339.279835, 1.572894
6056.444, 339.261023, 1.586992
182820.658, 339.242100, 1.595905
6858.762, 339.426796, 1.476958
9743.752, 339.309780, 1.552557
10555.957, 339.271181, 1.578191
3806.076, 339.253259, 1.589644
6052.628, 339.305328, 1.554705
30741.463, 339.247638, 1.590997
4568.317, 339.284770, 1.567578
13502.097, 339.326048, 1.539176
6047.923, 339.267129, 1.577553
29249.134, 339.260898, 1.580931
7546.775, 339.329403, 1.536115
36618.512, 339.283036, 1.564519
5282.067, 339.366201, 1.510243
155036.824, 339.389381, 1.489863
6084.079, 339.338453, 1.528162
5212.177, 339.362523, 1.512022
3687.118, 339.334835, 1.529845
6714.837, 339.384347, 1.496444
6092.107, 339.324793, 1.535593
20300.279, 339.257557, 1.579204
4592.172, 339.275054, 1.568010
4492.375, 339.451830, 1.451178
8280.339, 339.241716, 1.589064
14188.994, 339.270065, 1.569974
13516.615, 339.332210, 1.527843
14994.878, 339.304230, 1.546043
59069.956, 339.248209, 1.580746
5274.160, 339.342689, 1.520030
6774.669, 339.354596, 1.510116
16538.720, 339.239010, 1.585881
6754.846, 339.234568, 1.587719
6745.121, 339.442699, 1.450103
8398.209, 339.392738, 1.482768
147806.239, 339.283515, 1.550479
16480.167, 339.276819, 1.557996
12777.675, 339.240434, 1.581147
20864.627, 339.317048, 1.529848
11987.645, 339.233938, 1.584574
8159.231, 339.419000, 1.462986
3722.565, 339.385689, 1.484710
4531.390, 339.499186, 1.409372
12069.672, 339.389056, 1.481647
19495.721, 339.266058, 1.562126
3766.222, 339.340025, 1.512783
15059.972, 339.324566, 1.521749
8257.798, 339.420953, 1.458353
14209.892, 339.385592, 1.481212
4499.203, 339.300044, 1.538177
4555.636, 339.271088, 1.556430
3713.527, 339.275226, 1.552780
4547.904, 339.428935, 1.451149
16506.133, 339.294853, 1.539153
3712.608, 339.535445, 1.380814
9054.623, 339.541200, 1.375153
93425.780, 339.413574, 1.455765
14229.208, 339.408818, 1.460894
3809.727, 339.290864, 1.539389
8162.034, 339.368926, 1.486774
7467.206, 339.309648, 1.526275
69493.733, 339.289185, 1.536311
6750.438, 339.352599, 1.496773
15669.378, 339.268893, 1.551352
8198.580, 339.252940, 1.562388
13480.813, 339.243222, 1.568474
9777.629, 339.235204, 1.573443
23309.703, 339.229712, 1.575819
36010.986, 339.264976, 1.551239
4580.795, 339.523477, 1.382423
5291.961, 339.369924, 1.483824
8999.747, 339.348502, 1.496893
11289.751, 339.362304, 1.486973
21721.579, 339.315747, 1.517264
6042.170, 339.248848, 1.562347
3767.696, 339.239396, 1.568808
11226.695, 339.226207, 1.576326
14221.164, 339.307704, 1.522025
17990.911, 339.243676, 1.564483
8267.010, 339.256797, 1.555324
9038.760, 339.357525, 1.488312
5329.994, 339.310104, 1.520095
17972.689, 339.251301, 1.557765
12803.293, 339.293262, 1.530216
118729.214, 339.226880, 1.570274
5198.736, 339.405580, 1.456082
13530.209, 339.279494, 1.537589
14239.062, 339.244493, 1.560246
5987.803, 339.462849, 1.416439
9034.255, 339.232646, 1.567841
5201.295, 339.282270, 1.535012
11983.556, 339.265206, 1.545345
4442.893, 339.343812, 1.492027
13577.985, 339.301280, 1.519374
17864.128, 339.233482, 1.562324
41024.948, 339.229489, 1.563611
5336.348, 339.408567, 1.447787
26204.307, 339.258306, 1.545128
8987.076, 339.287821, 1.526160
9711.847, 339.293560, 1.521575
47004.871, 339.267635, 1.536896
20915.333, 339.280978, 1.527844
3791.923, 339.275904, 1.531319
12093.974, 339.500760, 1.382240
8198.160, 339.232813, 1.558690
60106.422, 339.515117, 1.370950
3727.954, 339.318884, 1.501830
52858.454, 339.327413, 1.494011
12766.013, 339.247859, 1.547568
10401.271, 339.434753, 1.424572
35938.316, 339.229535, 1.557731
3766.405, 339.370615, 1.465866
21663.056, 339.299314, 1.511631
25458.528, 339.223736, 1.560600
8283.442, 339.309952, 1.504622
6020.413, 339.287975, 1.519172
5967.759, 339.282476, 1.522593
14195.001, 339.243978, 1.546656
22475.363, 339.313498, 1.499847
24682.812, 339.219516, 1.561297
153227.363, 339.264149, 1.528875
26884.069, 339.255065, 1.537469
11988.615, 339.274651, 1.524176
103701.937, 339.250000, 1.537952
17295.935, 339.224915, 1.556732
14982.268, 339.326789, 1.488708
3803.297, 339.281978, 1.519064
11961.222, 339.331815, 1.485033
9756.576, 339.297910, 1.507579
12759.684, 339.402920, 1.437578
10525.094, 339.306033, 1.501975
28408.019, 339.270978, 1.524647
41784.573, 339.231961, 1.549227
26966.928, 339.240630, 1.543523
222142.193, 339.510539, 1.361718
177422.104, 339.442686, 1.406610
17338.922, 339.337222, 1.478532
7434.402, 339.219341, 1.556885
15025.926, 339.266322, 1.523411
8998.882, 339.221305, 1.554305
7497.113, 339.430942, 1.415847
6770.602, 339.244050, 1.538636
27838.228, 339.223210, 1.551053
5932.886, 339.353157, 1.465850
6751.578, 339.309972, 1.494007
3754.070, 339.376853, 1.449324
11885.736, 339.238360, 1.539400
13455.746, 339.229359, 1.544801
4508.655, 339.213779, 1.555029
8328.133, 339.244532, 1.534144
44125.479, 339.282968, 1.506838
41095.484, 339.269417, 1.515306
8261.023, 339.226402, 1.545138
9840.328, 339.218244, 1.549879
18730.513, 339.257427, 1.523654
3794.298, 339.275030, 1.512400
11990.021, 339.245052, 1.531229
5999.438, 339.230368, 1.541371
20846.704, 339.367826, 1.449387
3668.227, 339.408713, 1.422971
6766.226, 339.334738, 1.471062
23267.631, 339.253003, 1.524272
5251.903, 339.221011, 1.545794
7447.632, 339.225449, 1.542025
12701.900, 339.216806, 1.547686
11148.546, 339.210908, 1.551516
4532.849, 339.240656, 1.531855
15749.990, 339.285000, 1.501473
4518.092, 339.244076, 1.529192
10481.952, 339.275292, 1.507299
28462.994, 339.246392, 1.526656
12666.789, 339.322018, 1.476638
18652.163, 339.260450, 1.516363
55325.267, 339.229406, 1.533741
13522.550, 339.327655, 1.472327
10510.889, 339.358885, 1.450090
58123.584, 339.443590, 1.392679
3777.443, 339.213598, 1.545005
128431.177, 339.332497, 1.459581
6702.205, 339.321186, 1.473016
6850.120, 339.249982, 1.520086
5245.706, 339.400503, 1.420479
11227.717, 339.377083, 1.435115
12074.808, 339.350301, 1.453027
9035.403, 339.289129, 1.493067
8171.747, 339.246373, 1.521583
14160.340, 339.385007, 1.429254
27687.535, 339.337940, 1.459643
15682.801, 339.295602, 1.488261
30710.456, 339.239049, 1.523256
3783.332, 339.270608, 1.504874
13586.691, 339.237437, 1.526193
8212.990, 339.233735, 1.529005
5257.978, 339.527513, 1.335003
14968.733, 339.316059, 1.473939
14968.386, 339.252881, 1.514704
14145.564, 339.221784, 1.534546
18828.152, 339.262039, 1.507293
16504.423, 339.212248, 1.540171
23235.210, 339.247736, 1.514621
38200.084, 339.233567, 1.524986
6798.451, 339.444330, 1.385676
3792.918, 339.277859, 1.496119
6019.892, 339.224264, 1.531222
4519.600, 339.407292, 1.410432
5332.565, 339.205331, 1.543194
9047.834, 339.266310, 1.502660
26233.541, 339.212625, 1.535481
7514.333, 339.285689, 1.488280
7538.036, 339.282571, 1.489835
6093.186, 339.239567, 1.518223
6767.852, 339.258603, 1.505175
43355.580, 339.217716, 1.528779
6748.512, 339.417786, 1.399742
15001.021, 339.371182, 1.430290
13491.942, 339.344252, 1.447773
20960.873, 339.252448, 1.508093
45658.939, 339.300939, 1.473519
9736.520, 339.364839, 1.433361
9026.167, 339.242574, 1.514063
27683.925, 339.232194, 1.518904
42536.246, 339.227820, 1.521154
23845.179, 339.306572, 1.470392
36555.768, 339.245829, 1.509862
4514.176, 339.389192, 1.416881
22467.376, 339.323528, 1.458634
12022.474, 339.207266, 1.535512
62595.165, 339.202352, 1.536431
12626.424, 339.459484, 1.369053
6707.781, 339.316308, 1.463207
4525.675, 339.213397, 1.531415
25475.089, 339.287522, 1.481427
24023.355, 339.279881, 1.486387
12041.293, 339.389719, 1.413490
13420.957, 339.222338, 1.523539
27612.610, 339.362037, 1.430756
11205.109, 339.406797, 1.400997
3715.737, 339.343965, 1.443036
7489.386, 339.311942, 1.463634
37392.765, 339.264814, 1.493345
52256.820, 339.210989, 1.528199
7570.331, 339.400401, 1.404873
15761.869, 339.367079, 1.425870
8290.452, 339.355490, 1.433904
6001.761, 339.305291, 1.466791
22414.342, 339.239871, 1.508293
8987.611, 339.307387, 1.464128
8983.955, 339.346313, 1.438082
17284.911, 339.269453, 1.488686
29899.178, 339.219474, 1.520457
81436.685, 339.414370, 1.389227
10433.255, 339.331919, 1.446047
5989.047, 339.259350, 1.494260
49245.095, 339.202180, 1.529417
13527.708, 339.351058, 1.432856
8993.989, 339.380645, 1.413149
5255.548, 339.328317, 1.446783
5984.002, 339.273370, 1.482907
21691.927, 339.226668, 1.512785
108864.601, 339.491393, 1.335924
4435.134, 339.232849, 1.509161
9085.826, 339.237839, 1.505209
15066.052, 339.348244, 1.431225
9747.442, 339.393948, 1.400731
11263.322, 339.247154, 1.497411
20254.454, 339.227530, 1.509483
164911.404, 339.206253, 1.519976
59903.382, 339.402989, 1.392217
9879.255, 339.327768, 1.442785
9692.287, 339.196098, 1.529585
18005.382, 339.270620, 1.479567
9936.929, 339.520654, 1.314956
3719.427, 339.296651, 1.462868
8224.674, 339.307002, 1.455175
41823.303, 339.228651, 1.505484
15692.593, 339.198419, 1.526351
15064.173, 339.383976, 1.403919
23842.688, 339.293190, 1.462882
20201.588, 339.249912, 1.491333
32970.312, 339.410250, 1.384473
3743.804, 339.321718, 1.444772
38151.396, 339.281841, 1.468903
9658.870, 339.221633, 1.509935
3788.498, 339.277996, 1.473163
12006.156, 339.214238, 1.514434
3761.154, 339.345683, 1.427194
15705.371, 339.403325, 1.387872
4501.473, 339.274470, 1.473380
15669.955, 339.193265, 1.525052
14124.924, 339.308922, 1.448756
3728.674, 339.240515, 1.494371
13516.210, 339.197598, 1.521974
20981.992, 339.381255, 1.399639
17333.595, 339.294037, 1.456805
8992.390, 339.225082, 1.502602
5962.152, 339.429857, 1.367114
5994.556, 339.298923, 1.453658
36600.689, 339.266417, 1.474439
17245.111, 339.433288, 1.362714
18657.297, 339.389798, 1.391006
6033.333, 339.229409, 1.497760
7454.943, 339.215529, 1.507246
83615.160, 339.211393, 1.506763
10502.618, 339.334168, 1.427071
14216.164, 339.201976, 1.514119
20300.061, 339.258873, 1.476234
24806.133, 339.254044, 1.478575
8247.107, 339.245456, 1.485362
17183.892, 339.207122, 1.509817
7585.344, 339.360213, 1.409476
42545.508, 339.191108, 1.518680
3791.237, 339.303737, 1.446176
9729.499, 339.204403, 1.511422
5976.200, 339.312080, 1.440148
7478.235, 339.235944, 1.489971
5403.956, 339.279333, 1.461436
103998.946, 339.226634, 1.492037
8180.888, 339.196811, 1.514733
23879.565, 339.343629, 1.416513
235518.561, 339.523360, 1.293766
31310.902, 339.346188, 1.413698
35995.962, 339.300445, 1.442501
14220.610, 339.386799, 1.387322
6005.952, 339.339634, 1.418403
3807.872, 339.359314, 1.405298
29149.391, 339.359844, 1.402234
4475.082, 339.239415, 1.483557
27589.191, 339.229693, 1.488644
17894.058, 339.352279, 1.407877
21026.380, 339.331351, 1.421108
12009.625, 339.314581, 1.433283
20175.414, 339.280723, 1.454626
4519.421, 339.200650, 1.508753
7537.021, 339.457535, 1.338830
11932.750, 339.425427, 1.359573
10391.635, 339.206839, 1.503969
6742.851, 339.204235, 1.505704
7555.882, 339.202186, 1.506899
3725.257, 339.258695, 1.469089
99976.317, 339.230703, 1.484125
14913.915, 339.403183, 1.372954
6746.122, 339.355032, 1.404395
8160.817, 339.282188, 1.451647
9667.854, 339.243049, 1.477676
40444.472, 339.248211, 1.471352
17854.825, 339.453586, 1.337195
7460.785, 339.346999, 1.407890
6786.544, 339.301546, 1.437910
76419.965, 339.188378, 1.509392
23158.426, 339.328487, 1.419286
5248.032, 339.200886, 1.504022
158276.977, 339.195016, 1.503153
12012.404, 339.313599, 1.428901
12760.813, 339.304561, 1.435155
41168.572, 339.369727, 1.388950
18039.400, 339.239169, 1.476119
10511.905, 339.214938, 1.491964
4444.008, 339.365556, 1.392693
8335.221, 339.292989, 1.439876
24605.593, 339.252929, 1.465902
38116.573, 339.201273, 1.498719
5230.355, 339.308997, 1.428704
8980.738, 339.283711, 1.444525
30682.317, 339.241420, 1.471058
24023.304, 339.342799, 1.404077
6766.248, 339.222870, 1.483607
13458.607, 339.216697, 1.487451
5216.000, 339.332492, 1.410743
20932.911, 339.213071, 1.488900
33732.670, 339.349453, 1.398103
4498.635, 339.204611, 1.493893
9726.140, 339.304790, 1.427302
6792.987, 339.245426, 1.466930
8275.305, 339.217208, 1.484856
42586.307, 339.187241, 1.502452
8306.766, 339.306592, 1.425319
9037.089, 339.387104, 1.371551
59876.536, 339.207243, 1.487479
38870.091, 339.196086, 1.496553
16473.299, 339.256320, 1.457301
42717.278, 339.236220, 1.469088
5979.952, 339.228627, 1.475925
3805.800, 339.414188, 1.353566
118784.417, 339.402396, 1.358733
10514.550, 339.383782, 1.372806
3768.963, 339.293391, 1.433122
7516.248, 339.359008, 1.389305
15753.013, 339.342752, 1.399797
17979.565, 339.335587, 1.403763
5236.008, 339.180955, 1.506153
9035.823, 339.312271, 1.419049
13429.435, 339.287249, 1.435024
70428.223, 339.246156, 1.458145
50077.212, 339.259201, 1.452197
5258.258, 339.371323, 1.379426
6697.216, 339.243226, 1.463571
30004.778, 339.227842, 1.471699
32773.839, 339.328598, 1.405692
14200.867, 339.300277, 1.424510
17213.026, 339.387811, 1.366682
25248.807, 339.200518, 1.488943
260474.835, 339.186375, 1.489408
20947.272, 339.263199, 1.445558
30737.617, 339.193003, 1.492064
69463.286, 339.230931, 1.465477
31932.154, 339.213479, 1.476289
109264.495, 339.203543, 1.479381
64267.370, 339.218202, 1.471229
19307.770, 339.386303, 1.362929
29325.101, 339.269486, 1.439022
9004.904, 339.411377, 1.345629
24048.536, 339.355953, 1.381965
9073.992, 339.295328, 1.422717
9765.381, 339.251896, 1.450922
53066.863, 339.335016, 1.392638
4455.607, 339.318462, 1.406657
3738.552, 339.292526, 1.423457
3692.601, 339.377132, 1.366951
8258.731, 339.305647, 1.413619
10435.292, 339.390609, 1.357211
4576.622, 339.360315, 1.377440
8329.885, 339.357635, 1.379246
7521.353, 339.343148, 1.388583
12027.843, 339.278402, 1.430972
11231.418, 339.253332, 1.447846
3679.856, 339.179617, 1.496436
14181.652, 339.280434, 1.428852
12732.010, 339.259040, 1.442734
9048.385, 339.210222, 1.475341
14154.300, 339.192807, 1.486360
28227.263, 339.243481, 1.451677
13520.276, 339.222717, 1.465884
99168.376, 339.195050, 1.480805
36730.226, 339.175102, 1.495060
10601.824, 339.367853, 1.369543
11225.053, 339.509395, 1.275997
40987.559, 339.289899, 1.419056
8291.960, 339.348387, 1.381443
5281.718, 339.254169, 1.443955
16452.301, 339.435348, 1.323390
18027.070, 339.385132, 1.356295
15710.918, 339.317800, 1.401381
43333.845, 339.212328, 1.468531
3794.505, 339.342199, 1.385186
13492.588, 339.180446, 1.490781
26172.644, 339.324033, 1.395519
190258.884, 339.307836, 1.401928
12695.645, 339.300762, 1.411514
8221.083, 339.207365, 1.472667
15732.993, 339.261826, 1.436432
48698.938, 339.234563, 1.453176
15713.211, 339.292488, 1.416093
9768.627, 339.269474, 1.431091
5293.862, 339.367392, 1.366050
45677.091, 339.254341, 1.438978
13471.864, 339.284521, 1.419219
63628.416, 339.222168, 1.458673
11204.322, 339.319438, 1.395560
10492.922, 339.249514, 1.442484
12800.304, 339.246022, 1.444765
9043.366, 339.228323, 1.455797
20237.414, 339.189377, 1.478654
11280.328, 339.420380, 1.328271
29964.062, 339.212904, 1.463586
63662.305, 339.487968, 1.282196
5956.316, 339.274684, 1.424056
3732.726, 339.385946, 1.350416
5943.363, 339.366720, 1.362631
3818.980, 339.410753, 1.333684
6790.927, 339.293369, 1.410522
6715.615, 339.170640, 1.490701
3739.069, 339.363215, 1.363592
29175.601, 339.230939, 1.449648
6823.186, 339.413311, 1.330206
4458.357, 339.206484, 1.466428
18668.983, 339.276419, 1.419390
15092.007, 339.217045, 1.457639
11998.681, 339.209220, 1.463600
4431.821, 339.185250, 1.479997
5267.862, 339.243531, 1.441171
6817.827, 339.360819, 1.363287
20156.629, 339.259013, 1.429397
6744.907, 339.247289, 1.438117
49331.951, 339.192747, 1.472170
57196.168, 339.391855, 1.340741
59655.107, 339.265024, 1.422594
21641.567, 339.181079, 1.480729
16458.803, 339.174670, 1.484606
12001.731, 339.518190, 1.258039
8276.321, 339.277789, 1.417019
15734.758, 339.239440, 1.441583
21052.540, 339.234959, 1.444429
48521.065, 339.222682, 1.451107
8273.174, 339.365553, 1.358494
24072.642, 339.320920, 1.385694
16398.030, 339.279942, 1.413391
19442.758, 339.260932, 1.425352
5348.827, 339.461781, 1.293821
11200.855, 339.201360, 1.464942
26987.237, 339.333101, 1.376735
102922.901, 339.183652, 1.473243
6069.427, 339.296811, 1.400855
30736.525, 339.210911, 1.456818
6793.831, 339.447083, 1.301348
12067.915, 339.329991, 1.378383
80556.871, 339.227319, 1.442670
6757.267, 339.214866, 1.454452
23937.148, 339.202504, 1.461440
38279.264, 339.359093, 1.357313
5982.972, 339.256994, 1.425899
3772.901, 339.238065, 1.437982
6045.273, 339.168705, 1.483137
13520.786, 339.444779, 1.300271
3735.452, 339.361345, 1.356102
20257.616, 339.302906, 1.393032
3714.044, 339.432115, 1.308975
22424.760, 339.320237, 1.381214
9820.595, 339.515511, 1.252634
3822.663, 339.463389, 1.287399
9677.236, 339.419197, 1.316475
52223.744, 339.206623, 1.452984
6760.585, 339.281463, 1.406677
5252.740, 339.247716, 1.428211
23103.895, 339.243273, 1.430192
103974.187, 339.166710, 1.479150
43303.774, 339.215980, 1.446672
8918.540, 339.347286, 1.361369
6082.858, 339.249863, 1.425272
41827.551, 339.194225, 1.460645
4532.229, 339.351830, 1.358295
6783.879, 339.277749, 1.406915
23130.300, 339.368233, 1.345599
6022.802, 339.271298, 1.409780
31387.634, 339.199991, 1.455829
15766.194, 339.309100, 1.383855
6665.904, 339.236465, 1.431961
32911.581, 339.178398, 1.469277
3720.692, 339.440941, 1.296625
20151.726, 339.287381, 1.397574
5253.786, 339.223869, 1.439807
3781.009, 339.174129, 1.472059
4514.059, 339.337145, 1.364233
4503.303, 339.255677, 1.417897
