# Source Fluxes and Coordinates
# Flux (e-/s), RA (deg), Dec (deg)
15924.695, 347.302192, 16.979484
34237.088, 347.509452, 17.246903
121386.508, 347.261442, 16.933165
3980.528, 347.254206, 16.922670
9735.096, 347.504727, 17.244397
9682.507, 347.341455, 17.039471
27925.686, 347.272714, 16.956102
3511.504, 347.263353, 16.944612
2730.257, 347.245101, 16.923386
17139.452, 347.281594, 16.974029
2711.754, 347.246298, 16.930475
57658.727, 347.257904, 16.948757
11956.204, 347.301067, 17.005445
7078.207, 347.478124, 17.233327
70818.405, 347.488756, 17.251556
62768.055, 347.332354, 17.052768
34021.680, 347.456170, 17.210242
4396.345, 347.323568, 17.039965
14909.936, 347.230493, 16.923599
2687.146, 347.249894, 16.950133
23303.514, 347.477461, 17.245297
21979.236, 347.236935, 16.941437
46517.095, 347.411425, 17.164278
14407.999, 347.457366, 17.222559
3513.436, 347.444985, 17.205800
9296.450, 347.306591, 17.030027
4341.785, 347.248551, 16.956537
77853.340, 347.243526, 16.955376
2197.516, 347.268434, 16.985762
7068.651, 347.257498, 16.977028
37719.500, 347.371863, 17.125176
3538.720, 347.245379, 16.962423
31295.773, 347.276397, 17.011473
4453.087, 347.226045, 16.948985
11076.183, 347.467293, 17.258148
8809.104, 347.214006, 16.935222
8404.995, 347.229725, 16.955333
6557.121, 347.216525, 16.938935
3067.663, 347.263077, 17.001411
11029.539, 347.456118, 17.250894
19324.060, 347.228222, 16.966744
3613.251, 347.297733, 17.054038
2691.037, 347.216237, 16.951479
14989.452, 347.238485, 16.982645
9296.801, 347.262049, 17.011796
15482.918, 347.450727, 17.254285
3954.552, 347.241190, 16.987973
6979.345, 347.252221, 17.003828
2215.677, 347.203981, 16.949777
2279.729, 347.224049, 16.975613
6211.276, 347.207459, 16.957681
22727.049, 347.348161, 17.138863
3542.744, 347.209502, 16.961362
16492.198, 347.215995, 16.973768
11916.435, 347.381990, 17.186723
2223.541, 347.198964, 16.952116
7070.188, 347.208126, 16.964123
12272.269, 347.335282, 17.127888
5745.388, 347.240192, 17.006563
66101.111, 347.339764, 17.137338
7981.221, 347.194536, 16.949917
7151.701, 347.247494, 17.018418
2253.362, 347.214931, 16.977547
2644.279, 347.388728, 17.205296
8370.870, 347.209843, 16.979574
79456.779, 347.328790, 17.135845
4876.013, 347.240394, 17.019986
31488.499, 347.189935, 16.957886
3505.426, 347.206100, 16.976557
171207.905, 347.340326, 17.155854
10108.394, 347.190201, 16.963963
4035.265, 347.230513, 17.015290
3265.256, 347.313513, 17.122086
5745.273, 347.226320, 17.013812
10118.717, 347.201075, 16.983085
9263.849, 347.206746, 16.989717
33082.826, 347.324507, 17.145352
10662.069, 347.214613, 17.004653
18913.423, 347.249882, 17.051074
33908.512, 347.218999, 17.014926
3109.066, 347.188166, 16.974952
3977.352, 347.192879, 16.981383
77661.293, 347.295481, 17.119126
11437.393, 347.242358, 17.049496
44099.271, 347.374092, 17.221400
3001.432, 347.216588, 17.017289
5355.440, 347.197492, 16.995181
25171.123, 347.359704, 17.205762
6117.362, 347.181615, 16.976846
53117.006, 347.351823, 17.198545
9717.979, 347.172536, 16.969068
9740.134, 347.208155, 17.014892
47471.599, 347.192594, 17.001994
2671.305, 347.172811, 16.974749
2632.622, 347.179687, 16.985750
9328.334, 347.282165, 17.117655
3101.579, 347.203590, 17.017142
3070.284, 347.167351, 16.972223
10058.719, 347.182601, 16.993143
4428.250, 347.238493, 17.064064
2237.008, 347.227952, 17.052175
2237.431, 347.244113, 17.073006
29980.747, 347.365807, 17.232306
3554.644, 347.262230, 17.097511
2662.240, 347.189229, 17.006784
25882.102, 347.196327, 17.019312
4876.670, 347.171975, 16.988516
6144.768, 347.255849, 17.097056
11099.019, 347.202065, 17.031215
7052.276, 347.175339, 16.996824
4429.168, 347.210866, 17.042783
2199.661, 347.248567, 17.090385
2662.572, 347.180273, 17.003409
8769.338, 347.181558, 17.007983
7977.696, 347.165799, 16.987774
5316.869, 347.213528, 17.049353
5707.374, 347.185101, 17.013952
7358.950, 347.276631, 17.132386
9635.198, 347.236903, 17.085629
454763.920, 347.271382, 17.138873
8748.000, 347.188849, 17.025124
3512.784, 347.157603, 16.985771
12377.608, 347.172328, 17.005891
16717.214, 347.189615, 17.029573
12707.962, 347.182642, 17.022942
25817.975, 347.249451, 17.109192
3509.128, 347.192198, 17.035274
2736.706, 347.221734, 17.076436
6259.564, 347.182386, 17.028443
16479.997, 347.163915, 17.007248
5345.375, 347.178062, 17.024321
4419.405, 347.174999, 17.021674
8823.952, 347.157934, 17.001842
2685.690, 347.297192, 17.179778
2207.083, 347.220949, 17.082670
11044.765, 347.262117, 17.136749
9668.975, 347.182405, 17.034473
7492.831, 347.240530, 17.109493
12769.972, 347.182723, 17.038765
46268.627, 347.232853, 17.104310
6139.151, 347.304387, 17.194663
10117.068, 347.186286, 17.044969
154551.951, 347.205239, 17.077081
4045.653, 347.143797, 16.990330
9774.435, 347.146532, 16.995710
177062.795, 347.195858, 17.063695
3476.555, 347.173606, 17.030053
30512.266, 347.176797, 17.036724
17178.336, 347.201748, 17.070044
27166.376, 347.161957, 17.018565
6655.630, 347.157947, 17.013111
6183.931, 347.314216, 17.212481
31683.418, 347.189302, 17.054917
56336.849, 347.237566, 17.119015
10521.450, 347.142132, 16.996783
26830.959, 347.146071, 17.004472
15390.619, 347.305726, 17.210917
12679.832, 347.153723, 17.018955
2648.533, 347.161049, 17.027900
10155.708, 347.137696, 17.000546
8811.257, 347.166174, 17.037999
7943.942, 347.170434, 17.044171
11483.648, 347.205790, 17.088147
4001.645, 347.180865, 17.056561
5346.299, 347.210543, 17.094700
11428.626, 347.130809, 16.994409
4443.685, 347.188974, 17.068759
2645.901, 347.228968, 17.119510
6674.884, 347.147249, 17.016421
12280.374, 347.194443, 17.077321
7031.188, 347.174758, 17.052929
14073.501, 347.356673, 17.285955
2198.199, 347.212784, 17.100840
4436.709, 347.166017, 17.042488
2632.865, 347.182319, 17.065456
150952.659, 347.182559, 17.072417
2230.016, 347.233178, 17.133078
9728.514, 347.166564, 17.050228
2600.930, 347.170933, 17.054464
4010.422, 347.135618, 17.009811
2747.427, 347.207576, 17.102773
7054.586, 347.127523, 17.003784
8850.804, 347.124675, 17.001227
3535.474, 347.173317, 17.062855
10564.194, 347.176562, 17.070207
12784.791, 347.161088, 17.051487
11072.553, 347.173370, 17.066934
2227.457, 347.131988, 17.013645
4822.790, 347.148532, 17.035819
2273.716, 347.121595, 17.001457
30398.599, 347.209625, 17.116529
4935.472, 347.340125, 17.282217
4460.858, 347.379284, 17.332326
45296.270, 347.313282, 17.251162
17517.504, 347.135822, 17.023847
3553.508, 347.215029, 17.123232
10608.402, 347.138782, 17.029182
11872.437, 347.190185, 17.094570
30646.614, 347.160588, 17.058522
4387.823, 347.212887, 17.123845
8906.287, 347.131173, 17.019965
38319.406, 347.167534, 17.070279
39318.376, 347.290972, 17.227245
2702.763, 347.136243, 17.027423
4854.252, 347.125097, 17.013964
42733.607, 347.206926, 17.122819
4008.131, 347.115475, 17.004399
2690.579, 347.174322, 17.081266
21891.266, 347.135566, 17.035024
2682.800, 347.153725, 17.057312
5792.660, 347.333260, 17.287587
5626.242, 347.155749, 17.061996
21254.659, 347.121292, 17.020116
14502.739, 347.184708, 17.101102
9768.301, 347.189551, 17.107022
4388.629, 347.197590, 17.116280
2689.416, 347.135627, 17.039366
2265.245, 347.206917, 17.130850
15291.380, 347.209609, 17.135626
5317.897, 347.231770, 17.164053
21840.869, 347.191518, 17.117351
4424.483, 347.120661, 17.025764
13759.773, 347.129320, 17.037778
3542.877, 347.220147, 17.152894
12883.239, 347.148566, 17.064846
9199.232, 347.124865, 17.035254
2667.463, 347.139723, 17.053291
35936.210, 347.285383, 17.241986
15533.852, 347.179668, 17.106897
8415.664, 347.106168, 17.013088
8292.745, 347.116311, 17.027362
16323.079, 347.134409, 17.053674
7073.141, 347.201959, 17.138195
4376.041, 347.108998, 17.018666
4400.837, 347.173151, 17.102075
4825.133, 347.105326, 17.016877
4868.918, 347.184753, 17.117905
38134.803, 347.108880, 17.024506
70207.094, 347.128428, 17.051588
8741.470, 347.167432, 17.097045
3110.798, 347.164807, 17.093755
7915.009, 347.113366, 17.029929
10684.548, 347.150670, 17.077964
4003.380, 347.330713, 17.307861
5290.876, 347.210549, 17.154752
17138.463, 347.116703, 17.037058
4480.229, 347.179488, 17.115484
4413.210, 347.166320, 17.099720
15044.324, 347.171650, 17.109170
18941.349, 347.123376, 17.045971
56123.964, 347.154410, 17.087958
3568.085, 347.168132, 17.102528
10198.279, 347.176604, 17.114180
3999.632, 347.100758, 17.019159
54508.497, 347.118432, 17.046566
8407.992, 347.144654, 17.076071
19783.352, 347.138827, 17.071622
9725.865, 347.166946, 17.107530
11866.907, 347.123615, 17.052871
70366.915, 347.239005, 17.208891
6136.036, 347.095481, 17.019666
5776.211, 347.140284, 17.076411
78343.412, 347.278152, 17.258655
3523.984, 347.156439, 17.098225
3625.248, 347.127048, 17.061484
193999.923, 347.214701, 17.180076
31586.354, 347.173648, 17.125368
2205.595, 347.114896, 17.050815
142170.230, 347.123509, 17.069475
96702.909, 347.098976, 17.038482
6551.469, 347.119180, 17.057328
5286.883, 347.146006, 17.091456
6191.474, 347.092103, 17.024190
3082.918, 347.109492, 17.046055
10144.912, 347.136090, 17.081551
107320.718, 347.289745, 17.282877
6201.901, 347.105857, 17.044828
10593.382, 347.162903, 17.118954
8429.882, 347.089726, 17.027395
236672.512, 347.169232, 17.137153
4007.392, 347.118799, 17.064645
64643.080, 347.137715, 17.093078
4401.689, 347.104981, 17.049950
5759.090, 347.106348, 17.051816
2248.026, 347.097983, 17.043900
3027.534, 347.164265, 17.130282
16015.110, 347.160350, 17.126715
10951.868, 347.100260, 17.050184
3603.334, 347.106011, 17.056766
22133.629, 347.133196, 17.098255
3103.484, 347.162100, 17.133384
6213.395, 347.206090, 17.190076
6183.264, 347.145220, 17.113149
4782.027, 347.110610, 17.068764
386750.622, 347.214796, 17.215053
2675.091, 347.183776, 17.163803
2593.443, 347.211630, 17.199611
3531.384, 347.115526, 17.078171
6636.177, 347.215625, 17.206704
3114.630, 347.080057, 17.033180
21156.735, 347.106276, 17.069721
2717.655, 347.131553, 17.098794
3110.784, 347.113273, 17.076400
5333.277, 347.324422, 17.349693
16676.988, 347.076583, 17.034097
6167.117, 347.091890, 17.053447
3993.884, 347.115183, 17.083187
5269.951, 347.234283, 17.235970
5331.428, 347.086057, 17.047761
2646.021, 347.132276, 17.110016
38586.970, 347.167647, 17.158195
5805.780, 347.077555, 17.040936
3047.736, 347.098059, 17.066655
14921.544, 347.170578, 17.161765
4404.179, 347.084232, 17.049784
3036.011, 347.100049, 17.069897
23095.357, 347.073514, 17.038431
3139.516, 347.108696, 17.082764
3125.566, 347.195765, 17.194581
7062.029, 347.134889, 17.118201
8418.870, 347.151384, 17.138754
63164.683, 347.279829, 17.306417
3122.257, 347.139732, 17.124208
7419.881, 347.141394, 17.127751
5248.133, 347.159081, 17.150969
71383.933, 347.296935, 17.329557
21042.551, 347.081673, 17.054215
2658.933, 347.099114, 17.074960
31804.088, 347.109835, 17.091069
18034.789, 347.177815, 17.177230
7037.714, 347.096208, 17.073533
22943.148, 347.126114, 17.115184
2219.848, 347.301572, 17.335104
4407.404, 347.159792, 17.154203
4385.792, 347.078713, 17.051186
5317.061, 347.085576, 17.060977
18101.054, 347.145936, 17.138829
6207.741, 347.327419, 17.370412
5197.453, 347.203709, 17.212554
4347.211, 347.149237, 17.143329
3044.461, 347.208619, 17.218987
2218.972, 347.151356, 17.146582
5759.810, 347.132647, 17.124322
4837.237, 347.157880, 17.155851
52787.626, 347.096874, 17.081165
18766.314, 347.244517, 17.270756
4860.131, 347.112685, 17.102833
26741.210, 347.136783, 17.136563
3522.193, 347.145038, 17.143860
8354.034, 347.079177, 17.062501
3529.128, 347.106942, 17.097578
12374.660, 347.125539, 17.123765
4412.890, 347.065647, 17.047741
3970.333, 347.075872, 17.061185
3087.632, 347.080365, 17.067841
3179.255, 347.072217, 17.058089
6624.291, 347.117742, 17.117257
4797.686, 347.121488, 17.122254
17138.763, 347.125443, 17.128185
18864.195, 347.060797, 17.047763
3534.238, 347.064748, 17.050509
41037.448, 347.313566, 17.372049
7542.681, 347.130487, 17.136411
36743.610, 347.305477, 17.362672
2266.107, 347.106311, 17.107538
7488.386, 347.124841, 17.132714
9209.485, 347.196573, 17.224370
15416.640, 347.190826, 17.217915
2644.913, 347.143574, 17.156576
12218.041, 347.133379, 17.146101
40887.442, 347.058579, 17.054426
7947.321, 347.072301, 17.070032
2694.595, 347.076496, 17.074144
22932.889, 347.093611, 17.097698
125861.833, 347.133365, 17.155811
7932.180, 347.069969, 17.067039
9281.878, 347.139609, 17.156142
9647.914, 347.065658, 17.062832
48804.788, 347.159234, 17.184175
26529.789, 347.061695, 17.061303
6544.368, 347.109865, 17.120893
11443.528, 347.113918, 17.126163
9641.515, 347.083068, 17.087429
57155.381, 347.146197, 17.171562
5307.323, 347.151583, 17.175068
7910.721, 347.179986, 17.212759
7528.124, 347.064558, 17.067044
26800.671, 347.075563, 17.083032
7996.284, 347.089694, 17.098350
48923.429, 347.218207, 17.266249
5287.275, 347.091475, 17.101665
10534.904, 347.051145, 17.051416
2666.844, 347.083939, 17.092343
2172.232, 347.154210, 17.182082
4401.972, 347.112524, 17.130226
7035.904, 347.175071, 17.212687
11831.753, 347.052135, 17.058073
8320.137, 347.078976, 17.091758
79010.419, 347.078752, 17.098911
3975.344, 347.113347, 17.135428
3082.318, 347.275648, 17.345061
3088.958, 347.118812, 17.144883
4478.416, 347.123007, 17.150179
3973.328, 347.074143, 17.088467
4457.343, 347.142590, 17.175681
3591.775, 347.057311, 17.067481
6135.403, 347.070827, 17.085666
3576.180, 347.282488, 17.356326
2215.438, 347.083595, 17.101942
3557.850, 347.146247, 17.183122
4820.346, 347.183174, 17.231218
4383.379, 347.053870, 17.066235
8002.827, 347.063721, 17.079359
14469.216, 347.088148, 17.111326
3484.842, 347.067195, 17.084487
2661.192, 347.276339, 17.352343
11425.329, 347.050708, 17.067860
6655.753, 347.098730, 17.128554
97338.632, 347.193590, 17.255107
127463.147, 347.042546, 17.064278
2625.406, 347.055951, 17.074601
2228.862, 347.108488, 17.141752
2683.415, 347.118822, 17.155016
6195.376, 347.121590, 17.159644
10990.608, 347.156058, 17.204531
3603.239, 347.058331, 17.079384
79666.022, 347.091060, 17.125130
19370.996, 347.127500, 17.170930
3104.358, 347.083377, 17.114570
5753.416, 347.046598, 17.069839
15915.498, 347.057578, 17.083712
44655.140, 347.096704, 17.137887
8392.677, 347.072404, 17.105518
27295.086, 347.109955, 17.157472
4000.279, 347.121782, 17.167943
10566.191, 347.074612, 17.110111
152470.819, 347.104395, 17.151992
3975.075, 347.131815, 17.181258
3600.159, 347.114930, 17.161615
3139.508, 347.080410, 17.118629
6565.983, 347.127189, 17.180485
3962.711, 347.135835, 17.191584
3592.853, 347.192843, 17.265479
2804.149, 347.295171, 17.396405
9315.102, 347.049812, 17.083556
3139.312, 347.069206, 17.107561
3503.027, 347.062462, 17.099710
3542.574, 347.269779, 17.365246
2183.408, 347.114742, 17.166855
5785.652, 347.181964, 17.254495
5277.196, 347.072497, 17.114792
22755.439, 347.121826, 17.180399
3544.737, 347.291988, 17.396220
5337.119, 347.032663, 17.065057
3074.172, 347.037206, 17.070073
4421.143, 347.095675, 17.145072
2710.420, 347.109137, 17.162181
9221.845, 347.143741, 17.207365
4834.144, 347.063146, 17.104279
5336.293, 347.076396, 17.121791
7052.336, 347.088154, 17.136913
25056.347, 347.063909, 17.110247
25016.755, 347.131643, 17.198707
3072.375, 347.037959, 17.076789
4016.070, 347.035746, 17.074685
2626.074, 347.088546, 17.141938
4001.840, 347.134661, 17.201352
4489.207, 347.058897, 17.104651
6178.753, 347.054471, 17.100021
34547.189, 347.235252, 17.333490
6227.573, 347.146412, 17.218353
9247.949, 347.115631, 17.180524
2218.686, 347.043511, 17.088289
6611.748, 347.069441, 17.122554
9237.036, 347.066162, 17.119127
43268.704, 347.215681, 17.313260
32711.712, 347.251897, 17.358461
3107.167, 347.085304, 17.144381
9246.273, 347.050283, 17.100460
10592.335, 347.028786, 17.074104
6157.362, 347.055627, 17.108646
8792.701, 347.081804, 17.143301
12379.582, 347.129152, 17.204272
3525.280, 347.141280, 17.218821
5752.791, 347.131124, 17.208363
6596.299, 347.136505, 17.215113
5774.418, 347.036660, 17.087853
3516.829, 347.073467, 17.134833
7961.860, 347.150949, 17.235194
5749.780, 347.098253, 17.168828
4455.259, 347.059381, 17.120014
2668.150, 347.076772, 17.141939
3093.523, 347.084425, 17.152191
13159.430, 347.028283, 17.083367
19793.765, 347.107680, 17.184816
116625.278, 347.020078, 17.076294
3091.735, 347.038200, 17.094770
22789.352, 347.140640, 17.229586
41145.654, 347.115423, 17.197699
4917.857, 347.205653, 17.310453
6636.722, 347.095893, 17.171496
2242.732, 347.029932, 17.088003
3618.316, 347.233600, 17.348637
3063.150, 347.050833, 17.115312
11908.504, 347.052255, 17.118616
4030.656, 347.072261, 17.143142
4940.271, 347.047270, 17.111831
12757.922, 347.091225, 17.168987
6541.251, 347.125533, 17.211736
40934.766, 347.022732, 17.087439
5336.669, 347.036208, 17.098908
4793.175, 347.068410, 17.140172
46402.672, 347.105033, 17.191391
44761.033, 347.063720, 17.139239
4456.709, 347.071938, 17.147208
7509.687, 347.117103, 17.205582
24676.881, 347.026500, 17.092889
3127.933, 347.127477, 17.219735
2660.114, 347.168997, 17.273262
7499.290, 347.035409, 17.104648
5314.388, 347.044522, 17.116395
3535.187, 347.053625, 17.128616
16293.171, 347.045576, 17.120493
64733.550, 347.139031, 17.243286
268319.636, 347.184372, 17.305361
4384.005, 347.034033, 17.107636
6634.516, 347.096472, 17.187350
2246.044, 347.104067, 17.196852
25122.431, 347.028704, 17.103075
3132.633, 347.063448, 17.145877
11042.312, 347.091451, 17.183494
46428.792, 347.267498, 17.410849
14168.406, 347.038319, 17.117480
2719.105, 347.088630, 17.180409
9736.654, 347.012105, 17.084853
29449.965, 347.020554, 17.096585
2179.617, 347.060250, 17.145309
7910.671, 347.063369, 17.150099
18861.939, 347.108621, 17.210766
8415.784, 347.009635, 17.081625
3084.706, 347.124493, 17.229117
4475.165, 347.153547, 17.267166
7841.388, 347.024965, 17.104988
2684.748, 347.156248, 17.272226
20627.341, 347.037023, 17.122610
3975.420, 347.010303, 17.087219
11532.148, 347.033407, 17.117473
7911.602, 347.041980, 17.127892
6321.639, 347.083580, 17.181533
13014.030, 347.097060, 17.199974
2204.085, 347.105737, 17.209132
11401.341, 347.006061, 17.083119
52601.650, 347.043573, 17.134522
4381.873, 347.025045, 17.108374
2222.023, 347.093190, 17.195146
73590.640, 347.058475, 17.155285
3998.580, 347.100742, 17.205573
8382.019, 347.015176, 17.097323
2237.630, 347.022494, 17.106568
7922.410, 347.018688, 17.102433
5356.091, 347.028679, 17.114762
46871.533, 347.186234, 17.319046
19282.403, 347.011303, 17.096532
123092.473, 347.133664, 17.257455
3076.122, 347.210256, 17.350008
2230.431, 347.065341, 17.165328
4868.167, 347.129393, 17.247973
2231.232, 347.164050, 17.291195
26788.372, 347.043084, 17.140090
5293.724, 347.054005, 17.151588
3986.780, 347.221255, 17.366748
13201.764, 347.091591, 17.202652
15902.279, 347.206698, 17.349965
9248.616, 347.007476, 17.094967
3596.644, 347.075614, 17.181729
56961.898, 347.021584, 17.119221
24579.996, 347.026490, 17.123801
6162.815, 347.141601, 17.268773
3945.785, 347.069067, 17.175825
9763.135, 347.153060, 17.285240
96595.542, 346.997978, 17.092358
15916.966, 347.010130, 17.105948
11015.457, 347.007246, 17.101605
4841.592, 347.002378, 17.095051
4416.606, 347.016164, 17.113200
3964.867, 347.017935, 17.115361
7543.227, 347.025352, 17.127969
7987.007, 347.056860, 17.168190
3548.756, 347.054696, 17.165377
4398.323, 347.001567, 17.098819
7958.518, 347.112438, 17.239949
9765.830, 347.015268, 17.117051
3179.066, 347.065917, 17.180910
22006.525, 347.076289, 17.196648
14986.674, 347.033438, 17.142343
11114.051, 347.039494, 17.150074
84797.660, 347.046525, 17.160909
3531.804, 347.133733, 17.269723
12210.612, 347.242126, 17.409367
2661.724, 347.105919, 17.234191
21946.043, 347.072464, 17.193959
5285.322, 347.021273, 17.128971
2202.711, 347.018164, 17.124786
75904.165, 347.127251, 17.268035
14143.660, 347.027452, 17.139289
31650.972, 347.049187, 17.170114
3540.400, 347.001688, 17.107484
2267.171, 347.109400, 17.245400
9230.126, 347.132180, 17.275034
3032.742, 347.006276, 17.114091
21143.609, 347.008443, 17.118412
10098.876, 347.013402, 17.124636
7500.593, 347.058924, 17.181910
10536.159, 347.019589, 17.132550
2689.388, 347.113687, 17.252945
54692.254, 347.077479, 17.209841
2227.713, 347.037570, 17.156187
8443.039, 346.991410, 17.099127
2666.373, 346.996748, 17.104923
20128.383, 347.052897, 17.179995
17488.140, 347.026045, 17.146540
18006.650, 347.083262, 17.219525
12725.649, 347.097857, 17.236587
8790.205, 347.013052, 17.130166
19876.067, 346.999747, 17.115359
2224.023, 346.985987, 17.096374
3074.588, 347.033141, 17.156422
2185.514, 347.105804, 17.249411
15485.611, 347.028854, 17.152769
3549.905, 347.086029, 17.224968
19842.003, 347.035955, 17.164475
34153.632, 347.202534, 17.377407
4893.130, 347.041898, 17.170308
18907.232, 347.057437, 17.191856
6117.780, 347.099724, 17.244047
10553.721, 346.987756, 17.103422
31665.118, 347.050023, 17.185311
2657.354, 346.983648, 17.098095
4006.200, 346.991317, 17.107931
7495.675, 347.032547, 17.161667
10529.390, 347.116763, 17.269257
4843.484, 347.093202, 17.239104
13381.618, 347.153562, 17.317923
15407.104, 347.001224, 17.125006
22372.016, 347.011854, 17.138277
15913.113, 347.017068, 17.145028
3994.414, 347.021955, 17.151030
20707.350, 346.983125, 17.104919
3051.537, 347.075413, 17.221179
27306.252, 347.229256, 17.420287
7490.764, 347.003330, 17.130024
2236.095, 347.084922, 17.235041
2204.585, 347.072623, 17.220266
2655.657, 347.091198, 17.244075
7920.507, 347.220595, 17.411646
18518.435, 347.019866, 17.156209
6192.374, 347.023589, 17.160445
4863.627, 346.987950, 17.114286
12817.334, 347.013683, 17.148599
5774.000, 347.101475, 17.260083
16323.545, 347.039170, 17.183098
191628.760, 347.067863, 17.224820
99797.560, 346.995783, 17.131843
7508.554, 347.061703, 17.211608
5231.667, 347.027412, 17.169227
7845.824, 347.023412, 17.165071
6707.777, 347.056873, 17.208334
4367.303, 347.032150, 17.177603
2654.254, 347.077148, 17.235233
7138.911, 347.117407, 17.288251
9317.331, 347.147917, 17.326187
11043.695, 346.987217, 17.121154
23009.487, 347.092621, 17.259385
7882.361, 347.080309, 17.243008
8252.403, 347.039498, 17.192168
7026.320, 347.072924, 17.234354
6588.457, 347.013939, 17.159625
11886.553, 347.069620, 17.231987
7945.295, 347.088093, 17.254403
11908.619, 347.009058, 17.154144
6625.689, 347.015436, 17.162597
2677.990, 347.136579, 17.317167
8339.776, 347.138119, 17.321325
13210.341, 346.981545, 17.121370
5825.696, 346.986931, 17.128954
2235.627, 346.996667, 17.139674
57967.176, 346.999973, 17.146701
3154.330, 347.004362, 17.150174
13250.284, 347.038706, 17.196827
2285.260, 347.171945, 17.366126
4849.685, 347.034711, 17.191257
5755.416, 347.127047, 17.311300
3129.100, 347.156325, 17.347597
5351.517, 347.209639, 17.416427
32114.145, 346.969217, 17.113682
2671.346, 347.050366, 17.213106
11531.406, 347.084415, 17.257579
6247.517, 347.057600, 17.223759
44932.364, 347.067818, 17.239490
7021.257, 347.006871, 17.160869
2664.683, 347.019126, 17.175646
8833.131, 347.034150, 17.195717
7081.474, 347.114625, 17.298754
54603.873, 346.974280, 17.122356
112038.680, 346.992564, 17.148236
13186.491, 347.019965, 17.181106
5307.326, 346.978422, 17.127222
14922.087, 347.000841, 17.156991
16707.974, 347.044679, 17.213685
6564.563, 347.119801, 17.308558
3963.054, 347.016248, 17.176107
50898.785, 346.977140, 17.133762
3537.603, 347.079893, 17.259526
3510.884, 347.006449, 17.166155
4417.893, 347.083711, 17.265551
9159.501, 347.109959, 17.301043
3039.465, 347.039355, 17.209384
5278.410, 347.011745, 17.174766
2652.883, 347.060976, 17.237597
4839.953, 347.199613, 17.415179
6208.251, 346.982096, 17.137998
3965.376, 347.097056, 17.284617
2208.221, 346.962921, 17.113423
59782.160, 346.969388, 17.125333
10596.639, 347.150439, 17.354919
20270.894, 347.065378, 17.248088
3108.535, 347.110796, 17.303662
2667.770, 346.994842, 17.156383
3043.714, 347.106137, 17.299496
3095.472, 346.973849, 17.130952
6165.453, 347.014874, 17.183894
2658.844, 347.050994, 17.229671
44358.746, 347.124747, 17.327125
24651.367, 346.978323, 17.139912
8765.581, 347.021438, 17.192853
12840.816, 347.025697, 17.198867
7616.958, 347.067865, 17.253483
16250.810, 347.156871, 17.367727
13150.505, 346.994161, 17.160661
20225.581, 347.030099, 17.206468
69789.404, 347.087499, 17.282612
5364.653, 346.985732, 17.149918
4862.502, 346.997576, 17.165196
4429.696, 347.106359, 17.304642
3048.352, 347.041510, 17.223473
212835.477, 346.990803, 17.171279
2625.060, 347.075834, 17.267278
18050.851, 346.959504, 17.119983
9194.064, 347.044505, 17.227871
9620.647, 346.963527, 17.125405
4429.359, 347.005318, 17.178148
9370.798, 347.151255, 17.365987
7007.420, 346.980608, 17.148106
4883.815, 346.994671, 17.165818
6502.940, 347.007248, 17.182007
6600.798, 346.974415, 17.141693
2201.509, 347.010748, 17.188013
2251.184, 347.082191, 17.278975
179628.901, 347.123226, 17.339450
15449.825, 347.021868, 17.204228
4889.891, 347.107793, 17.313108
10153.014, 346.971888, 17.139968
9681.086, 347.031520, 17.216595
6565.736, 347.105701, 17.311815
6137.060, 347.025009, 17.208453
9256.144, 347.040886, 17.229394
11334.917, 346.976653, 17.147728
11503.180, 347.074194, 17.273884
2740.554, 347.102349, 17.308524
2211.839, 346.961309, 17.128464
10532.166, 347.080602, 17.282236
8368.696, 347.129926, 17.347753
72464.113, 347.003554, 17.187618
2183.897, 347.186824, 17.419815
19295.621, 346.973370, 17.148789
10137.900, 346.980454, 17.157939
6224.695, 347.062451, 17.262806
3554.507, 347.090645, 17.298338
23304.105, 346.952347, 17.123781
93450.970, 347.007089, 17.198178
39428.773, 347.029908, 17.225265
5709.450, 347.035697, 17.229322
14952.967, 347.117335, 17.335209
33814.937, 347.018335, 17.213724
5767.951, 347.025500, 17.218037
3989.696, 346.957669, 17.131833
4427.228, 346.963827, 17.141076
27683.217, 346.989019, 17.176827
38560.758, 346.976555, 17.160020
6683.826, 346.970776, 17.151893
4853.762, 346.995192, 17.182866
8830.501, 347.171320, 17.408172
2306.696, 347.202659, 17.448866
4887.813, 346.997405, 17.186716
3097.027, 347.011340, 17.204202
31482.806, 346.952130, 17.131795
363574.965, 346.970756, 17.169606
6668.905, 347.080667, 17.294181
18880.707, 346.948428, 17.127156
9308.350, 346.956027, 17.135870
26845.697, 346.959934, 17.143240
4459.424, 346.971659, 17.156124
2595.600, 347.013006, 17.209537
4904.308, 347.043177, 17.249127
5200.924, 347.155026, 17.393703
2220.509, 347.030674, 17.234681
24638.002, 346.969968, 17.160807
30279.638, 346.987844, 17.185541
15507.024, 346.945368, 17.128417
8791.184, 346.993595, 17.191287
53647.696, 346.951666, 17.143813
37049.966, 346.957437, 17.150196
4435.920, 347.049176, 17.262144
10660.637, 346.977727, 17.172308
28156.096, 347.107065, 17.339850
3083.241, 347.123780, 17.357952
11092.921, 346.994755, 17.194238
5719.663, 347.019966, 17.226245
6560.541, 347.001612, 17.203775
2643.578, 347.012223, 17.216404
4859.771, 347.161248, 17.407899
3589.373, 346.962091, 17.153155
5247.239, 346.980682, 17.177466
7915.008, 347.072529, 17.295195
3498.064, 347.178442, 17.430278
31266.048, 346.944693, 17.134643
7440.533, 346.964119, 17.158305
11536.319, 347.166144, 17.416161
22502.123, 346.941817, 17.130862
19763.743, 346.989347, 17.191664
7976.194, 347.059293, 17.280524
22003.614, 347.087959, 17.318206
22346.523, 347.006441, 17.214168
3071.334, 347.051413, 17.270628
11008.878, 347.081125, 17.309792
2669.247, 347.091848, 17.322219
2655.184, 347.193801, 17.452830
18428.221, 346.946119, 17.138970
6208.731, 346.957694, 17.153372
2668.102, 347.020651, 17.234506
7496.687, 347.016971, 17.231619
6652.694, 346.998041, 17.207771
14116.634, 347.051358, 17.277675
9272.605, 347.059637, 17.288610
29444.953, 347.064850, 17.296715
3090.992, 346.940700, 17.136492
2707.843, 346.938119, 17.133346
68606.047, 346.948984, 17.152706
49454.726, 347.012070, 17.232447
2213.733, 347.025659, 17.245922
4444.779, 347.034353, 17.256786
24180.782, 346.973055, 17.181884
2223.638, 347.008767, 17.225400
2210.713, 346.987121, 17.198506
7420.034, 347.017226, 17.237775
81020.636, 346.934578, 17.138163
5260.167, 346.994647, 17.209775
7138.432, 346.996263, 17.211966
19748.552, 347.001695, 17.222876
3127.894, 347.177077, 17.443223
6135.270, 346.981987, 17.194321
3961.854, 347.022606, 17.245986
4020.792, 346.968548, 17.177984
2236.214, 346.988937, 17.203746
6148.173, 347.005071, 17.224336
8862.137, 347.164478, 17.429002
10570.778, 347.054188, 17.289028
5670.950, 346.963971, 17.173249
3534.652, 347.051439, 17.285414
6103.928, 347.057502, 17.293682
3122.775, 347.046920, 17.279968
10170.138, 347.137752, 17.398160
9783.494, 346.941462, 17.147185
2205.965, 346.990757, 17.208463
5359.621, 347.006916, 17.229777
2721.703, 347.175980, 17.446340
32163.064, 347.040438, 17.276739
3121.835, 347.146409, 17.408712
2665.800, 347.162130, 17.429071
28524.733, 346.943544, 17.151450
6588.382, 346.952765, 17.162349
4873.295, 346.953967, 17.165094
12305.524, 346.961279, 17.175956
15316.469, 346.957284, 17.171056
38633.427, 346.935309, 17.147048
8769.186, 347.030252, 17.264502
104282.437, 347.072184, 17.323149
3577.281, 346.933290, 17.140437
4030.494, 346.948499, 17.160570
30010.282, 346.964563, 17.182267
2641.813, 347.052822, 17.293681
135434.678, 347.103525, 17.364783
3965.591, 347.064210, 17.309152
7083.034, 346.978891, 17.201317
7021.480, 346.994183, 17.222473
3064.675, 347.062734, 17.307589
3102.922, 347.043773, 17.284282
45929.878, 346.965747, 17.190044
55253.889, 346.971792, 17.198085
4427.875, 347.029901, 17.267571
13568.035, 347.003656, 17.235967
31107.450, 347.024138, 17.263081
107880.254, 347.011947, 17.253207
29024.245, 346.943914, 17.163270
16827.348, 346.958114, 17.179595
91091.453, 346.946383, 17.171616
10535.971, 346.997038, 17.229447
25102.428, 347.034168, 17.281147
5266.539, 346.926358, 17.140003
7517.137, 346.937595, 17.155254
5334.592, 346.981204, 17.209720
8322.810, 347.081563, 17.339533
29049.557, 346.928551, 17.146619
3540.708, 347.051469, 17.300486
8779.362, 347.039264, 17.285635
100399.349, 346.988279, 17.225626
3490.570, 346.973772, 17.202893
17605.946, 346.995106, 17.231742
33541.705, 347.120726, 17.393355
8844.982, 346.937417, 17.158788
29150.586, 347.001374, 17.240430
4890.438, 347.008782, 17.249337
38201.783, 347.148200, 17.429867
12745.958, 347.083507, 17.346365
25899.334, 346.924236, 17.143454
11468.133, 346.933569, 17.155298
32066.688, 346.936656, 17.162691
2608.381, 347.042661, 17.294677
9661.233, 346.930077, 17.152046
22309.567, 347.015289, 17.262095
10529.945, 347.066523, 17.327573
11957.521, 346.981401, 17.219621
2659.309, 347.081115, 17.345233
3976.488, 346.952296, 17.180970
3069.692, 347.006403, 17.249937
8451.165, 347.053354, 17.311244
133830.524, 346.937517, 17.170794
29056.104, 347.073765, 17.338994
5339.417, 346.975275, 17.212678
10173.111, 346.994714, 17.237690
6162.212, 347.173718, 17.467051
19433.098, 347.006535, 17.256238
2234.843, 347.104659, 17.378559
3068.440, 346.956949, 17.190583
3531.318, 346.953756, 17.187861
10594.042, 346.959924, 17.196118
5227.722, 346.996377, 17.242719
15812.755, 346.971740, 17.214346
5396.808, 347.043509, 17.304012
3052.491, 347.048050, 17.309521
18025.757, 346.956286, 17.195214
7987.695, 347.035414, 17.294220
11455.175, 346.965234, 17.206951
72521.849, 346.974966, 17.221791
3128.577, 346.988695, 17.236406
4360.544, 347.026573, 17.284865
2215.185, 347.099544, 17.377849
11199.436, 347.129666, 17.417241
72536.146, 346.941725, 17.183659
7089.940, 346.958077, 17.198182
21669.953, 346.917363, 17.147309
4418.836, 346.999035, 17.250573
14055.774, 347.023402, 17.283061
2169.248, 346.930981, 17.164458
8358.229, 346.992896, 17.244455
8417.679, 347.012831, 17.270181
17202.017, 347.074626, 17.350186
2695.755, 346.966133, 17.210594
92012.707, 346.954458, 17.201769
6540.426, 347.015896, 17.277160
5720.869, 347.041705, 17.310368
4846.691, 347.095711, 17.380132
45609.632, 346.927940, 17.168363
11533.836, 346.988162, 17.242981
35257.858, 347.048608, 17.322236
3594.075, 346.980906, 17.233061
10146.876, 346.993589, 17.250687
2580.606, 347.063927, 17.339322
4461.948, 347.081764, 17.362304
13600.349, 346.990755, 17.249225
7497.162, 347.059362, 17.334828
17156.015, 346.944832, 17.190720
11948.401, 346.982179, 17.237035
8000.792, 346.916460, 17.153583
12883.690, 346.971745, 17.224430
3103.969, 346.913193, 17.149243
23690.900, 346.920630, 17.163184
7510.661, 347.009413, 17.275286
4442.521, 346.949473, 17.196901
44500.130, 346.999731, 17.265355
19267.759, 347.036920, 17.311110
25993.820, 346.917191, 17.160337
2555.720, 346.932470, 17.176511
11401.615, 346.958913, 17.211072
34264.193, 347.021498, 17.293906
11123.882, 347.043350, 17.319613
105646.935, 346.965026, 17.223704
3538.939, 347.029450, 17.301511
3940.494, 347.053686, 17.332994
7900.238, 347.084269, 17.372786
9684.781, 346.961649, 17.217532
8777.142, 346.928868, 17.176044
46230.472, 346.932068, 17.183048
64558.240, 346.938045, 17.192097
7482.453, 346.992024, 17.256908
24191.426, 347.024464, 17.302155
15398.632, 347.047149, 17.328791
16629.918, 346.923976, 17.173266
5286.962, 346.971485, 17.231579
39592.924, 346.968976, 17.235825
7460.445, 346.975835, 17.237121
4380.587, 347.036427, 17.315781
3578.148, 346.926087, 17.175804
27689.929, 346.947560, 17.205348
6158.811, 347.012051, 17.285495
4374.616, 346.977198, 17.241585
8398.309, 347.052757, 17.338804
11003.804, 347.075013, 17.367853
4466.883, 346.920558, 17.169597
23457.353, 347.066444, 17.358096
2221.436, 346.909036, 17.155405
3536.650, 346.960106, 17.221296
4922.725, 347.020452, 17.298561
4763.428, 347.062241, 17.351881
10548.048, 347.032837, 17.317133
6164.233, 347.076435, 17.371538
6160.317, 346.988150, 17.259304
5778.669, 347.038519, 17.323786
7082.986, 346.910884, 17.161032
7515.439, 347.097213, 17.399995
27692.275, 346.923151, 17.179024
64642.937, 346.925406, 17.186799
9710.279, 346.947703, 17.209364
4041.623, 346.966526, 17.233036
119726.397, 346.994923, 17.273585
27629.798, 346.949995, 17.214434
5279.618, 346.975188, 17.244619
8853.217, 347.000384, 17.277572
9734.496, 347.035275, 17.322195
4446.171, 346.953821, 17.218327
22775.930, 347.004661, 17.286181
3145.238, 346.963493, 17.231543
5660.343, 347.013004, 17.295663
2259.193, 347.085060, 17.387119
102529.236, 346.901834, 17.161094
15460.978, 346.980711, 17.255208
18898.039, 347.040050, 17.332602
185300.042, 346.909426, 17.171524
5750.804, 347.089174, 17.394784
2625.635, 346.956336, 17.224818
62767.861, 346.928471, 17.195281
70973.547, 346.939469, 17.211412
2680.189, 346.927689, 17.190442
12809.762, 346.958726, 17.230933
11443.133, 346.983173, 17.263413
34722.170, 347.006015, 17.295961
25110.917, 347.033600, 17.328133
38317.578, 346.916991, 17.183840
4826.143, 346.933734, 17.199949
3054.476, 346.960928, 17.234326
5804.378, 346.938082, 17.205948
6644.096, 346.947068, 17.217511
2239.322, 347.137900, 17.462189
2654.950, 347.024793, 17.318282
4800.328, 347.037024, 17.334452
3983.693, 346.943441, 17.215603
3956.534, 346.961990, 17.238440
25506.383, 346.946596, 17.222740
7938.622, 346.951348, 17.225956
4404.935, 346.998317, 17.286102
2247.489, 346.964306, 17.242740
12792.315, 347.020386, 17.315855
6238.628, 346.999094, 17.289127
7043.804, 347.037703, 17.339468
10091.686, 347.023791, 17.321712
3985.582, 347.137594, 17.466604
5307.403, 347.045570, 17.349534
7043.317, 346.941390, 17.218062
3971.915, 346.960299, 17.241896
7873.439, 346.966132, 17.250034
4008.757, 347.110183, 17.434280
3997.154, 347.004527, 17.299792
2708.595, 346.953739, 17.234704
