# Source Fluxes and Coordinates
# Flux (e-/s), RA (deg), Dec (deg)
10128.474, 347.297740, 16.944425
2982.552, 347.300743, 16.947984
21298.122, 347.497366, 17.203274
14524.871, 347.309763, 16.965679
26646.022, 347.356246, 17.025746
31254.899, 347.476775, 17.181287
19343.862, 347.299902, 16.956033
89500.100, 347.392350, 17.079702
16342.088, 347.450554, 17.153426
2499.009, 347.274770, 16.937995
2094.234, 347.263928, 16.926951
2523.873, 347.401683, 17.104172
5020.893, 347.261313, 16.926326
16990.468, 347.301581, 16.980192
110456.215, 347.261666, 16.932703
23439.032, 347.294405, 16.971252
31094.069, 347.458691, 17.184212
2997.259, 347.301078, 16.984026
2071.600, 347.294408, 16.981117
2082.853, 347.328476, 17.025153
44555.701, 347.414113, 17.138212
15381.296, 347.460143, 17.196248
68326.461, 347.233682, 16.912348
7597.997, 347.278320, 16.965609
49050.205, 347.258416, 16.948169
31681.219, 347.280641, 16.974759
12949.490, 347.223920, 16.906401
16293.346, 347.301230, 17.004895
37541.382, 347.374236, 17.099239
17937.856, 347.478919, 17.233318
7085.225, 347.234396, 16.921981
59248.194, 347.332094, 17.052585
2531.876, 347.289778, 17.000631
35720.257, 347.320755, 17.047940
73019.206, 347.244107, 16.955466
7042.247, 347.232405, 16.940437
6255.301, 347.226418, 16.941947
2482.069, 347.245483, 16.965089
4188.962, 347.216737, 16.931405
7010.817, 347.262663, 16.991141
27542.585, 347.277215, 17.011589
7508.634, 347.257621, 16.985758
20847.010, 347.210962, 16.927964
15447.733, 347.236973, 16.961485
3387.417, 347.245716, 16.976072
2539.446, 347.204044, 16.928360
3828.737, 347.306097, 17.059080
3776.378, 347.261442, 17.002618
2969.518, 347.222022, 16.959000
14125.158, 347.451601, 17.254588
3359.036, 347.202511, 16.935512
4577.429, 347.202418, 16.937822
3712.972, 347.245966, 16.994755
2958.397, 347.203295, 16.941467
23768.899, 347.192434, 16.931882
2529.886, 347.219735, 16.965221
11709.701, 347.399376, 17.199058
2087.089, 347.206808, 16.953567
17508.589, 347.346804, 17.136933
7461.643, 347.226263, 16.982275
5008.458, 347.311559, 17.095536
8306.524, 347.382598, 17.187293
4235.102, 347.208597, 16.964264
59778.857, 347.339782, 17.137441
2570.658, 347.207978, 16.967551
7136.049, 347.410620, 17.231535
3381.927, 347.272082, 17.055572
17435.743, 347.288623, 17.077568
2941.447, 347.179508, 16.936725
68302.728, 347.179997, 16.942400
2512.287, 347.325244, 17.124153
2088.789, 347.195313, 16.961355
14546.421, 347.197400, 16.964995
69534.228, 347.328516, 17.135782
164071.614, 347.340277, 17.155836
4971.423, 347.201046, 16.972273
2545.377, 347.240566, 17.025015
9231.032, 347.194359, 16.969253
9276.088, 347.174566, 16.944761
3432.720, 347.273613, 17.071078
3799.449, 347.205338, 16.985349
3797.026, 347.255720, 17.049379
5885.519, 347.345029, 17.164853
38506.854, 347.324772, 17.145116
3748.585, 347.172498, 16.948324
4618.324, 347.244117, 17.041421
5407.942, 347.363080, 17.194178
5469.405, 347.259747, 17.065392
24994.833, 347.219146, 17.014932
71888.817, 347.295641, 17.118823
2556.968, 347.211629, 17.007873
50149.370, 347.373908, 17.221682
55539.995, 347.360257, 17.205105
11771.666, 347.198254, 16.995734
4197.555, 347.279788, 17.100417
7507.352, 347.169863, 16.960497
5386.838, 347.173968, 16.965780
13493.731, 347.303269, 17.132231
10862.715, 347.166523, 16.957904
3333.678, 347.226084, 17.032903
52017.330, 347.352260, 17.198710
26318.184, 347.192554, 17.001942
5890.772, 347.175136, 16.980756
35262.772, 347.251586, 17.082834
2972.556, 347.192760, 17.006297
8317.295, 347.244096, 17.072363
9548.705, 347.181989, 16.993625
2097.373, 347.240384, 17.069497
25988.386, 347.365225, 17.231950
4558.596, 347.200484, 17.020925
7929.241, 347.175810, 16.992320
5012.723, 347.208574, 17.035526
2127.866, 347.158823, 16.974918
7544.051, 347.173016, 16.994452
8292.169, 347.229740, 17.067508
4163.046, 347.271804, 17.121047
2917.919, 347.232266, 17.074055
6651.966, 347.247722, 17.095385
2114.208, 347.199564, 17.033493
11468.413, 347.218413, 17.059020
15545.991, 347.164398, 16.992195
449366.046, 347.271463, 17.138768
2088.511, 347.160415, 16.987674
51374.611, 347.240383, 17.092984
2921.907, 347.246710, 17.099687
4168.341, 347.172332, 17.007382
2088.328, 347.205103, 17.048926
2128.416, 347.227710, 17.082177
7891.755, 347.150957, 16.985919
5031.484, 347.159840, 16.996287
2544.692, 347.162149, 16.999180
7101.198, 347.200096, 17.049179
18318.147, 347.136738, 16.971520
8779.323, 347.234898, 17.095542
10353.667, 347.228766, 17.089885
6311.553, 347.261834, 17.131829
6261.845, 347.319308, 17.206376
7554.223, 347.176566, 17.025683
4206.183, 347.233145, 17.097960
4954.823, 347.264543, 17.139544
7902.221, 347.181004, 17.035014
3728.434, 347.209339, 17.070532
39048.153, 347.233429, 17.104614
14994.859, 347.150882, 16.997166
5041.195, 347.256268, 17.133004
10354.220, 347.138603, 16.984396
151013.306, 347.195804, 17.063456
3357.088, 347.348815, 17.253397
2909.469, 347.172852, 17.029462
132368.969, 347.204986, 17.077293
3773.906, 347.241199, 17.118336
8768.262, 347.145951, 16.998123
8293.916, 347.157726, 17.015159
9155.367, 347.271456, 17.162229
5848.018, 347.147795, 17.004473
2921.763, 347.200730, 17.071005
4614.726, 347.185347, 17.052652
9955.994, 347.132389, 16.986100
2543.307, 347.188804, 17.059947
12109.555, 347.306126, 17.212044
2548.333, 347.162349, 17.027465
4586.641, 347.196442, 17.072592
41022.340, 347.162532, 17.032446
5391.975, 347.171093, 17.040294
38838.156, 347.291313, 17.197041
9231.745, 347.174603, 17.049655
48747.179, 347.209885, 17.096807
2554.109, 347.223113, 17.110581
2924.552, 347.298394, 17.206843
21657.547, 347.356409, 17.286445
2570.948, 347.131448, 16.997633
4135.692, 347.166191, 17.042463
3784.039, 347.198314, 17.083818
2522.372, 347.161025, 17.036191
4637.362, 347.175254, 17.056595
146155.410, 347.182635, 17.072399
3830.909, 347.195436, 17.082697
8714.519, 347.177671, 17.060964
5805.333, 347.196246, 17.085308
3720.992, 347.120128, 16.987737
2547.267, 347.190972, 17.079393
5101.394, 347.199988, 17.091645
9583.571, 347.166165, 17.051647
6240.356, 347.220134, 17.120501
3778.681, 347.304527, 17.227829
4166.343, 347.121574, 16.994729
20703.007, 347.195185, 17.091532
31803.133, 347.210662, 17.115491
2876.326, 347.143716, 17.027792
15538.523, 347.151503, 17.039038
2944.608, 347.241041, 17.153085
15897.636, 347.170290, 17.067073
5360.663, 347.201995, 17.107054
48848.019, 347.313115, 17.251176
6637.076, 347.181678, 17.083011
52352.602, 347.133656, 17.025777
3768.058, 347.218547, 17.131506
31372.532, 347.291032, 17.226616
2496.136, 347.141819, 17.033371
4179.186, 347.111430, 16.995830
14521.025, 347.224697, 17.141354
5020.959, 347.187361, 17.093895
4609.673, 347.127813, 17.019992
4179.607, 347.169101, 17.072957
2947.536, 347.244471, 17.169085
2485.904, 347.234777, 17.158185
2146.822, 347.237869, 17.162179
10020.771, 347.173663, 17.081400
2524.986, 347.123093, 17.017862
2536.671, 347.124756, 17.023592
6264.678, 347.165879, 17.077056
5806.266, 347.173378, 17.086763
2541.122, 347.168341, 17.082053
3724.090, 347.188768, 17.108659
2163.601, 347.223367, 17.152501
24069.025, 347.128762, 17.034723
3761.981, 347.133058, 17.038034
3354.248, 347.126539, 17.029927
3321.726, 347.148170, 17.058395
2531.356, 347.105349, 17.004749
3386.186, 347.149513, 17.062808
3753.043, 347.118028, 17.025127
43585.581, 347.285158, 17.241824
22906.162, 347.122693, 17.033397
2494.435, 347.304659, 17.264893
7496.108, 347.100638, 17.004948
3755.144, 347.184059, 17.111205
6256.953, 347.095297, 16.999047
5939.157, 347.173176, 17.099162
4653.614, 347.187220, 17.117466
14266.538, 347.101013, 17.009815
2070.440, 347.137774, 17.055573
6292.753, 347.164028, 17.089360
75286.989, 347.109605, 17.025600
4260.337, 347.091279, 16.997640
8346.456, 347.121434, 17.038884
10842.182, 347.117751, 17.035811
130055.656, 347.120179, 17.047940
49781.452, 347.128559, 17.052115
2892.015, 347.143092, 17.067800
16484.663, 347.099149, 17.015249
14157.365, 347.134813, 17.059285
3363.572, 347.246696, 17.202506
2940.357, 347.165696, 17.099307
20819.123, 347.299551, 17.272308
14199.392, 347.135213, 17.063323
82012.801, 347.154551, 17.089692
4594.377, 347.101809, 17.020046
2945.308, 347.167745, 17.108009
3758.647, 347.090775, 17.010625
7133.286, 347.158269, 17.097874
2475.840, 347.103756, 17.028538
10428.662, 347.124049, 17.056190
4938.257, 347.195207, 17.146097
4539.359, 347.097934, 17.021852
2123.346, 347.232091, 17.193682
4197.779, 347.169865, 17.114932
9945.182, 347.148224, 17.088620
182583.982, 347.214721, 17.180002
92513.675, 347.278186, 17.259010
11727.944, 347.173129, 17.120769
4189.090, 347.179663, 17.128597
18422.366, 347.137017, 17.075944
54729.535, 347.239282, 17.209536
12104.619, 347.158573, 17.105204
3805.653, 347.183683, 17.136673
99530.692, 347.125100, 17.068757
27455.213, 347.094008, 17.025236
12047.632, 347.088910, 17.017957
10015.947, 347.110064, 17.045798
16627.477, 347.078982, 17.007853
3733.913, 347.118817, 17.057649
2124.799, 347.332130, 17.330211
2053.453, 347.164989, 17.117377
121273.064, 347.289588, 17.282961
60676.960, 347.099728, 17.038114
86853.827, 347.139143, 17.092603
5918.554, 347.247870, 17.226587
3364.796, 347.262724, 17.246841
9549.745, 347.207394, 17.177415
2906.791, 347.133663, 17.083716
6278.183, 347.228838, 17.205641
2946.946, 347.147824, 17.102140
10408.505, 347.080204, 17.017852
7185.836, 347.154428, 17.111963
216850.274, 347.169100, 17.136969
5862.017, 347.127042, 17.077092
16610.877, 347.142162, 17.098385
2555.343, 347.159755, 17.119133
5028.995, 347.299762, 17.298401
3014.057, 347.084045, 17.023666
7503.092, 347.099206, 17.044308
4627.997, 347.231634, 17.213992
2549.240, 347.299728, 17.302484
6772.434, 347.110534, 17.061343
9977.254, 347.113280, 17.065398
4147.007, 347.099187, 17.047033
4178.130, 347.131763, 17.089581
5066.847, 347.247514, 17.238547
17925.653, 347.105654, 17.060635
8677.001, 347.071852, 17.016992
3807.868, 347.142345, 17.105692
4988.451, 347.158818, 17.127449
2571.861, 347.076992, 17.022902
6673.329, 347.182601, 17.158962
11187.689, 347.206843, 17.191183
9982.475, 347.221071, 17.207957
4648.011, 347.096433, 17.049053
2121.701, 347.091390, 17.042480
6313.377, 347.202845, 17.186170
16049.933, 347.247355, 17.245034
11239.098, 347.078485, 17.029221
2086.949, 347.134839, 17.100193
5839.902, 347.329797, 17.349834
5484.765, 347.131578, 17.097208
2088.111, 347.191049, 17.172969
8383.399, 347.209409, 17.196726
350791.329, 347.214253, 17.214860
7160.064, 347.295529, 17.306960
3364.333, 347.094698, 17.051535
14985.029, 347.123541, 17.090036
4988.716, 347.156022, 17.132947
11713.320, 347.068567, 17.022669
4164.922, 347.146998, 17.122704
7510.258, 347.186050, 17.173073
7513.438, 347.072275, 17.027326
2097.885, 347.105353, 17.069362
8818.861, 347.075704, 17.033052
4592.269, 347.102538, 17.066682
7446.352, 347.163743, 17.147063
5817.849, 347.174090, 17.160354
5807.598, 347.176494, 17.163386
14133.313, 347.096431, 17.061374
2105.464, 347.239340, 17.243414
8444.655, 347.079853, 17.040808
41812.356, 347.316526, 17.346034
7127.547, 347.072438, 17.033033
11231.796, 347.104892, 17.075143
7921.627, 347.089471, 17.057002
56399.232, 347.110039, 17.089457
9561.877, 347.080226, 17.047332
72573.083, 347.279898, 17.305857
2082.829, 347.201885, 17.202276
12504.417, 347.061027, 17.024030
4193.684, 347.149499, 17.136476
74297.173, 347.296729, 17.329825
7865.962, 347.074897, 17.042093
3775.988, 347.106836, 17.082320
5053.448, 347.069272, 17.036313
7908.881, 347.063313, 17.029393
4588.772, 347.117079, 17.098932
32262.164, 347.082770, 17.058944
2093.985, 347.142857, 17.131733
2598.125, 347.120137, 17.104333
14138.197, 347.143466, 17.136765
13011.791, 347.071654, 17.044144
10779.259, 347.136358, 17.126631
2535.668, 347.092236, 17.071491
2085.326, 347.176753, 17.180270
4677.581, 347.096288, 17.079150
10421.759, 347.118788, 17.109754
3710.779, 347.077201, 17.056731
3372.164, 347.142391, 17.139803
5824.482, 347.169616, 17.175249
2957.276, 347.280991, 17.318009
2068.987, 347.069827, 17.048223
8769.064, 347.110216, 17.101815
2136.087, 347.088281, 17.072826
5000.352, 347.143751, 17.144340
9210.851, 347.188050, 17.201312
6258.937, 347.210329, 17.229452
2065.403, 347.094767, 17.081270
2484.123, 347.173268, 17.182547
27021.426, 347.055224, 17.036432
37931.231, 347.056993, 17.042535
5438.828, 347.125176, 17.123683
3749.707, 347.267167, 17.305246
19039.925, 347.149705, 17.157737
19198.900, 347.051535, 17.033189
3282.270, 347.152969, 17.161172
10491.636, 347.090612, 17.084489
11149.237, 347.126039, 17.129325
7557.290, 347.074560, 17.063932
5394.351, 347.079011, 17.068903
4096.707, 347.047787, 17.029187
21356.041, 347.064178, 17.053569
2893.634, 347.082326, 17.074011
36839.316, 347.304839, 17.362364
11627.109, 347.148566, 17.162291
2075.533, 347.214708, 17.245116
4125.056, 347.085868, 17.081069
10747.849, 347.094022, 17.091877
2093.377, 347.127183, 17.133881
2117.242, 347.162058, 17.177990
2105.586, 347.086785, 17.083013
3337.367, 347.048759, 17.035921
4571.908, 347.214039, 17.247835
4982.170, 347.137213, 17.150120
2957.526, 347.157440, 17.175840
5820.467, 347.127867, 17.138782
7055.695, 347.139745, 17.154891
2516.808, 347.069147, 17.063833
3268.755, 347.078791, 17.077149
2543.494, 347.203415, 17.237130
4612.544, 347.173653, 17.199631
14253.312, 347.061961, 17.059346
5492.643, 347.104957, 17.112448
24395.892, 347.305126, 17.370470
5435.525, 347.053286, 17.047150
3362.365, 347.055860, 17.050043
7445.574, 347.118055, 17.131475
3736.502, 347.241053, 17.287747
92516.998, 347.133182, 17.155428
10964.595, 347.296328, 17.360151
7155.274, 347.124118, 17.141811
4201.035, 347.214380, 17.255681
2087.842, 347.243348, 17.293587
5845.653, 347.055445, 17.053790
57092.479, 347.218065, 17.266052
10920.262, 347.064326, 17.068521
9584.364, 347.076056, 17.084314
3819.835, 347.140698, 17.165905
5067.131, 347.163521, 17.194919
21242.116, 347.115765, 17.137285
7053.015, 347.142911, 17.170156
6662.538, 347.150173, 17.179190
3384.349, 347.175049, 17.210275
24545.433, 347.045127, 17.048787
3380.676, 347.062183, 17.067962
4143.830, 347.048335, 17.051458
6019.973, 347.297716, 17.370748
7118.373, 347.257991, 17.320589
3351.590, 347.237685, 17.294561
5408.105, 347.048961, 17.053951
2077.515, 347.191646, 17.236155
4566.327, 347.155448, 17.191872
5820.392, 347.077684, 17.092149
18349.730, 347.093222, 17.115070
5435.548, 347.107672, 17.132019
9956.509, 347.116483, 17.146351
3813.997, 347.049363, 17.059102
2511.132, 347.064504, 17.078057
2102.527, 347.184029, 17.231013
9633.195, 347.044069, 17.054057
6253.896, 347.033025, 17.039776
106016.714, 347.091580, 17.124423
3377.224, 347.039005, 17.048451
5467.281, 347.118701, 17.151172
5028.150, 347.040715, 17.052005
7509.637, 347.136270, 17.175539
10054.895, 347.149315, 17.192317
40164.480, 347.238096, 17.307561
2576.967, 347.044366, 17.057138
7940.638, 347.051624, 17.067769
7583.282, 347.139620, 17.179720
14644.129, 347.035424, 17.049125
8405.065, 347.107668, 17.140489
7460.789, 347.140829, 17.182929
4576.094, 347.163593, 17.211578
77138.283, 347.193662, 17.254981
2085.184, 347.031797, 17.043896
22499.618, 347.087773, 17.116788
3380.793, 347.152162, 17.198451
32305.388, 347.082808, 17.114129
2966.915, 347.105254, 17.139626
3347.964, 347.158083, 17.207339
4208.982, 347.200524, 17.261580
115815.566, 347.042314, 17.064637
8372.096, 347.098745, 17.132326
24691.734, 347.219007, 17.287586
10021.826, 347.169003, 17.224335
2881.963, 347.171285, 17.225840
187073.100, 347.104675, 17.151542
8375.263, 347.131453, 17.176214
7905.287, 347.150439, 17.201565
5799.324, 347.029026, 17.047429
2514.895, 347.049115, 17.072951
3315.944, 347.072878, 17.103656
70015.791, 347.096712, 17.139564
3355.532, 347.136146, 17.185433
2969.063, 347.262951, 17.347434
4950.687, 347.063257, 17.093201
4635.620, 347.103637, 17.145258
8357.176, 347.245769, 17.329371
2086.216, 347.069468, 17.102424
6267.029, 347.156447, 17.215350
6242.199, 347.243300, 17.325551
9186.764, 347.034206, 17.059147
9980.589, 347.082760, 17.123108
2944.017, 347.136866, 17.190510
12904.001, 347.147508, 17.205891
15874.895, 347.222939, 17.302622
8352.981, 347.034164, 17.062471
8780.692, 347.078315, 17.119292
49920.896, 347.118279, 17.172525
5066.827, 347.030773, 17.059318
2090.939, 347.051249, 17.084802
2533.587, 347.124938, 17.179427
5801.979, 347.141085, 17.201480
2538.305, 347.189996, 17.262710
11733.637, 347.057596, 17.095763
5485.119, 347.083946, 17.128756
3838.551, 347.274396, 17.372343
4608.757, 347.156811, 17.222558
14975.888, 347.059779, 17.099590
2069.707, 347.091233, 17.139608
12877.023, 347.134598, 17.196158
7095.504, 347.045355, 17.082437
9094.785, 347.139510, 17.204314
6269.780, 347.064705, 17.108612
8378.624, 347.027257, 17.061538
26666.653, 347.034089, 17.071480
39515.599, 347.066554, 17.113325
2062.222, 347.081279, 17.132690
4119.023, 347.085691, 17.140452
7871.290, 347.128601, 17.196706
7984.037, 347.129827, 17.199620
19926.969, 347.148899, 17.225528
2055.836, 347.047209, 17.092985
5030.469, 347.138037, 17.209340
43182.108, 347.252119, 17.358603
4261.319, 347.091293, 17.151291
2045.825, 347.142515, 17.216644
6642.006, 347.050667, 17.100467
2116.314, 347.107546, 17.172592
10162.586, 347.026569, 17.070365
14887.477, 347.215533, 17.312281
2529.423, 347.021551, 17.063281
2086.564, 347.088230, 17.148704
11621.146, 347.099268, 17.164350
2940.522, 347.171972, 17.256116
7088.455, 347.102592, 17.169049
5842.532, 347.158204, 17.239743
5085.990, 347.030826, 17.077301
4201.374, 347.063080, 17.118443
4155.976, 347.080625, 17.140840
3357.322, 347.084173, 17.145402
5437.519, 347.011821, 17.054324
5418.154, 347.081767, 17.143352
3823.363, 347.131803, 17.207523
26671.908, 347.021002, 17.067857
2062.931, 347.058402, 17.113846
9153.957, 347.126145, 17.201772
13754.594, 347.194935, 17.290285
2972.579, 347.036627, 17.086522
4193.579, 347.092864, 17.159767
2948.951, 347.044182, 17.097884
16600.156, 347.014271, 17.061960
9114.547, 347.097042, 17.168223
32179.641, 347.129681, 17.210458
7139.167, 347.037032, 17.091296
3426.682, 347.263771, 17.381556
4253.613, 347.100956, 17.173188
6690.927, 347.195693, 17.294938
123703.204, 347.019888, 17.075979
5412.862, 347.057223, 17.118193
4985.160, 347.063681, 17.126544
2075.193, 347.072613, 17.137741
2059.150, 347.155280, 17.243854
4120.959, 347.179239, 17.274805
62089.474, 347.046090, 17.108881
9173.846, 347.124953, 17.207128
11685.310, 347.211772, 17.318687
9277.524, 347.098229, 17.174051
18759.523, 347.013368, 17.067470
4199.515, 347.217088, 17.326723
2123.046, 347.224938, 17.336209
21144.433, 347.007802, 17.061373
3316.756, 347.212321, 17.323777
6686.207, 347.218590, 17.331722
17075.160, 347.136779, 17.228718
5441.906, 347.221555, 17.336362
25008.337, 347.021481, 17.083741
41877.395, 347.105118, 17.190387
2520.398, 347.038944, 17.103979
14566.125, 347.034007, 17.099872
3361.094, 347.144685, 17.241025
6210.232, 347.038400, 17.106036
8376.984, 347.053777, 17.125725
11085.822, 347.122968, 17.214836
21227.499, 347.004033, 17.064848
3356.218, 347.150668, 17.249995
2163.419, 347.047627, 17.118833
10791.314, 347.012068, 17.075244
12169.350, 347.090495, 17.176355
15766.770, 347.026437, 17.095729
2531.371, 347.168596, 17.275750
280523.998, 347.184202, 17.304923
10809.731, 347.078799, 17.163714
62566.951, 347.138697, 17.243255
11238.470, 346.999358, 17.064257
3396.994, 347.047082, 17.123812
26265.796, 347.019023, 17.091158
27571.347, 347.028150, 17.103055
5865.383, 347.062583, 17.145644
4124.375, 347.229031, 17.359242
10467.438, 347.114858, 17.214803
4630.518, 347.119860, 17.220010
11249.245, 347.213745, 17.341066
6724.993, 347.001064, 17.069239
2484.615, 347.051215, 17.132672
2129.660, 347.046491, 17.127529
8814.314, 347.006685, 17.078626
4650.801, 347.243908, 17.382209
19256.577, 347.107348, 17.210525
5390.130, 347.036875, 17.118826
22514.692, 347.040330, 17.124491
8335.422, 347.124344, 17.230956
12505.186, 347.021623, 17.101255
2980.261, 347.055284, 17.142213
12525.269, 347.096867, 17.196194
4273.742, 347.161582, 17.278482
6731.920, 347.091279, 17.190228
17411.246, 347.154315, 17.272749
17802.385, 347.009001, 17.088041
5412.480, 347.043789, 17.130893
2909.474, 347.143325, 17.257890
3284.714, 347.067748, 17.161925
15810.865, 347.013529, 17.095360
91421.203, 347.058076, 17.155295
3324.882, 347.022991, 17.106696
4181.886, 347.102709, 17.209247
52650.532, 347.186171, 17.318748
4186.014, 347.070602, 17.168641
10019.011, 347.171321, 17.298320
7104.940, 347.001496, 17.081277
4183.770, 347.016438, 17.099623
17940.961, 347.018293, 17.103995
2433.936, 347.063324, 17.160000
3429.826, 347.035350, 17.124269
113181.399, 347.133875, 17.257320
4147.732, 347.043161, 17.137798
12043.566, 347.052138, 17.150075
8328.244, 347.100384, 17.211193
3333.646, 347.203234, 17.343188
53700.713, 347.206192, 17.351318
3386.204, 347.212995, 17.355482
9169.927, 347.103915, 17.217523
9648.999, 347.111751, 17.226909
20321.801, 347.027667, 17.122435
4167.783, 347.037969, 17.132677
3763.979, 347.167413, 17.300215
9984.991, 347.013924, 17.104856
2927.132, 347.047272, 17.146747
3770.586, 347.069408, 17.175550
7087.725, 347.125668, 17.247508
42051.201, 347.021659, 17.118899
54077.604, 347.072902, 17.184078
11220.356, 347.030905, 17.131035
10424.813, 347.042457, 17.144423
27041.831, 347.059350, 17.168598
2520.828, 347.083014, 17.194828
104282.385, 346.997350, 17.091402
5808.028, 347.096226, 17.213293
36393.845, 347.024622, 17.127705
8008.744, 347.157587, 17.292941
32486.618, 347.167539, 17.306929
3755.995, 347.175562, 17.315385
52494.633, 347.007343, 17.104634
3788.003, 347.013049, 17.107952
2919.622, 347.206603, 17.355283
72124.001, 346.985407, 17.080114
3756.674, 346.993754, 17.085106
10865.018, 347.073392, 17.189105
2964.354, 347.001068, 17.095946
28671.028, 347.232150, 17.394466
5508.255, 347.135843, 17.270945
8738.486, 347.093059, 17.217485
9159.982, 347.110503, 17.240335
25116.444, 347.242301, 17.409397
2548.204, 347.032967, 17.140240
57367.507, 347.046649, 17.161323
17023.097, 347.012100, 17.115568
17110.583, 347.025914, 17.134783
7031.165, 347.075472, 17.196927
4596.312, 347.154259, 17.296989
6256.345, 347.038444, 17.151803
19958.234, 346.997889, 17.101009
8394.217, 347.083660, 17.208812
2977.619, 347.187686, 17.340792
20494.074, 346.980722, 17.077991
67352.767, 347.127002, 17.267979
4180.496, 347.104183, 17.236015
2100.174, 347.178528, 17.330648
18337.821, 347.005652, 17.113696
3382.641, 347.095642, 17.225963
13537.256, 347.151410, 17.299876
7910.165, 347.016741, 17.128168
2104.834, 346.986237, 17.087797
13650.894, 347.121614, 17.264458
4169.517, 347.208616, 17.374498
12022.072, 347.032030, 17.149805
57466.766, 347.077511, 17.210319
28728.207, 346.981935, 17.089195
15376.918, 346.991753, 17.099545
4574.565, 347.083697, 17.217093
2532.755, 347.205661, 17.374533
2071.755, 347.061336, 17.191039
4599.892, 347.127443, 17.276066
3337.556, 347.048904, 17.175958
7158.627, 347.148417, 17.303630
28665.261, 346.984463, 17.096892
11653.096, 347.099972, 17.243270
8792.865, 347.005004, 17.123038
2553.629, 347.086444, 17.226104
8267.379, 347.105443, 17.251340
5478.496, 347.194432, 17.365136
9175.992, 346.987464, 17.101819
9190.948, 347.039424, 17.168463
6701.942, 347.114106, 17.262919
10335.412, 347.008326, 17.129273
2885.445, 347.158768, 17.319679
4203.804, 347.203867, 17.378015
7079.744, 346.992803, 17.109933
4700.922, 347.148743, 17.308327
2891.322, 346.974300, 17.085314
5017.244, 347.013695, 17.135866
11654.794, 347.054883, 17.189079
20789.107, 347.065178, 17.204214
2055.853, 347.026038, 17.152397
10025.103, 347.074329, 17.215245
3313.025, 347.022475, 17.148559
26251.821, 346.973634, 17.090741
4203.268, 347.212517, 17.392485
13784.484, 347.164299, 17.332128
4646.569, 346.979059, 17.094886
2923.628, 347.048825, 17.184714
2436.750, 347.085210, 17.231134
7535.662, 347.101113, 17.252705
3381.800, 347.050680, 17.188316
6742.038, 347.088055, 17.236472
6295.983, 347.182321, 17.356806
2107.438, 346.969334, 17.084391
3424.832, 346.983525, 17.102340
3818.383, 347.222679, 17.408849
3724.921, 347.005155, 17.131458
7573.672, 347.082228, 17.231073
2140.733, 347.186194, 17.362966
9303.415, 346.997599, 17.122925
34326.851, 347.116715, 17.277048
3740.725, 347.042415, 17.180402
6693.026, 347.046839, 17.186358
7051.510, 346.974807, 17.095450
3366.924, 347.022589, 17.156008
2083.173, 346.977854, 17.100010
7049.579, 346.980210, 17.103273
2952.330, 347.060504, 17.206099
2125.093, 347.078207, 17.228498
2484.050, 347.123846, 17.286863
7896.596, 346.991670, 17.119105
3799.613, 347.108061, 17.268072
5042.523, 346.977680, 17.102052
194919.729, 347.067818, 17.224296
8313.578, 347.060494, 17.209050
2919.157, 347.066664, 17.216093
2111.768, 346.966557, 17.088760
78954.913, 346.995372, 17.132948
5879.523, 347.175415, 17.356690
4647.656, 347.054877, 17.202506
4195.998, 347.022469, 17.161792
47944.717, 347.015140, 17.158719
6290.644, 347.084608, 17.242251
8369.451, 347.134445, 17.306150
37875.337, 346.980790, 17.113163
3816.426, 347.051377, 17.200006
7549.172, 346.969350, 17.096364
11162.019, 346.992192, 17.126484
31165.862, 347.127898, 17.301034
4097.511, 347.176275, 17.360916
37305.565, 347.092386, 17.257884
7935.314, 347.032660, 17.179480
3367.033, 347.045584, 17.195274
4589.084, 347.220502, 17.419701
61793.094, 346.980167, 17.124089
36411.872, 346.961849, 17.092185
2094.535, 347.185262, 17.375977
10735.353, 347.082821, 17.247682
6695.730, 347.168110, 17.356717
20687.380, 347.025872, 17.175693
2895.077, 346.970669, 17.104806
3344.861, 347.103845, 17.274732
2511.456, 347.114799, 17.288375
6696.567, 347.170551, 17.360979
18719.824, 346.972263, 17.108995
4571.778, 347.051118, 17.210771
72089.358, 347.068832, 17.239236
17434.822, 346.983816, 17.127080
2470.080, 347.047213, 17.204989
4611.016, 346.962357, 17.097086
7084.936, 347.087220, 17.257620
2976.792, 346.993406, 17.137802
2089.534, 347.004298, 17.151405
7880.797, 347.011528, 17.161491
7114.995, 347.021074, 17.174257
2950.098, 347.097359, 17.270480
5839.434, 347.176971, 17.374868
12036.385, 346.972688, 17.114673
10460.874, 346.984703, 17.130769
10435.587, 347.043673, 17.208689
11334.059, 347.059850, 17.228047
2057.220, 346.955386, 17.094754
2119.443, 347.085268, 17.260631
5441.648, 347.119500, 17.305335
12043.356, 346.964356, 17.107481
81274.277, 346.993056, 17.147884
2561.413, 347.110561, 17.293485
14479.228, 347.012026, 17.169336
2932.178, 347.158939, 17.356270
5911.572, 346.958399, 17.100521
8006.156, 347.024255, 17.185440
6239.794, 346.966578, 17.111924
9565.436, 347.127660, 17.318911
3435.548, 347.216637, 17.431784
36215.006, 346.952146, 17.099287
2536.574, 347.198380, 17.410546
5795.188, 347.047336, 17.218468
16775.733, 346.957478, 17.104449
13652.515, 347.005061, 17.166114
13332.332, 347.016641, 17.181891
2948.981, 346.961725, 17.111253
7034.296, 347.059665, 17.236959
16206.372, 347.108778, 17.300837
5481.778, 347.165270, 17.371785
4621.227, 346.997397, 17.157248
12969.014, 347.039247, 17.211573
5872.058, 346.963591, 17.115376
11253.561, 347.034702, 17.206886
6719.886, 347.007382, 17.172446
3361.828, 347.048881, 17.224812
6720.011, 347.019567, 17.188619
16651.266, 347.028240, 17.200626
8336.339, 347.078628, 17.263746
5855.203, 346.965049, 17.119528
3379.841, 346.952502, 17.103646
2488.302, 347.068393, 17.251455
14252.741, 346.953520, 17.106585
5039.366, 346.977170, 17.135598
2581.799, 346.956155, 17.109501
13310.793, 347.010031, 17.178754
2568.366, 347.055866, 17.237038
10505.100, 347.133428, 17.337247
91646.378, 347.086955, 17.282921
2514.546, 347.081098, 17.271437
4231.885, 347.156149, 17.367353
10051.663, 346.972615, 17.133911
9654.596, 347.157543, 17.371217
24655.764, 346.943632, 17.103511
5400.560, 346.968786, 17.129722
5909.763, 347.022818, 17.198414
10366.627, 347.055241, 17.242056
5885.755, 347.105416, 17.304689
16791.077, 346.956290, 17.115862
18333.864, 346.960796, 17.122735
5014.366, 346.995126, 17.164603
8329.513, 346.954410, 17.113204
2969.715, 347.070471, 17.260603
24916.989, 346.974347, 17.140318
3370.768, 347.076713, 17.269641
8299.938, 346.963424, 17.125717
6691.060, 346.999277, 17.171376
5430.777, 347.018426, 17.196546
4148.092, 347.021875, 17.200557
9647.332, 346.947170, 17.106166
14606.472, 346.964999, 17.130475
3413.435, 346.981222, 17.149393
2038.124, 347.032141, 17.214468
2105.008, 347.048979, 17.235875
153030.490, 347.124296, 17.338977
30839.331, 347.026930, 17.211771
7983.500, 347.034605, 17.218354
12112.738, 347.038355, 17.224344
2945.015, 347.191583, 17.418916
17906.497, 346.986706, 17.159703
25384.656, 346.975705, 17.146706
10899.279, 347.177027, 17.402695
27516.607, 346.995984, 17.173364
12049.944, 347.017874, 17.201082
2924.567, 347.022486, 17.204552
2914.820, 347.031999, 17.217331
9076.843, 347.172333, 17.397958
15840.607, 346.967845, 17.137409
5439.624, 346.978719, 17.149825
21972.005, 346.950849, 17.117312
4634.185, 347.000659, 17.178502
17484.868, 347.053221, 17.247514
5854.569, 347.073338, 17.272235
23025.890, 347.037782, 17.230601
3783.496, 347.045771, 17.237405
4969.192, 347.077004, 17.277789
28265.347, 346.942367, 17.110311
7085.773, 346.953683, 17.120903
4587.574, 346.956448, 17.124178
12117.851, 346.968842, 17.140697
184465.472, 347.006029, 17.197312
125166.612, 346.986244, 17.169541
2525.163, 346.961467, 17.131830
33630.583, 347.031156, 17.224560
4224.030, 346.984483, 17.163252
36671.912, 346.955450, 17.130059
2106.586, 347.107020, 17.320475
2517.181, 347.141020, 17.364133
5875.505, 346.965078, 17.140479
3336.730, 347.086013, 17.295453
31597.190, 346.960926, 17.140021
21553.583, 346.992065, 17.176770
4991.345, 347.019655, 17.212365
3714.727, 347.131843, 17.355387
3784.736, 347.022637, 17.216319
22961.516, 346.969674, 17.150064
2488.495, 347.033290, 17.230055
12555.060, 347.046226, 17.248150
9565.572, 347.139298, 17.369397
17115.102, 346.943284, 17.119530
4247.073, 346.978177, 17.162473
4946.782, 347.042824, 17.245044
5936.233, 347.062559, 17.270151
2130.287, 347.092491, 17.308417
18786.638, 347.118716, 17.343504
4628.276, 347.137957, 17.366402
25750.795, 346.995453, 17.190473
2510.966, 347.013078, 17.208231
41775.500, 346.944419, 17.125001
2107.173, 347.051057, 17.258578
3407.044, 346.936546, 17.112695
2531.675, 346.979341, 17.167600
2945.348, 347.154890, 17.392227
7514.184, 346.948680, 17.130189
42484.856, 346.950623, 17.135935
9598.300, 346.971238, 17.159128
378321.919, 346.970543, 17.170097
27088.100, 346.981408, 17.175065
17158.052, 347.061787, 17.277245
16200.772, 347.012467, 17.213816
2112.806, 346.937386, 17.116938
32664.042, 346.988585, 17.186437
10459.794, 347.008593, 17.210073
2911.970, 347.023788, 17.228681
3375.974, 347.058060, 17.272644
4614.524, 347.131092, 17.365970
2102.429, 346.960827, 17.148478
3830.460, 347.152609, 17.394192
45699.563, 346.961112, 17.152989
3793.306, 347.042027, 17.253737
9116.162, 346.966352, 17.157830
7983.258, 346.999189, 17.199888
7888.272, 347.036808, 17.248170
22065.533, 346.936355, 17.123032
9634.100, 347.031869, 17.243408
4619.215, 347.083851, 17.310128
2977.187, 347.016840, 17.226740
17866.156, 346.942223, 17.134515
2482.363, 346.993506, 17.197210
39423.358, 346.996530, 17.206262
10829.931, 347.004630, 17.213375
15762.423, 346.964593, 17.164700
5047.663, 347.058059, 17.282573
7487.121, 347.083421, 17.315952
13782.349, 346.936173, 17.130848
19978.809, 346.942128, 17.139117
20413.147, 346.957051, 17.157588
4203.595, 346.954462, 17.152510
9146.402, 347.044557, 17.268393
45400.587, 347.012195, 17.231103
2514.655, 347.125059, 17.371659
5003.674, 347.148773, 17.402212
2544.923, 347.165863, 17.423751
2502.239, 347.146276, 17.399499
3345.678, 346.927777, 17.120440
2539.419, 346.932870, 17.127579
24544.510, 347.031150, 17.255428
21680.337, 347.173992, 17.437807
21292.817, 346.974271, 17.184209
15305.645, 347.082978, 17.322025
2104.821, 346.943272, 17.142420
13282.970, 346.961099, 17.166989
2111.374, 346.980135, 17.189203
3776.677, 346.946833, 17.147624
5887.262, 347.079450, 17.317672
37899.531, 346.923724, 17.124426
2467.654, 347.076096, 17.313594
3775.051, 347.131390, 17.384425
7511.872, 346.943304, 17.146034
21146.709, 346.935873, 17.140398
26251.242, 346.948717, 17.155472
2904.073, 347.183049, 17.453190
25073.958, 346.963986, 17.176699
14937.013, 347.052571, 17.289910
12488.326, 347.004843, 17.228617
2059.073, 347.075426, 17.317595
3801.384, 347.128997, 17.387013
10380.036, 346.954979, 17.165154
10518.015, 347.008424, 17.233984
2540.474, 347.106508, 17.358328
9623.182, 347.114692, 17.369655
7925.355, 346.932912, 17.137952
5048.904, 347.015479, 17.242322
5009.747, 347.069776, 17.312234
13378.425, 347.022624, 17.254942
2553.827, 347.095014, 17.346292
118514.513, 347.103472, 17.364842
9580.515, 346.966279, 17.183208
18736.927, 346.978095, 17.200242
101723.974, 347.072587, 17.323257
2107.589, 346.948926, 17.160806
7906.422, 346.994679, 17.220233
6214.707, 347.008915, 17.238530
2000.311, 347.180323, 17.457706
29346.561, 346.924085, 17.133613
13792.182, 346.934405, 17.144614
8332.049, 347.034667, 17.272343
11236.115, 347.084094, 17.336687
3346.324, 347.112823, 17.372736
11282.453, 347.016491, 17.251933
5834.216, 347.123862, 17.388227
4625.873, 346.940391, 17.153519
5752.790, 346.957680, 17.175682
9116.972, 347.002768, 17.233707
23728.301, 346.967830, 17.190649
7541.692, 346.973297, 17.196318
16259.233, 346.916499, 17.125052
57037.335, 346.962554, 17.185705
14128.247, 346.983232, 17.210530
4227.059, 347.064789, 17.314345
2096.887, 347.076044, 17.328686
2065.386, 346.950546, 17.168578
10851.899, 346.997534, 17.229877
2525.207, 347.037724, 17.280613
4197.005, 346.935779, 17.150575
31134.974, 346.974305, 17.205525
23325.653, 346.985134, 17.216634
30810.987, 346.987335, 17.221773
4658.222, 347.057896, 17.308516
25052.443, 346.926445, 17.142789
4208.730, 347.113751, 17.380289
5005.100, 346.944143, 17.164092
13359.523, 347.005357, 17.243731
69017.601, 347.012200, 17.255426
4656.221, 347.019647, 17.260873
34649.001, 347.121090, 17.393594
2537.860, 347.051831, 17.303420
3331.173, 347.107598, 17.374834
40040.701, 347.148396, 17.430107
4619.262, 346.966981, 17.195984
25730.205, 347.039844, 17.290767
4644.366, 347.089819, 17.352977
10002.295, 346.930529, 17.150490
9637.092, 346.935072, 17.157407
5462.956, 347.026965, 17.273623
8011.124, 347.141389, 17.420208
3809.742, 347.054087, 17.308814
6758.283, 347.154554, 17.437914
12108.621, 346.910766, 17.127699
5848.665, 346.977222, 17.211150
12199.039, 347.015922, 17.261273
4644.226, 347.061068, 17.318339
8861.175, 347.134181, 17.411686
7884.264, 346.914341, 17.131878
5892.601, 346.922542, 17.142323
2104.386, 347.080615, 17.343998
18668.489, 346.924090, 17.147663
5094.215, 347.073531, 17.336768
9083.699, 347.163983, 17.451891
6647.995, 346.952416, 17.182342
2476.385, 346.995141, 17.235486
13766.292, 347.022874, 17.272894
7493.181, 347.027326, 17.277734
6333.669, 347.049879, 17.307769
10773.922, 347.018907, 17.268652
6653.351, 346.918241, 17.139671
79508.832, 346.976604, 17.221184
5432.315, 346.984057, 17.223470
12115.680, 346.992386, 17.234479
24176.231, 347.073875, 17.340031
8732.782, 346.926406, 17.150406
97804.877, 346.938177, 17.172320
9191.662, 346.964342, 17.199775
12011.844, 347.088350, 17.358201
2948.168, 346.954708, 17.186842
4567.624, 347.097508, 17.369659
7089.388, 347.027634, 17.281268
2899.283, 347.158618, 17.448556
2490.444, 347.064027, 17.328535
2933.933, 347.098312, 17.372578
2125.150, 347.104039, 17.380231
2499.561, 346.927015, 17.153818
6680.212, 346.946137, 17.179004
25829.812, 346.954744, 17.192221
22468.418, 347.003682, 17.253738
3758.164, 346.972525, 17.212917
6708.417, 347.081872, 17.353854
17772.998, 346.906996, 17.131249
4586.638, 346.931252, 17.161693
18334.201, 347.046701, 17.310962
3383.275, 346.991347, 17.238970
11604.294, 347.007428, 17.260528
7124.457, 347.022124, 17.278449
3411.282, 346.967275, 17.208584
3019.567, 346.994937, 17.243928
28199.455, 347.048285, 17.315642
22954.638, 347.063202, 17.333958
6660.734, 346.934195, 17.167890
6195.280, 346.958539, 17.199041
2084.275, 346.941413, 17.177897
4236.639, 347.002633, 17.257120
2523.412, 347.120346, 17.407115
6641.996, 346.907118, 17.135309
5428.226, 346.909027, 17.137728
16216.809, 346.913727, 17.146430
61219.810, 346.925153, 17.162805
25515.898, 346.945677, 17.187211
13297.037, 347.072384, 17.350918
8283.156, 346.911410, 17.142338
15744.020, 346.964896, 17.213071
19190.829, 346.976880, 17.228650
11590.658, 347.084389, 17.365757
5378.006, 346.991409, 17.247047
4217.393, 347.017370, 17.279935
23687.258, 346.900934, 17.134144
15488.480, 346.903577, 17.137001
74646.291, 346.953294, 17.201515
5893.276, 347.066697, 17.343739
3777.175, 346.941806, 17.184091
4615.014, 346.969187, 17.219367
2085.612, 347.007158, 17.267494
9152.058, 346.998458, 17.257915
15449.485, 347.048966, 17.323292
5471.560, 347.055140, 17.330733
14566.198, 346.915215, 17.152708
7188.628, 347.141072, 17.441138
8717.717, 346.919454, 17.158846
20773.173, 346.983372, 17.242571
39212.737, 347.000083, 17.263588
9231.865, 346.927874, 17.170301
21669.908, 346.957557, 17.209747
7169.210, 347.008730, 17.274515
4223.023, 347.027298, 17.297667
3356.508, 347.076101, 17.360874
39599.771, 346.966842, 17.223065
5013.813, 347.003882, 17.269045
15447.622, 346.907355, 17.146247
3343.117, 347.064161, 17.346555
3305.473, 347.126082, 17.425699
2500.225, 346.936209, 17.183323
4536.976, 347.040299, 17.316794
2091.596, 346.945198, 17.194851
