# Source Fluxes and Coordinates
# Flux (e-/s), RA (deg), Dec (deg)
2297.374, 346.977351, 17.223689
14907.776, 346.937936, 17.170095
21149.650, 346.911839, 17.135084
14757.546, 347.073827, 17.340353
38393.166, 347.012067, 17.255450
28792.312, 347.148189, 17.429947
30801.605, 347.121515, 17.393028
90507.080, 347.103231, 17.364935
75290.771, 347.072359, 17.322991
2234.690, 347.106604, 17.371741
14097.595, 346.915472, 17.115037
14305.116, 347.112888, 17.368955
35545.707, 346.950251, 17.154526
15803.420, 347.012651, 17.231726
251487.672, 346.970126, 17.170291
14691.826, 346.929405, 17.119293
13551.046, 346.988945, 17.185798
34719.674, 347.033948, 17.240124
2650.046, 346.960925, 17.145962
54235.709, 347.007078, 17.198193
2425.996, 347.015994, 17.212699
66848.313, 346.986400, 17.169810
8292.122, 347.118879, 17.343575
115585.944, 347.123819, 17.338687
25632.415, 346.995994, 17.173435
3012.907, 346.938646, 17.094854
50756.042, 347.087067, 17.282941
11653.804, 347.151434, 17.365252
1886.074, 347.158783, 17.369339
43002.038, 346.993379, 17.147889
27942.234, 347.067990, 17.238942
3017.961, 347.055809, 17.222947
2982.408, 347.072818, 17.244314
5730.821, 347.165632, 17.363134
137620.144, 347.067832, 17.224480
2312.827, 346.996523, 17.135890
19748.702, 347.092512, 17.258597
26740.358, 347.082389, 17.244393
15438.749, 346.996067, 17.131018
19562.218, 347.214608, 17.409160
2361.212, 347.153046, 17.330569
2247.540, 347.195485, 17.380631
3788.931, 346.965471, 17.072996
1915.545, 347.166678, 17.331443
1916.989, 347.160741, 17.323440
4893.829, 347.175814, 17.340755
28197.200, 347.078165, 17.209963
19608.336, 347.097835, 17.234638
2271.924, 347.009427, 17.121448
2680.251, 347.083377, 17.216810
1860.239, 347.118013, 17.261224
58696.156, 347.126923, 17.267764
1834.765, 347.199878, 17.365499
2231.947, 347.197605, 17.361629
41499.759, 347.046776, 17.161476
3011.297, 347.116437, 17.253635
60674.175, 346.997765, 17.092292
4548.258, 347.175417, 17.324765
2236.704, 347.017701, 17.116439
2269.608, 347.225558, 17.386029
1938.577, 347.045259, 17.152086
28832.184, 347.021594, 17.118545
1885.341, 347.085707, 17.204115
88184.035, 347.133475, 17.257500
4209.570, 347.050201, 17.152445
23450.319, 347.207271, 17.350471
4542.386, 347.115317, 17.231909
1856.242, 347.085536, 17.193510
2223.870, 347.065407, 17.167750
49963.150, 347.058379, 17.155153
43049.622, 347.186450, 17.318658
3791.554, 347.080104, 17.182631
6844.762, 347.195922, 17.331364
2289.329, 347.212517, 17.351774
228954.519, 347.184139, 17.305298
3399.087, 347.139202, 17.252225
3838.163, 347.125769, 17.232562
9507.929, 347.028108, 17.102900
3057.766, 347.207334, 17.337160
3021.522, 347.077389, 17.167660
46964.669, 347.138808, 17.243736
1842.644, 347.118904, 17.216603
7235.935, 347.042889, 17.114996
1911.807, 347.121083, 17.215491
6060.642, 347.091093, 17.175502
28599.289, 347.104883, 17.191025
2272.263, 347.184625, 17.297005
1881.658, 347.035136, 17.101083
28449.363, 347.112113, 17.198564
1906.261, 347.143482, 17.241432
4887.467, 347.126601, 17.218711
64272.166, 347.020084, 17.076012
2317.851, 347.253575, 17.383485
2300.779, 347.198930, 17.312340
1869.146, 347.152753, 17.250707
5672.671, 347.142378, 17.235749
2265.828, 347.253872, 17.379672
3439.775, 347.211928, 17.323750
66382.394, 347.001907, 17.045871
3723.061, 347.252176, 17.375339
3025.929, 347.234495, 17.350973
4153.766, 347.231946, 17.347537
7173.923, 347.129571, 17.210398
5279.633, 347.019846, 17.067574
2615.554, 347.227538, 17.336814
3412.881, 347.159365, 17.248421
1890.624, 347.138713, 17.220343
3763.228, 347.193160, 17.288461
20962.719, 347.189525, 17.281489
2658.782, 347.173504, 17.262549
33843.558, 347.228130, 17.329872
15491.992, 347.214612, 17.313513
38156.516, 347.252221, 17.358667
4105.066, 347.116132, 17.182933
43315.276, 347.167926, 17.247429
3779.777, 347.138575, 17.211942
2641.214, 347.206278, 17.299352
3028.229, 347.033153, 17.071317
2288.992, 347.221379, 17.315324
3356.974, 347.171671, 17.251344
11246.224, 347.132556, 17.198393
3046.915, 347.106608, 17.164897
15823.469, 347.053747, 17.092713
24372.193, 347.138263, 17.200216
10567.789, 347.242348, 17.335738
6049.747, 347.166740, 17.238649
137566.354, 347.103454, 17.151827
9074.610, 347.179390, 17.254984
15636.903, 347.214717, 17.299122
12496.050, 347.090754, 17.136882
6439.016, 347.017946, 17.043607
3096.794, 347.270653, 17.370684
2636.960, 347.114123, 17.166060
2638.501, 347.262339, 17.358377
5684.568, 347.164203, 17.230173
55330.849, 347.097537, 17.137853
3030.833, 347.177071, 17.243306
59805.755, 347.042971, 17.064601
2985.884, 347.255144, 17.342885
5594.923, 347.201306, 17.272468
10609.069, 347.193269, 17.262234
52583.315, 347.091028, 17.125356
6070.776, 347.196661, 17.263894
4093.267, 347.149047, 17.202492
2263.372, 347.081194, 17.113506
65204.618, 347.193589, 17.254981
2291.172, 347.056916, 17.081506
1891.448, 347.186090, 17.248882
7468.261, 347.112964, 17.150296
5615.488, 347.129266, 17.172083
4120.391, 347.217106, 17.285684
5591.679, 347.121687, 17.160942
4538.947, 347.109295, 17.144990
7426.936, 347.188205, 17.244944
4894.136, 347.170272, 17.220807
2679.420, 347.161948, 17.209986
2259.072, 347.146154, 17.189739
2650.875, 347.076019, 17.097327
2642.663, 347.236079, 17.304609
3788.277, 347.205152, 17.263909
3837.127, 347.067824, 17.085203
4575.085, 347.178015, 17.226061
2995.203, 347.261564, 17.334578
3854.407, 347.170659, 17.215314
6021.440, 347.246964, 17.312877
26184.255, 347.244470, 17.308846
3037.041, 347.198542, 17.250788
3029.863, 347.232395, 17.294309
2657.002, 347.121298, 17.149418
4910.955, 347.173448, 17.216405
13315.414, 347.117854, 17.143276
2673.951, 347.162151, 17.200928
5727.690, 347.105803, 17.127135
2994.275, 347.120253, 17.145357
66014.436, 347.133210, 17.155267
4115.607, 347.228780, 17.283252
4902.589, 347.221370, 17.273122
53596.018, 347.218444, 17.265794
3372.573, 347.140483, 17.168367
6423.269, 347.237150, 17.292760
4489.605, 347.187246, 17.227195
38674.264, 347.286352, 17.352946
1936.838, 347.226805, 17.277957
3035.680, 347.128284, 17.149781
2257.008, 347.139444, 17.163794
5252.554, 347.186581, 17.223749
1878.807, 347.200003, 17.241289
3415.300, 347.291641, 17.358712
15016.154, 347.243560, 17.294171
5623.565, 347.272694, 17.331899
5231.799, 347.217437, 17.260134
4914.813, 347.230091, 17.276482
6813.480, 347.104693, 17.112062
6071.659, 347.267647, 17.324016
6015.224, 347.052473, 17.044185
4931.830, 347.258648, 17.311379
13110.472, 347.234896, 17.279124
7152.897, 347.157103, 17.177786
3777.015, 347.291008, 17.351353
6018.883, 347.203357, 17.237495
3038.113, 347.283396, 17.341623
4887.507, 347.133367, 17.146164
2699.970, 347.090862, 17.091204
3022.202, 347.292804, 17.353404
4240.549, 347.213865, 17.250186
7983.963, 347.173392, 17.196466
1908.997, 347.123278, 17.131849
8716.998, 347.106662, 17.107617
6403.595, 347.221069, 17.258384
3397.017, 347.161433, 17.180835
15186.480, 347.256479, 17.302341
15664.724, 347.154751, 17.167679
2720.913, 347.119287, 17.124330
2619.965, 347.178951, 17.201524
17650.653, 347.131157, 17.137035
2288.683, 347.183083, 17.205854
2258.320, 347.181788, 17.204172
49417.301, 347.125197, 17.124630
21420.224, 347.116698, 17.117036
6139.996, 347.043839, 17.022515
7925.013, 347.197818, 17.222040
6789.506, 347.220825, 17.252111
2655.626, 347.216801, 17.247280
7647.265, 347.151898, 17.162349
7477.140, 347.256036, 17.296838
3808.491, 347.287775, 17.336925
2268.244, 347.187288, 17.206757
8635.610, 347.191446, 17.210554
7928.831, 347.079226, 17.063219
8335.214, 347.274821, 17.317413
3832.991, 347.193775, 17.212525
2645.845, 347.042638, 17.015254
2286.475, 347.157938, 17.164816
6060.209, 347.206501, 17.226714
1912.847, 347.173558, 17.185107
5644.502, 347.168000, 17.176986
6461.987, 347.145343, 17.145927
4459.918, 347.284698, 17.327493
1873.950, 347.236980, 17.266066
2636.145, 347.224891, 17.250071
12886.316, 347.095318, 17.080157
4892.681, 347.071614, 17.049404
3387.749, 347.262731, 17.295280
3007.352, 347.256927, 17.287609
2993.887, 347.261470, 17.292355
5656.627, 347.201464, 17.213938
7905.867, 347.181024, 17.186912
1898.263, 347.234958, 17.257390
1821.665, 347.052342, 17.019538
40292.656, 347.110288, 17.091178
7233.881, 347.096197, 17.074606
5953.259, 347.297430, 17.336043
1850.874, 347.195020, 17.203772
1853.767, 347.148199, 17.142398
5552.930, 347.250867, 17.274666
19446.898, 347.229773, 17.245309
6449.718, 347.304616, 17.343417
78690.144, 347.297070, 17.329936
474437.208, 347.214956, 17.214880
2659.612, 347.130143, 17.117614
9753.949, 347.100246, 17.077677
5670.274, 347.212012, 17.222892
60390.847, 347.279737, 17.306286
5249.508, 347.107383, 17.085448
4104.911, 347.055957, 17.015779
7913.814, 347.264917, 17.286659
4607.455, 347.206423, 17.210953
7526.644, 347.258301, 17.277291
17664.618, 347.227306, 17.236095
9506.339, 347.186771, 17.184103
9344.949, 347.148975, 17.135314
3791.431, 347.111136, 17.086530
1867.589, 347.200049, 17.201469
5644.707, 347.085949, 17.051120
5571.335, 347.110819, 17.082786
33451.935, 347.205820, 17.202661
7947.322, 347.185687, 17.178129
13856.411, 347.090645, 17.054649
5304.662, 347.117446, 17.090488
5267.094, 347.165697, 17.152336
4902.325, 347.222532, 17.225944
3753.894, 347.187459, 17.179741
3046.786, 347.066066, 17.021691
16557.928, 347.106618, 17.071853
5297.128, 347.103304, 17.067740
2236.507, 347.255773, 17.266705
11648.937, 347.169297, 17.152792
27638.899, 347.084363, 17.039680
19705.103, 347.304241, 17.324927
4142.942, 347.284793, 17.302734
12778.235, 347.277772, 17.292788
4495.316, 347.272800, 17.286728
5254.496, 347.209838, 17.204822
1871.267, 347.294816, 17.314703
3806.673, 347.251805, 17.258048
7106.502, 347.228476, 17.227253
8657.312, 347.165244, 17.144225
5625.814, 347.127080, 17.095216
7145.517, 347.281347, 17.294572
3702.401, 347.203077, 17.193268
3816.140, 347.312041, 17.333711
8971.030, 347.193495, 17.179130
2327.346, 347.169221, 17.147799
12792.543, 347.227998, 17.222258
4164.922, 347.120364, 17.083354
10097.496, 347.231445, 17.226158
3766.053, 347.171347, 17.149150
21052.507, 347.210573, 17.198256
38284.200, 347.206673, 17.191500
7937.666, 347.310049, 17.327987
193333.136, 347.168745, 17.137108
2996.977, 347.099283, 17.053960
3846.531, 347.317079, 17.336872
1896.201, 347.251662, 17.251759
2297.706, 347.319302, 17.338236
1875.653, 347.273825, 17.279732
4103.032, 347.107195, 17.061234
4923.924, 347.103063, 17.056987
15284.365, 347.295742, 17.305521
3806.796, 347.216374, 17.202488
2974.859, 347.151016, 17.117684
2257.200, 347.127131, 17.086651
2659.215, 347.073834, 17.016332
6420.091, 347.236221, 17.227239
2973.960, 347.227603, 17.215791
13974.387, 347.176879, 17.146685
2289.327, 347.248289, 17.241544
3047.783, 347.210245, 17.191377
53711.906, 347.138374, 17.092412
9774.657, 347.242015, 17.230784
82567.091, 347.123437, 17.069108
6735.280, 347.092403, 17.036001
6403.948, 347.069532, 17.006378
10527.436, 347.185374, 17.155789
15084.646, 347.322565, 17.331190
15686.832, 347.227354, 17.209403
7478.498, 347.107028, 17.053597
17743.212, 347.294583, 17.294669
31922.563, 347.255191, 17.244104
13072.089, 347.215114, 17.192924
9093.387, 347.156531, 17.116859
1877.118, 347.212468, 17.189563
9766.687, 347.163004, 17.123547
99152.975, 347.289713, 17.283350
8613.612, 347.195085, 17.164466
48909.151, 347.099724, 17.038398
7203.516, 347.148732, 17.103945
2634.397, 347.115791, 17.061889
4191.339, 347.087922, 17.025157
1874.569, 347.066911, 16.998220
4122.101, 347.231284, 17.210783
7898.949, 347.327335, 17.333691
2967.514, 347.274318, 17.265999
36509.577, 347.206085, 17.174227
12835.233, 347.269711, 17.256988
131935.193, 347.277772, 17.259445
178102.040, 347.214631, 17.180355
1933.917, 347.145167, 17.096310
2231.497, 347.264904, 17.251459
6332.491, 347.237262, 17.214727
5276.855, 347.157752, 17.112312
8237.584, 347.200490, 17.166039
1921.857, 347.080242, 17.010699
1820.406, 347.088378, 17.020754
2666.478, 347.267952, 17.253221
3738.847, 347.232645, 17.207165
7075.978, 347.219854, 17.188642
1882.714, 347.298515, 17.291589
71165.403, 347.238304, 17.209310
3420.914, 347.194666, 17.154666
2615.446, 347.172797, 17.126124
3757.900, 347.170252, 17.121067
7445.161, 347.157947, 17.105384
4890.718, 347.092733, 17.020394
7072.321, 347.323645, 17.318560
2208.918, 347.309333, 17.301569
75214.601, 347.117808, 17.047640
4112.575, 347.304742, 17.294720
2603.140, 347.203375, 17.162825
5708.679, 347.107494, 17.037809
7513.793, 347.291121, 17.275053
5288.173, 347.234864, 17.202139
13952.590, 347.228479, 17.192470
1865.244, 347.198522, 17.155546
8320.695, 347.191805, 17.145616
5311.220, 347.163994, 17.110104
24316.159, 347.088546, 17.010331
3115.706, 347.091993, 17.015303
1887.626, 347.171429, 17.118168
4125.318, 347.250076, 17.219157
8645.323, 347.203647, 17.158259
6819.624, 347.138388, 17.074092
4149.758, 347.199795, 17.153607
8662.675, 347.087301, 17.006560
2650.528, 347.128581, 17.060509
3002.488, 347.238524, 17.202454
58599.026, 347.153548, 17.088300
2287.202, 347.122118, 17.050167
38370.835, 347.108379, 17.025400
4180.509, 347.228070, 17.184170
3401.101, 347.146175, 17.077730
39991.478, 347.128243, 17.051858
3448.862, 347.090105, 17.004485
21071.095, 347.216443, 17.166292
2274.846, 347.197817, 17.145016
7160.242, 347.309906, 17.288396
5294.952, 347.293751, 17.267394
6799.789, 347.290437, 17.262570
2611.805, 347.258659, 17.222400
16965.326, 347.162407, 17.095597
3799.594, 347.321511, 17.303346
3726.761, 347.181976, 17.121803
3754.734, 347.099313, 17.013448
4462.855, 347.244588, 17.202179
1929.745, 347.282728, 17.252013
5235.989, 347.145341, 17.071962
2298.807, 347.116276, 17.035290
2274.461, 347.229029, 17.181085
5658.397, 347.175082, 17.110352
7187.606, 347.289159, 17.257823
3799.395, 347.172190, 17.106159
10977.819, 347.282886, 17.248833
2970.830, 347.308957, 17.282490
3351.748, 347.248980, 17.203657
6770.061, 347.097772, 17.006792
4160.719, 347.247003, 17.199709
2245.096, 347.195978, 17.133841
3782.056, 347.093534, 17.000503
2659.362, 347.102048, 17.010761
7458.519, 347.296255, 17.262533
2970.926, 347.276249, 17.236941
10129.276, 347.214583, 17.155327
1928.923, 347.170496, 17.098833
1871.957, 347.129692, 17.045549
19878.745, 347.289287, 17.249978
6462.372, 347.332463, 17.306493
7223.824, 347.286775, 17.246713
50293.114, 347.285213, 17.241523
4181.158, 347.209635, 17.147348
9849.950, 347.179385, 17.105524
45329.825, 347.094387, 16.994111
1867.599, 347.295720, 17.258067
4518.117, 347.232666, 17.175745
9382.702, 347.123792, 17.032653
2280.115, 347.248738, 17.195447
3763.296, 347.148994, 17.065288
7519.274, 347.254176, 17.200324
1905.482, 347.133474, 17.044146
6018.645, 347.282579, 17.235914
11239.476, 347.261761, 17.207467
8284.205, 347.290918, 17.245280
7569.733, 347.213297, 17.144750
2624.604, 347.246123, 17.187549
2669.788, 347.099325, 16.997078
3049.141, 347.251693, 17.194490
2233.503, 347.126962, 17.031656
20445.104, 347.311881, 17.269783
1857.668, 347.112494, 17.011876
21168.088, 347.230337, 17.160735
5259.387, 347.166728, 17.080220
13615.931, 347.317464, 17.273107
2652.216, 347.213006, 17.140467
2228.812, 347.151639, 17.060536
25935.945, 347.197369, 17.117229
8694.250, 347.118957, 17.016727
12539.755, 347.284760, 17.230184
1870.877, 347.204364, 17.127639
13159.661, 347.159270, 17.067476
7810.423, 347.095030, 16.983426
8430.266, 347.343813, 17.305931
9837.833, 347.248875, 17.181966
7866.249, 347.157173, 17.062448
18698.132, 347.124222, 17.018267
9770.931, 347.313012, 17.263821
3774.219, 347.329300, 17.283881
1940.839, 347.277261, 17.215844
1900.207, 347.239235, 17.166148
6008.824, 347.253271, 17.182238
4904.319, 347.133358, 17.025878
8712.057, 347.168292, 17.070158
3063.182, 347.325956, 17.274422
4121.049, 347.298774, 17.238691
34604.246, 347.290958, 17.227001
10614.184, 347.219906, 17.135446
4219.231, 347.354200, 17.310029
4170.941, 347.333471, 17.283567
2643.186, 347.228386, 17.146751
4562.907, 347.249988, 17.173597
24933.019, 347.209618, 17.116555
37787.874, 347.312771, 17.251198
4921.896, 347.233089, 17.150668
3771.944, 347.210326, 17.120771
2263.810, 347.295712, 17.231377
7861.489, 347.268809, 17.195105
2998.072, 347.119125, 17.000458
2267.546, 347.182602, 17.080979
1902.056, 347.127004, 17.007778
2304.361, 347.311714, 17.245758
4102.759, 347.294057, 17.222355
115677.358, 347.182894, 17.072670
4561.552, 347.353754, 17.299175
14912.114, 347.277446, 17.199301
1868.806, 347.320104, 17.255381
7897.016, 347.245373, 17.157653
3374.953, 347.241950, 17.153432
2602.792, 347.274689, 17.195542
14591.633, 347.271267, 17.189899
27407.252, 347.198409, 17.093987
6124.177, 347.174740, 17.065439
2196.114, 347.118702, 16.992122
11581.894, 347.218006, 17.119539
4523.164, 347.150811, 17.032656
1900.600, 347.143086, 17.022976
12777.467, 347.283297, 17.203280
9405.600, 347.240577, 17.147465
6813.369, 347.106876, 16.973313
7077.328, 347.192102, 17.083393
41062.906, 347.107432, 16.969687
12046.916, 347.364171, 17.304944
2594.063, 347.293215, 17.215606
8713.381, 347.305245, 17.227988
3015.648, 347.116825, 16.983860
6055.992, 347.356323, 17.293910
8623.105, 347.317921, 17.243811
2298.834, 347.245240, 17.150550
6789.054, 347.237400, 17.139771
4511.963, 347.232960, 17.134768
4079.813, 347.344815, 17.278033
20436.434, 347.230097, 17.127351
6452.143, 347.204929, 17.095829
2681.047, 347.112693, 16.976886
3457.273, 347.315205, 17.239596
5219.259, 347.236838, 17.136325
4456.641, 347.146087, 17.017984
8248.380, 347.251710, 17.154461
1928.501, 347.166480, 17.044470
40853.309, 347.355869, 17.285801
4156.188, 347.325527, 17.249296
6431.425, 347.334808, 17.259885
3431.808, 347.266349, 17.171590
3811.182, 347.332116, 17.256683
2662.685, 347.236657, 17.132035
2707.219, 347.202261, 17.087275
2640.888, 347.346031, 17.273098
5634.583, 347.140180, 17.004575
1925.156, 347.362709, 17.294160
4145.020, 347.326354, 17.245567
11684.487, 347.255502, 17.151409
4161.665, 347.244371, 17.139334
2286.965, 347.219577, 17.107142
2259.224, 347.258122, 17.156804
2303.775, 347.170545, 17.042809
3684.362, 347.231557, 17.120567
2247.541, 347.262068, 17.160297
7519.032, 347.187735, 17.061734
3353.552, 347.285234, 17.189604
10194.968, 347.151215, 17.013161
1836.256, 347.142345, 17.003193
2698.995, 347.373338, 17.302626
2275.412, 347.351588, 17.274042
6374.693, 347.162200, 17.027709
4146.302, 347.314412, 17.225352
28438.689, 347.305746, 17.211638
107309.735, 347.204987, 17.077616
5688.475, 347.171757, 17.039263
14717.447, 347.244643, 17.131890
4510.687, 347.185122, 17.056064
8707.399, 347.294865, 17.197880
4979.552, 347.253417, 17.144453
119682.354, 347.195523, 17.063820
2635.744, 347.307702, 17.214792
2232.125, 347.198289, 17.072285
3060.634, 347.354714, 17.274149
50052.467, 347.261103, 17.146621
4895.262, 347.322806, 17.231840
43783.651, 347.171967, 17.033136
5288.985, 347.162790, 17.023379
2293.188, 347.264978, 17.154832
2244.590, 347.167318, 17.027045
3420.071, 347.375406, 17.296635
14633.634, 347.255971, 17.140334
10148.513, 347.243171, 17.123684
12485.923, 347.220106, 17.092831
28504.144, 347.190825, 17.053373
5273.270, 347.217436, 17.088987
39383.592, 347.233398, 17.104774
1941.614, 347.358244, 17.269427
4161.386, 347.346641, 17.253131
1827.323, 347.165211, 17.016829
3747.786, 347.316626, 17.211101
3347.852, 347.249568, 17.123579
12010.882, 347.304867, 17.192105
471333.650, 347.270932, 17.139184
6385.732, 347.281499, 17.161317
4560.533, 347.226397, 17.089394
3440.863, 347.336627, 17.232460
3733.699, 347.222749, 17.083351
4561.024, 347.190964, 17.042390
3760.115, 347.382585, 17.288700
5659.275, 347.202717, 17.053941
6052.492, 347.167280, 17.008012
3458.400, 347.128114, 16.957520
2280.001, 347.265181, 17.134066
3421.477, 347.135954, 16.965700
8307.412, 347.353805, 17.247843
3456.021, 347.345055, 17.236216
26806.572, 347.129776, 16.952991
2673.758, 347.197795, 17.041458
3682.209, 347.172659, 17.008098
1853.046, 347.321248, 17.200623
2639.989, 347.381109, 17.277558
1882.420, 347.315509, 17.191769
8259.000, 347.197081, 17.036792
4498.658, 347.268376, 17.129150
8337.855, 347.297908, 17.164949
3756.120, 347.241954, 17.093674
5712.733, 347.351365, 17.233900
3772.877, 347.312095, 17.183751
16244.680, 347.363416, 17.246811
2661.069, 347.218796, 17.061080
2272.370, 347.254071, 17.104063
4146.191, 347.231487, 17.074540
2650.829, 347.262555, 17.114517
6052.879, 347.355987, 17.234279
42211.357, 347.323898, 17.189105
12087.181, 347.310135, 17.173542
2254.340, 347.284946, 17.142587
1931.763, 347.305733, 17.168424
6050.322, 347.138404, 16.948575
6764.940, 347.316252, 17.176696
3019.334, 347.180740, 17.000641
69123.625, 347.364159, 17.232715
21250.490, 347.197493, 17.018887
8233.754, 347.234052, 17.067599
3808.677, 347.344511, 17.211358
6009.611, 347.282470, 17.129810
10173.294, 347.185267, 17.000842
6032.279, 347.243054, 17.077126
5295.540, 347.160646, 16.969796
11525.471, 347.377786, 17.249611
13873.028, 347.341133, 17.201467
3029.195, 347.355311, 17.221122
7537.069, 347.276195, 17.117973
3787.127, 347.247894, 17.079452
7035.508, 347.298215, 17.144491
3024.210, 347.401401, 17.277962
3414.247, 347.194839, 17.009527
10552.251, 347.235980, 17.059651
3437.864, 347.160759, 16.964423
11746.254, 347.374847, 17.239970
4566.381, 347.284711, 17.124737
2267.491, 347.183254, 16.992687
23126.692, 347.192257, 17.001803
7929.557, 347.318060, 17.165859
3748.843, 347.275250, 17.110338
4916.818, 347.349075, 17.204674
10111.962, 347.344135, 17.197372
3773.507, 347.157547, 16.956376
3039.751, 347.272301, 17.104122
12752.842, 347.335369, 17.184055
1900.870, 347.221319, 17.037418
2310.379, 347.327064, 17.173947
7491.548, 347.295141, 17.132149
2659.448, 347.256551, 17.082143
4251.698, 347.370441, 17.228882
4122.608, 347.181248, 16.983343
12191.092, 347.379088, 17.238649
44640.808, 347.351668, 17.199011
1917.349, 347.268084, 17.092787
3058.556, 347.329768, 17.172347
4152.234, 347.263057, 17.085631
11630.691, 347.385638, 17.242616
5604.080, 347.376052, 17.231543
5279.560, 347.392414, 17.251605
9744.745, 347.361991, 17.210363
3387.668, 347.211812, 17.017137
2628.289, 347.409191, 17.273238
39654.439, 347.360113, 17.205419
4577.825, 347.326987, 17.165662
81304.523, 347.295792, 17.119644
57572.268, 347.374167, 17.221286
1866.716, 347.261953, 17.079776
4925.100, 347.154559, 16.938904
11335.519, 347.312226, 17.141324
12192.710, 347.198590, 16.994551
3416.880, 347.237939, 17.046083
3753.984, 347.267835, 17.083848
34239.375, 347.404771, 17.257591
3052.344, 347.347795, 17.186561
6438.484, 347.235630, 17.040968
2624.013, 347.382580, 17.232094
3476.171, 347.364807, 17.208593
4872.415, 347.328806, 17.161084
2258.216, 347.275765, 17.092173
20710.213, 347.219424, 17.015481
7171.238, 347.412554, 17.267391
3779.437, 347.197509, 16.988083
1913.962, 347.289234, 17.107115
2630.652, 347.205562, 16.998535
3396.297, 347.200903, 16.991941
1934.240, 347.394692, 17.242159
3846.560, 347.367720, 17.206496
14300.856, 347.361864, 17.196588
12843.789, 347.167852, 16.943227
36195.864, 347.324450, 17.145862
2940.055, 347.403063, 17.249965
2584.408, 347.352717, 17.184706
1882.641, 347.332034, 17.157567
36889.376, 347.204864, 16.989467
7509.974, 347.387604, 17.227729
24363.035, 347.283504, 17.090839
4583.320, 347.235681, 17.030191
10960.908, 347.175555, 16.952120
2719.953, 347.310747, 17.127581
4142.841, 347.248103, 17.045578
2676.478, 347.404836, 17.248661
3018.314, 347.214459, 17.001479
134725.240, 347.339984, 17.155945
15915.100, 347.252609, 17.049026
39669.400, 347.242178, 17.033900
7899.393, 347.289928, 17.096541
2672.964, 347.301739, 17.111151
3377.905, 347.390797, 17.225972
2683.553, 347.224101, 17.009754
6859.928, 347.385258, 17.217074
4137.459, 347.362213, 17.187409
5658.674, 347.402531, 17.238106
13559.171, 347.206067, 16.982073
7547.192, 347.356162, 17.177339
2658.273, 347.346731, 17.165712
3722.304, 347.200204, 16.975106
4181.844, 347.384351, 17.212787
1954.531, 347.217126, 16.996879
7165.046, 347.421138, 17.259343
58651.851, 347.328512, 17.136189
11981.268, 347.417999, 17.254591
5263.135, 347.395734, 17.226132
3816.556, 347.296997, 17.098214
59245.785, 347.179990, 16.942458
4096.799, 347.374785, 17.197506
2606.968, 347.304603, 17.106779
1906.463, 347.244646, 17.028760
2663.593, 347.171785, 16.933879
2651.367, 347.353744, 17.168002
3010.408, 347.312909, 17.114321
5292.996, 347.414540, 17.245189
5286.011, 347.254541, 17.037938
22739.911, 347.351708, 17.161244
2291.259, 347.270310, 17.057957
90211.605, 347.338306, 17.138020
6354.115, 347.368548, 17.183416
3772.029, 347.316462, 17.116086
2639.335, 347.220244, 16.991183
9441.176, 347.384366, 17.203117
3082.590, 347.293702, 17.085935
2302.966, 347.198730, 16.963018
33837.087, 347.409805, 17.232395
6095.628, 347.301360, 17.093550
3022.912, 347.416372, 17.242284
6697.875, 347.349362, 17.154064
3031.886, 347.260372, 17.038803
2208.672, 347.194140, 16.951900
5619.470, 347.419487, 17.241892
3788.585, 347.385485, 17.198654
2988.038, 347.194259, 16.949735
1885.055, 347.331076, 17.127009
3776.305, 347.353636, 17.155546
2270.983, 347.408614, 17.226306
12108.676, 347.368653, 17.173428
14693.356, 347.232641, 16.996026
2293.351, 347.384357, 17.194366
3083.713, 347.363916, 17.167612
3388.549, 347.330708, 17.124311
39681.406, 347.382711, 17.188243
3038.252, 347.279044, 17.056872
2300.368, 347.423590, 17.243632
3055.273, 347.416665, 17.234395
4132.736, 347.188661, 16.938184
16585.167, 347.405364, 17.216741
6472.928, 347.298524, 17.079871
4956.743, 347.230118, 16.991613
5231.175, 347.328430, 17.118207
23688.513, 347.291580, 17.067565
6411.610, 347.264949, 17.034764
2988.571, 347.199307, 16.950180
5592.356, 347.182894, 16.928227
11293.458, 347.324368, 17.110792
6453.700, 347.333827, 17.122848
2255.931, 347.207183, 16.959051
4113.145, 347.420835, 17.236046
4607.140, 347.288409, 17.063715
7470.332, 347.238810, 16.997542
24115.338, 347.432644, 17.249553
26756.779, 347.347534, 17.138118
9051.917, 347.219613, 16.972271
4546.403, 347.412656, 17.222742
5239.182, 347.374309, 17.172334
6495.026, 347.217330, 16.967523
2663.273, 347.343241, 17.131035
12038.430, 347.305526, 17.081239
1865.732, 347.243911, 17.001871
11369.345, 347.440449, 17.254526
19225.945, 347.438997, 17.249144
4177.425, 347.338613, 17.122382
5682.581, 347.293244, 17.063101
4576.183, 347.223511, 16.972959
6782.537, 347.358916, 17.147287
8242.332, 347.248871, 17.004843
19945.584, 347.235480, 16.985683
4514.730, 347.346970, 17.131552
62469.827, 347.281065, 17.040348
3827.356, 347.275974, 17.039373
1943.139, 347.260962, 17.019980
4161.089, 347.392586, 17.188365
3020.112, 347.421660, 17.225933
1863.670, 347.413216, 17.215306
6401.437, 347.313577, 17.084404
2719.232, 347.235177, 16.982760
9773.619, 347.185796, 16.917749
2946.692, 347.265621, 17.021598
11596.544, 347.389205, 17.179827
3042.029, 347.366258, 17.151914
4913.625, 347.380236, 17.169107
6799.369, 347.338872, 17.115538
5641.544, 347.255242, 17.006311
5330.490, 347.425111, 17.226614
4529.410, 347.421331, 17.221147
4929.680, 347.377496, 17.163877
4466.983, 347.326232, 17.097230
4536.666, 347.406637, 17.201256
7151.551, 347.362964, 17.142955
5266.109, 347.266158, 17.016673
1867.090, 347.251956, 16.999410
4184.633, 347.402491, 17.193510
6402.379, 347.303435, 17.064773
17072.957, 347.447294, 17.249489
2267.357, 347.336014, 17.105867
6387.357, 347.226667, 16.963552
7222.969, 347.283772, 17.037290
4529.869, 347.239358, 16.979729
6744.863, 347.442041, 17.240512
4935.500, 347.216272, 16.947614
12780.007, 347.428996, 17.220791
3337.665, 347.336171, 17.101112
5680.003, 347.210093, 16.936632
7897.273, 347.445972, 17.241021
4923.619, 347.425478, 17.213807
4540.165, 347.261719, 17.001670
5987.077, 347.231517, 16.962257
9803.287, 347.335563, 17.096920
6814.575, 347.398719, 17.178268
5650.160, 347.327390, 17.085386
4135.547, 347.422462, 17.208778
4553.861, 347.361887, 17.128323
9042.113, 347.333612, 17.091851
2980.223, 347.368482, 17.137009
3779.408, 347.283676, 17.026743
1908.713, 347.245126, 16.977202
2714.071, 347.428910, 17.214612
4920.151, 347.374701, 17.143271
47309.576, 347.396665, 17.165975
3014.833, 347.386500, 17.158117
12045.104, 347.331500, 17.085186
9053.883, 347.255786, 16.987468
2588.395, 347.231479, 16.955983
12112.217, 347.442769, 17.228465
3354.224, 347.425624, 17.207381
6435.810, 347.417027, 17.196279
6830.056, 347.370833, 17.134863
2690.407, 347.447856, 17.234981
1914.280, 347.415654, 17.193376
9487.451, 347.211204, 16.926907
4532.291, 347.431767, 17.213148
27466.067, 347.276962, 17.010776
6425.922, 347.237511, 16.960627
5299.223, 347.218941, 16.936708
11639.010, 347.307023, 17.048370
11244.776, 347.250472, 16.975799
33013.152, 347.456286, 17.240539
15478.457, 347.328985, 17.077858
2970.637, 347.282844, 17.018761
2211.545, 347.429330, 17.208465
7135.286, 347.320413, 17.066595
6748.123, 347.228878, 16.946413
7556.070, 347.436182, 17.215197
4597.291, 347.386128, 17.150342
5591.804, 347.335692, 17.085131
2666.136, 347.200942, 16.910104
3431.032, 347.317815, 17.060973
17321.874, 347.264377, 16.990401
10175.218, 347.442367, 17.221003
2244.888, 347.326879, 17.072497
3821.894, 347.295562, 17.031535
2584.754, 347.341217, 17.090544
8676.679, 347.255781, 16.978558
10947.092, 347.223994, 16.936740
9090.431, 347.334160, 17.079730
3062.250, 347.447991, 17.227580
4890.474, 347.429376, 17.203498
6836.777, 347.305209, 17.041936
16181.409, 347.278078, 17.003919
2247.677, 347.249455, 16.970131
4165.922, 347.247416, 16.965712
33423.195, 347.408010, 17.170942
2293.009, 347.268650, 16.994183
2628.425, 347.289092, 17.019965
3794.608, 347.419167, 17.187907
5601.034, 347.415221, 17.182669
4167.867, 347.368152, 17.121456
74534.027, 347.243117, 16.955092
2271.089, 347.380751, 17.137581
15744.488, 347.266067, 16.986420
5634.063, 347.202995, 16.906272
7155.835, 347.457754, 17.236110
5965.005, 347.313806, 17.049643
5224.116, 347.434867, 17.204930
55963.268, 347.368716, 17.115239
8195.659, 347.375418, 17.127067
8255.149, 347.339583, 17.080269
5710.014, 347.287816, 17.012829
16144.891, 347.355066, 17.098865
24399.091, 347.256161, 16.968733
1897.264, 347.226321, 16.932928
1884.625, 347.441403, 17.211372
6381.563, 347.348094, 17.089947
7891.896, 347.448194, 17.219004
26373.997, 347.406061, 17.162737
7588.546, 347.381827, 17.132848
1905.521, 347.302199, 17.029151
7481.447, 347.432058, 17.196512
4146.146, 347.317352, 17.048371
4441.184, 347.308299, 17.035472
4587.689, 347.358802, 17.100540
14767.999, 347.447813, 17.211961
4121.321, 347.378162, 17.124008
3447.659, 347.325013, 17.054590
1890.406, 347.266669, 16.979281
10099.715, 347.232484, 16.932993
7893.597, 347.412261, 17.166577
1927.797, 347.260575, 16.970370
2985.883, 347.366348, 17.106987
1888.939, 347.248165, 16.953227
4217.633, 347.216193, 16.911787
2653.470, 347.404309, 17.155658
5300.678, 347.335902, 17.066248
9813.144, 347.226770, 16.923404
3027.732, 347.213473, 16.906681
9022.602, 347.403613, 17.152014
2298.600, 347.240634, 16.941817
1904.146, 347.383354, 17.126227
7934.068, 347.259736, 16.964912
4476.483, 347.394774, 17.140003
7941.793, 347.379848, 17.120122
2287.090, 347.289934, 17.004572
3800.151, 347.268122, 16.975850
3773.531, 347.341864, 17.071057
4522.914, 347.455955, 17.218288
9822.656, 347.370071, 17.106312
110001.217, 347.330729, 17.051284
16483.656, 347.240978, 16.937623
7918.540, 347.363407, 17.097108
8209.738, 347.455527, 17.214823
6864.062, 347.449555, 17.208223
1956.518, 347.446654, 17.205419
13961.251, 347.425591, 17.176292
8618.245, 347.418442, 17.167241
7958.190, 347.443974, 17.199754
3769.772, 347.303887, 17.017539
101605.662, 347.231763, 16.912876
1899.269, 347.395505, 17.136369
17736.258, 347.232646, 16.923431
29373.948, 347.405310, 17.145710
1918.155, 347.301065, 17.012822
5756.377, 347.223372, 16.910228
5625.554, 347.465094, 17.223635
3771.037, 347.367871, 17.097627
4159.979, 347.342436, 17.064142
2314.715, 347.390914, 17.127413
3015.885, 347.359340, 17.086122
3758.212, 347.356136, 17.081741
17983.369, 347.294594, 16.998530
6449.268, 347.411778, 17.153041
4113.735, 347.328079, 17.044339
5231.784, 347.220489, 16.904126
5723.711, 347.217945, 16.900711
7480.061, 347.464055, 17.219970
28407.724, 347.300823, 17.004689
11306.537, 347.249457, 16.940579
1893.975, 347.244443, 16.935333
3783.215, 347.317397, 17.029075
10929.283, 347.311179, 17.020417
11366.295, 347.438855, 17.184304
4508.730, 347.416469, 17.157485
5302.312, 347.362628, 17.086165
2653.009, 347.269217, 16.966040
37933.298, 347.257847, 16.948783
3014.912, 347.471809, 17.228422
4519.952, 347.277230, 16.975706
4555.096, 347.432921, 17.176915
7922.975, 347.226606, 16.908181
9460.988, 347.447485, 17.194641
13616.108, 347.325765, 17.035871
8668.237, 347.426922, 17.167399
7893.955, 347.397148, 17.128410
3375.849, 347.352700, 17.071337
6389.411, 347.338860, 17.053315
38179.234, 347.282606, 16.977409
11261.222, 347.392240, 17.120674
3815.799, 347.217829, 16.895761
5969.064, 347.381616, 17.106403
3758.611, 347.460689, 17.208846
34186.311, 347.372184, 17.089820
2269.156, 347.313137, 17.016858
4511.318, 347.349965, 17.063992
1925.707, 347.446126, 17.188336
3734.899, 347.426413, 17.162074
5333.075, 347.299008, 16.996382
5257.779, 347.291314, 16.986733
4093.162, 347.221345, 16.894960
5303.649, 347.374339, 17.093951
2588.611, 347.334849, 17.043172
3373.449, 347.279987, 16.971411
7928.690, 347.406057, 17.132726
21299.795, 347.359258, 17.070101
1895.616, 347.479699, 17.228809
7522.393, 347.474590, 17.221119
2583.995, 347.365806, 17.081124
6789.719, 347.353627, 17.065265
2980.452, 347.425510, 17.157168
9392.373, 347.392212, 17.113287
4890.434, 347.443023, 17.179163
4079.937, 347.418715, 17.146965
3759.398, 347.458081, 17.198239
3014.521, 347.331994, 17.034020
4170.775, 347.250878, 16.928393
13111.656, 347.396807, 17.116313
4167.297, 347.295705, 16.985651
2961.685, 347.437486, 17.169380
18011.396, 347.245218, 16.915828
11651.751, 347.409920, 17.131064
4543.579, 347.346540, 17.048964
80674.641, 347.261417, 16.933081
30787.127, 347.391896, 17.104493
4166.489, 347.303524, 16.992904
21122.771, 347.483247, 17.222969
30126.349, 347.341364, 17.038730
6045.228, 347.468909, 17.205219
1873.691, 347.456088, 17.189796
4870.798, 347.424194, 17.147726
7914.372, 347.402649, 17.119162
4125.224, 347.418134, 17.139584
40974.075, 347.466917, 17.199158
4598.807, 347.462158, 17.195689
2230.386, 347.239973, 16.907152
19528.295, 347.409757, 17.125189
10508.787, 347.480564, 17.216249
2228.687, 347.399010, 17.112348
9429.572, 347.476926, 17.211316
2653.163, 347.244882, 16.911011
7571.905, 347.368844, 17.071225
5329.118, 347.335331, 17.027938
1904.003, 347.235199, 16.898041
17000.298, 347.419176, 17.134230
9370.498, 347.321197, 17.007934
3015.019, 347.283798, 16.960370
12800.066, 347.456225, 17.182726
2293.458, 347.327160, 17.016533
13470.061, 347.270011, 16.939940
11348.024, 347.358295, 17.054636
30967.548, 347.301353, 16.979085
4513.102, 347.446369, 17.168311
9337.564, 347.433135, 17.150719
4866.620, 347.348210, 17.041428
10511.807, 347.341195, 17.031830
6068.833, 347.473870, 17.203177
9677.018, 347.367138, 17.064715
5279.562, 347.314594, 16.996062
15754.976, 347.479716, 17.209086
13893.567, 347.464024, 17.188272
6026.243, 347.416273, 17.127916
3815.306, 347.436664, 17.154556
3012.493, 347.412169, 17.122333
4902.910, 347.355597, 17.048287
1881.391, 347.249135, 16.910705
9733.103, 347.467529, 17.192524
2666.459, 347.381530, 17.081938
12762.018, 347.268571, 16.934007
14309.878, 347.247339, 16.906504
2635.186, 347.354337, 17.045881
4188.466, 347.230686, 16.883852
10494.833, 347.457470, 17.177274
11647.801, 347.380956, 17.077850
1879.685, 347.347901, 17.036281
7133.498, 347.246289, 16.903412
8279.439, 347.288290, 16.956239
6072.808, 347.474015, 17.197488
2627.397, 347.439928, 17.154539
9078.901, 347.462011, 17.181009
2254.635, 347.445606, 17.160901
3404.881, 347.338392, 17.021584
2267.959, 347.271845, 16.935079
3434.897, 347.388407, 17.086024
1918.756, 347.316970, 16.992977
3756.763, 347.268949, 16.930265
3841.986, 347.264650, 16.924798
3040.253, 347.257492, 16.915612
4517.066, 347.437201, 17.148238
1907.104, 347.429927, 17.139574
4931.056, 347.401937, 17.102597
12002.607, 347.362995, 17.050266
17673.352, 347.326797, 17.001603
17373.253, 347.314144, 16.985172
3760.162, 347.385576, 17.079609
13577.787, 347.246815, 16.898413
2308.540, 347.465518, 17.183339
7536.367, 347.457908, 17.171533
4201.379, 347.391317, 17.085455
2296.171, 347.411739, 17.112160
9379.921, 347.404448, 17.100820
2626.124, 347.332552, 17.009368
7602.114, 347.471367, 17.188078
9404.527, 347.409053, 17.106478
4563.964, 347.261489, 16.915704
44474.963, 347.450593, 17.153925
6486.118, 347.430070, 17.133895
72742.047, 347.391743, 17.079713
5252.973, 347.385220, 17.075357
7514.552, 347.341912, 17.019576
5646.609, 347.335568, 17.010832
5354.034, 347.271804, 16.927971
6449.909, 347.265514, 16.920342
53557.230, 347.356258, 17.034874
9825.177, 347.402060, 17.096144
13130.921, 347.374003, 17.058675
3048.616, 347.368276, 17.052705
3040.029, 347.424985, 17.125557
1905.767, 347.471099, 17.184582
7565.102, 347.416615, 17.113469
5249.104, 347.412987, 17.107402
7867.967, 347.462625, 17.170774
6819.929, 347.333277, 17.001495
4063.273, 347.241774, 16.882338
6755.404, 347.444304, 17.145510
8701.237, 347.298065, 16.955916
1901.708, 347.405660, 17.095474
4892.711, 347.469330, 17.176631
1885.707, 347.435118, 17.132727
48432.664, 347.356438, 17.025850
3060.596, 347.374159, 17.052632
3469.167, 347.382299, 17.062367
10865.207, 347.292881, 16.944554
2694.952, 347.264049, 16.908524
56217.714, 347.476794, 17.179954
13605.981, 347.455646, 17.154840
36174.071, 347.352359, 17.017831
10948.768, 347.332076, 16.991592
3467.020, 347.319271, 16.978317
3747.257, 347.445106, 17.140974
13425.209, 347.439849, 17.133609
4545.390, 347.418261, 17.106024
5672.478, 347.404474, 17.088169
27557.547, 347.389454, 17.067091
23757.389, 347.345763, 17.010227
7576.816, 347.309184, 16.964329
7862.882, 347.282234, 16.928906
12059.350, 347.277365, 16.922789
3821.194, 347.297317, 16.948611
6038.329, 347.462419, 17.161915
3058.385, 347.424824, 17.112914
7958.438, 347.385678, 17.061479
21347.577, 347.363318, 17.030673
3791.872, 347.262069, 16.900123
4893.676, 347.453641, 17.147946
4572.424, 347.360959, 17.027898
6462.107, 347.419449, 17.102348
7097.870, 347.489196, 17.191623
13931.642, 347.404630, 17.080822
9808.844, 347.384273, 17.053714
2989.676, 347.374580, 17.044075
2641.834, 347.467804, 17.164472
3433.075, 347.437567, 17.124841
14718.576, 347.322452, 16.973997
2262.929, 347.261150, 16.895809
13867.626, 347.459088, 17.151143
11822.404, 347.372309, 17.037615
6056.226, 347.339140, 16.996358
3758.909, 347.284573, 16.925201
3432.884, 347.505232, 17.211207
2659.108, 347.451745, 17.142241
7917.197, 347.331492, 16.985235
2668.030, 347.245713, 16.873711
2328.105, 347.476840, 17.173741
24318.038, 347.476317, 17.170210
32393.933, 347.363625, 17.023303
2963.454, 347.296774, 16.939393
3421.374, 347.471505, 17.164471
4154.471, 347.449528, 17.136441
4556.670, 347.277289, 16.912492
5636.989, 347.255769, 16.883581
12397.323, 347.381715, 17.045994
4548.062, 347.351275, 17.007139
1895.702, 347.457837, 17.145118
12415.344, 347.415937, 17.088353
3768.448, 347.371177, 17.032734
1871.996, 347.337510, 16.988837
6035.906, 347.489183, 17.184587
2747.085, 347.270066, 16.900889
4951.817, 347.431195, 17.109378
6788.184, 347.397236, 17.064349
1890.941, 347.372923, 17.034145
4974.757, 347.465403, 17.152899
10573.058, 347.414360, 17.084602
3394.997, 347.342179, 16.991833
7546.680, 347.475942, 17.164145
5187.073, 347.312963, 16.952892
22512.007, 347.506469, 17.202289
14358.243, 347.430709, 17.104707
3393.025, 347.385048, 17.045760
2296.004, 347.320070, 16.961737
7891.390, 347.284128, 16.914265
