# Source Fluxes and Coordinates
# Flux (e-/s), RA (deg), Dec (deg)
19808.710, 347.506701, 17.203052
5499.747, 347.364555, 17.022647
2609.686, 347.261746, 16.892534
8047.614, 347.266402, 16.899570
21670.861, 347.496792, 17.195303
4307.557, 347.314719, 16.968340
19021.433, 347.352616, 17.019350
27518.501, 347.356656, 17.025856
16971.122, 347.288356, 16.939062
29704.620, 347.476872, 17.181222
9703.207, 347.294291, 16.947587
99389.552, 347.391987, 17.079282
13934.548, 347.452321, 17.153696
30372.199, 347.272249, 16.927910
2958.732, 347.287904, 16.946158
2448.787, 347.289672, 16.949276
9704.042, 347.263752, 16.921354
4252.125, 347.315320, 16.986003
19866.421, 347.293553, 16.963006
32042.104, 347.457910, 17.176347
3825.009, 347.257303, 16.918740
4712.687, 347.374830, 17.069135
2529.080, 347.284225, 16.953427
3800.994, 347.248299, 16.908820
125858.006, 347.261670, 16.932642
2579.322, 347.328664, 17.013183
2579.553, 347.380565, 17.079902
11008.049, 347.238800, 16.899120
7977.035, 347.301117, 16.979783
8910.023, 347.258068, 16.925665
2166.183, 347.273266, 16.946381
10979.068, 347.310443, 16.997029
44135.767, 347.413278, 17.130337
10323.221, 347.459381, 17.188503
2494.280, 347.236035, 16.905477
12623.260, 347.228465, 16.898557
6775.372, 347.305294, 16.997821
53542.784, 347.233810, 16.912105
41060.535, 347.373416, 17.091131
13886.763, 347.223485, 16.898157
58408.009, 347.258104, 16.948601
20574.267, 347.281053, 16.977901
3366.770, 347.345498, 17.061427
10522.297, 347.478839, 17.233139
4672.197, 347.218017, 16.901042
6311.066, 347.224503, 16.909072
4667.007, 347.239366, 16.928458
64949.005, 347.332214, 17.052240
6334.623, 347.232695, 16.926734
6686.933, 347.249829, 16.948500
13963.504, 347.216647, 16.907689
3367.730, 347.236097, 16.932176
3793.759, 347.282249, 16.992362
3874.651, 347.251499, 16.953982
2994.190, 347.222807, 16.921255
12288.558, 347.227611, 16.930151
71642.873, 347.243658, 16.955191
5014.637, 347.235577, 16.946077
7815.490, 347.360167, 17.113690
6413.482, 347.264452, 16.992212
20597.651, 347.277440, 17.010843
2989.422, 347.284794, 17.018385
3366.924, 347.210786, 16.928824
15156.843, 347.337182, 17.093938
7238.637, 347.205601, 16.926690
7955.203, 347.456580, 17.250665
2984.235, 347.197548, 16.921626
8100.306, 347.210226, 16.945306
10099.281, 347.215111, 16.951161
25302.356, 347.191871, 16.923362
3800.825, 347.223976, 16.962816
14827.032, 347.450777, 17.254844
5468.357, 347.194326, 16.927570
2153.806, 347.266863, 17.023859
10025.162, 347.241797, 16.994650
5991.641, 347.285489, 17.049951
2500.295, 347.187158, 16.924864
5574.915, 347.255480, 17.019737
2568.798, 347.310004, 17.089340
2567.360, 347.336737, 17.129343
69604.371, 347.339572, 17.137530
11342.232, 347.381709, 17.187523
3398.510, 347.205076, 16.961780
11280.843, 347.219814, 16.983549
2545.612, 347.435367, 17.259048
5064.610, 347.234202, 17.003694
2963.306, 347.356168, 17.160755
14282.849, 347.247947, 17.023166
6778.041, 347.191515, 16.952038
100045.747, 347.180272, 16.942980
2554.228, 347.296617, 17.087476
5098.479, 347.341530, 17.146225
74645.459, 347.328664, 17.136032
11396.025, 347.202001, 16.973514
3411.118, 347.257374, 17.044176
170391.843, 347.340257, 17.156022
9675.298, 347.192303, 16.961756
3319.248, 347.307173, 17.109075
3791.039, 347.217581, 16.997051
3800.554, 347.169024, 16.936347
3362.558, 347.173593, 16.941805
2127.072, 347.179090, 16.949938
4226.210, 347.201606, 16.981003
6771.338, 347.212604, 16.994752
4636.625, 347.279047, 17.079990
9651.554, 347.179744, 16.954164
2563.571, 347.216184, 16.999705
6342.928, 347.184324, 16.961528
2957.426, 347.282875, 17.089668
3820.481, 347.174785, 16.952267
32703.410, 347.324274, 17.145764
3009.978, 347.281062, 17.088357
19009.991, 347.219696, 17.014444
7223.922, 347.192888, 16.979616
3816.273, 347.162885, 16.941930
8417.333, 347.244701, 17.048851
7099.901, 347.171765, 16.957004
42067.758, 347.199036, 16.996274
2566.151, 347.231108, 17.033204
79330.061, 347.295276, 17.119472
54404.811, 347.373741, 17.221609
5809.093, 347.161491, 16.949734
2107.314, 347.181448, 16.973846
2499.716, 347.215652, 17.018150
58059.365, 347.352302, 17.198578
28279.934, 347.359593, 17.205635
8416.470, 347.172218, 16.966450
2093.254, 347.231539, 17.041716
4666.467, 347.228768, 17.040966
3413.817, 347.385474, 17.242370
3817.979, 347.163522, 16.959605
8415.730, 347.181874, 16.984309
38605.458, 347.192364, 17.002480
5955.599, 347.196318, 17.006375
2132.362, 347.335640, 17.184686
2128.109, 347.188653, 16.998959
5088.684, 347.180610, 16.989537
7150.759, 347.172219, 16.979363
2971.779, 347.194974, 17.008713
14730.034, 347.345861, 17.204512
3778.822, 347.202602, 17.019416
5499.815, 347.173996, 16.983917
3850.087, 347.150431, 16.953936
32359.297, 347.365288, 17.232781
10153.455, 347.220270, 17.047358
12133.706, 347.227747, 17.058753
5021.659, 347.285343, 17.131840
11023.421, 347.191738, 17.015507
3046.550, 347.161788, 16.976377
2100.339, 347.187651, 17.009515
2567.357, 347.361489, 17.231733
10480.806, 347.247770, 17.088088
18410.244, 347.217650, 17.050988
9369.602, 347.173885, 16.994908
2981.418, 347.271292, 17.118923
2518.544, 347.182728, 17.006410
8427.566, 347.152895, 16.969986
15271.804, 347.163914, 16.984309
2180.714, 347.178175, 17.001663
9323.090, 347.161444, 16.981500
5518.139, 347.175672, 16.999288
64368.111, 347.239648, 17.084486
2135.726, 347.317062, 17.182154
3716.937, 347.379638, 17.262722
3842.217, 347.147644, 16.966446
8900.171, 347.165702, 16.991389
2974.488, 347.263089, 17.115076
2172.297, 347.151982, 16.972919
490931.101, 347.271399, 17.138772
16477.288, 347.140834, 16.965564
3453.920, 347.210876, 17.056446
5105.509, 347.219047, 17.067051
2612.287, 347.264833, 17.126895
2524.966, 347.134395, 16.961314
2121.316, 347.226699, 17.080137
9302.483, 347.179648, 17.021953
5476.056, 347.198091, 17.044568
5916.815, 347.210210, 17.060736
7171.077, 347.280257, 17.150636
2947.587, 347.198983, 17.049831
10135.471, 347.206381, 17.061401
10943.228, 347.128829, 16.964603
5970.898, 347.370088, 17.272535
2521.383, 347.163359, 17.009183
2936.298, 347.228172, 17.091891
2943.352, 347.307089, 17.193742
7169.753, 347.194765, 17.052022
44717.248, 347.234229, 17.104705
5496.199, 347.246611, 17.118219
3805.737, 347.290964, 17.174555
13851.189, 347.230010, 17.098968
9666.406, 347.157802, 17.006736
4191.985, 347.172762, 17.024490
3842.515, 347.144631, 16.989653
175920.701, 347.195802, 17.063614
2534.664, 347.293121, 17.179742
2942.381, 347.149215, 16.996227
4225.654, 347.270193, 17.151793
2942.109, 347.129743, 16.974527
3370.931, 347.151239, 17.002296
163261.723, 347.204739, 17.077092
5527.269, 347.223388, 17.096878
5991.181, 347.162944, 17.020463
3738.035, 347.130471, 16.979445
5492.370, 347.214089, 17.087275
5910.944, 347.167588, 17.028292
10463.616, 347.133718, 16.986397
2529.685, 347.145601, 17.000527
38498.376, 347.161799, 17.024356
4230.826, 347.169117, 17.031856
35086.069, 347.290591, 17.189100
5965.447, 347.142337, 16.998359
59632.323, 347.209261, 17.088113
5516.782, 347.128346, 16.982035
29612.088, 347.305861, 17.211660
3416.110, 347.186743, 17.059670
4683.162, 347.308699, 17.217250
2966.028, 347.134626, 16.994714
2115.451, 347.149208, 17.013210
2943.757, 347.229415, 17.116210
12156.875, 347.161202, 17.030420
4690.818, 347.238965, 17.129465
2968.818, 347.181952, 17.056807
16012.172, 347.119472, 16.980109
10107.533, 347.221557, 17.108790
3764.634, 347.317697, 17.231621
3782.141, 347.356526, 17.281663
13933.688, 347.114502, 16.975705
9667.762, 347.143837, 17.012513
5460.763, 347.164339, 17.037997
3429.712, 347.131039, 16.995531
2973.097, 347.250698, 17.148316
26642.270, 347.356481, 17.285577
180395.857, 347.183354, 17.072136
8018.433, 347.167683, 17.045664
2157.925, 347.231337, 17.126650
3838.484, 347.136741, 17.006212
16192.067, 347.222370, 17.117666
3757.875, 347.331745, 17.255491
7198.492, 347.144371, 17.017074
2142.610, 347.191892, 17.077806
6737.896, 347.200848, 17.089952
2962.708, 347.238334, 17.137354
8378.743, 347.120899, 16.988838
16778.339, 347.112746, 16.980887
3817.819, 347.162478, 17.042547
2969.213, 347.196172, 17.085843
4186.283, 347.117111, 16.985314
2150.239, 347.136323, 17.010187
13716.595, 347.150580, 17.030419
5909.224, 347.169556, 17.053988
6787.346, 347.210170, 17.106930
5534.968, 347.192837, 17.086198
4684.079, 347.197985, 17.092215
3777.370, 347.251831, 17.161534
4969.614, 347.112651, 16.986665
9668.335, 347.136013, 17.017052
2956.914, 347.222641, 17.128385
3388.985, 347.118292, 16.996037
2123.357, 347.331273, 17.268288
2965.457, 347.132200, 17.014062
32839.622, 347.209308, 17.116952
3446.206, 347.225584, 17.134519
3823.980, 347.127212, 17.008984
7168.319, 347.119680, 17.000905
22678.815, 347.148857, 17.041197
2552.740, 347.220464, 17.129844
34765.566, 347.313318, 17.251576
13904.008, 347.102934, 16.983694
56127.974, 347.291174, 17.226916
4281.316, 347.203228, 17.110682
7618.880, 347.213327, 17.124648
2118.554, 347.265255, 17.190458
2536.497, 347.300725, 17.235717
12510.893, 347.168333, 17.070859
5439.807, 347.130758, 17.020786
5859.067, 347.187874, 17.094242
5111.187, 347.232714, 17.150913
9190.719, 347.180187, 17.086227
12638.129, 347.125599, 17.020167
3322.476, 347.134433, 17.026580
29792.808, 347.137776, 17.034703
2901.792, 347.241367, 17.164852
4669.614, 347.320243, 17.265782
5887.282, 347.164951, 17.070232
3418.072, 347.311871, 17.257843
2530.034, 347.354385, 17.311828
3416.729, 347.118542, 17.012475
22911.962, 347.141807, 17.045508
4289.607, 347.184668, 17.098156
3052.306, 347.216901, 17.139593
17314.660, 347.105486, 16.999641
3399.996, 347.179786, 17.092893
6761.122, 347.131787, 17.033199
7240.432, 347.216923, 17.143576
5096.594, 347.134406, 17.038124
3796.555, 347.146935, 17.053907
7594.195, 347.164960, 17.078176
3023.335, 347.354947, 17.320117
2497.729, 347.122774, 17.024580
5469.412, 347.118504, 17.020408
10120.301, 347.156959, 17.071183
12610.527, 347.167946, 17.087398
2125.737, 347.126048, 17.033041
2988.021, 347.110379, 17.014602
34509.755, 347.167533, 17.092473
9762.339, 347.102120, 17.006220
11024.015, 347.175978, 17.101267
55368.283, 347.284501, 17.242072
4654.466, 347.315156, 17.279009
8357.851, 347.098237, 17.003378
2574.482, 347.248954, 17.195689
2092.781, 347.104750, 17.011273
3416.127, 347.105907, 17.013384
59461.274, 347.129005, 17.051283
5478.341, 347.299016, 17.261880
34612.553, 347.121806, 17.038143
5470.763, 347.155556, 17.079861
5048.295, 347.315799, 17.285007
3792.133, 347.175741, 17.106291
64529.654, 347.108075, 17.024168
2069.947, 347.127965, 17.045359
5964.315, 347.199606, 17.138340
2575.511, 347.095027, 17.006386
10539.443, 347.233793, 17.185456
80173.283, 347.154396, 17.088890
6343.227, 347.165725, 17.099660
7577.919, 347.137922, 17.065698
6350.478, 347.169977, 17.107659
2551.567, 347.148663, 17.080047
9623.204, 347.310161, 17.288075
5035.781, 347.132129, 17.060655
53387.654, 347.118495, 17.048832
10128.663, 347.111324, 17.036499
2107.110, 347.322249, 17.305949
2131.445, 347.140677, 17.074748
2939.080, 347.283593, 17.260349
5896.068, 347.114080, 17.044151
95915.282, 347.278272, 17.258830
181983.394, 347.214664, 17.180223
4264.725, 347.155172, 17.098463
2526.337, 347.203385, 17.160546
52367.674, 347.238544, 17.209526
6297.991, 347.108490, 17.040152
2566.791, 347.126639, 17.062480
2981.019, 347.161436, 17.107883
25548.306, 347.205589, 17.166444
14267.219, 347.173206, 17.125293
7207.906, 347.113422, 17.049783
99645.917, 347.125171, 17.069151
9740.499, 347.330544, 17.329844
88499.956, 347.100183, 17.039081
8487.365, 347.134425, 17.079737
121947.647, 347.289832, 17.283202
18597.855, 347.203118, 17.170174
52516.132, 347.138928, 17.093166
4261.099, 347.241901, 17.222780
9721.678, 347.112028, 17.059004
245921.006, 347.169030, 17.137413
6350.995, 347.167026, 17.128935
6336.133, 347.194318, 17.167025
2935.841, 347.123402, 17.076132
25769.713, 347.087025, 17.033404
12328.242, 347.072326, 17.015322
2078.243, 347.140339, 17.100181
10724.276, 347.246508, 17.237021
12576.156, 347.294042, 17.297963
4251.083, 347.163712, 17.131725
6755.731, 347.117700, 17.073510
7643.836, 347.089563, 17.039865
2991.481, 347.118915, 17.076142
6421.545, 347.147455, 17.113000
10950.507, 347.207223, 17.190265
26848.587, 347.210801, 17.196988
13965.307, 347.297079, 17.306704
2066.246, 347.199822, 17.182865
11323.741, 347.143225, 17.111655
2934.247, 347.146915, 17.116387
398070.724, 347.214429, 17.214945
5540.649, 347.267139, 17.270410
6342.421, 347.073329, 17.023764
9202.426, 347.089475, 17.044826
4999.352, 347.069922, 17.019883
39267.777, 347.316080, 17.338104
9266.430, 347.259949, 17.265212
2943.177, 347.168388, 17.149454
6765.589, 347.063710, 17.016750
4211.220, 347.093974, 17.054940
2531.544, 347.135367, 17.107737
2960.402, 347.211973, 17.205699
2069.181, 347.075858, 17.031850
2919.140, 347.174647, 17.158849
15103.563, 347.068021, 17.024231
2964.356, 347.116708, 17.085927
2553.262, 347.111559, 17.080836
2100.470, 347.070342, 17.029062
2914.288, 347.317373, 17.345532
25223.969, 347.080634, 17.044922
2958.686, 347.091595, 17.057513
19737.168, 347.055801, 17.015949
8798.930, 347.059978, 17.019101
5517.380, 347.142783, 17.125424
7973.792, 347.069033, 17.032139
15521.241, 347.115542, 17.093254
2945.447, 347.166013, 17.155232
2935.709, 347.190697, 17.187213
2136.261, 347.170280, 17.161175
72440.780, 347.280312, 17.306279
4583.502, 347.161039, 17.151344
16838.049, 347.091617, 17.064369
69722.059, 347.297091, 17.329922
62862.021, 347.109677, 17.090562
9631.407, 347.059213, 17.024175
21412.294, 347.122610, 17.106676
8876.804, 347.130777, 17.116337
3015.433, 347.197684, 17.200833
7159.269, 347.292360, 17.322314
3774.013, 347.077564, 17.047895
2168.704, 347.213858, 17.224140
5516.776, 347.070968, 17.042693
9230.445, 347.105045, 17.087060
5555.483, 347.112552, 17.095739
10528.807, 347.283971, 17.315043
10559.194, 347.302260, 17.337993
17735.100, 347.062513, 17.035765
2949.279, 347.071493, 17.045352
10983.298, 347.067265, 17.041777
13493.256, 347.141522, 17.137210
2965.226, 347.305594, 17.346438
10892.756, 347.111390, 17.099490
5407.919, 347.189915, 17.200315
6347.840, 347.098719, 17.084209
2142.596, 347.146393, 17.144492
7155.077, 347.173118, 17.179916
5855.040, 347.123497, 17.116634
13403.522, 347.132983, 17.129432
53484.198, 347.072695, 17.057415
18528.981, 347.111872, 17.104668
10577.663, 347.190704, 17.205062
5079.231, 347.051916, 17.028270
2943.642, 347.174060, 17.183789
2161.755, 347.204304, 17.222453
23686.071, 347.093815, 17.083879
24387.913, 347.156459, 17.165228
13952.170, 347.088283, 17.077243
20198.962, 347.153143, 17.161224
9228.615, 347.119655, 17.118315
7223.593, 347.047662, 17.027811
10499.665, 347.074554, 17.062837
12261.120, 347.044662, 17.025090
5520.541, 347.049752, 17.032166
3432.579, 347.196040, 17.218933
4213.981, 347.246415, 17.283475
19279.448, 347.079615, 17.071533
2129.078, 347.151536, 17.163852
3818.872, 347.278150, 17.325781
28924.432, 347.304986, 17.362368
2968.682, 347.090463, 17.086666
5470.157, 347.123440, 17.129478
4660.277, 347.216944, 17.248405
9216.207, 347.071895, 17.065036
7651.493, 347.139385, 17.150904
16877.078, 347.112089, 17.118113
5526.860, 347.118632, 17.124812
3950.128, 347.295692, 17.352354
4202.166, 347.040094, 17.026387
4683.794, 347.102326, 17.106287
12181.383, 347.146345, 17.162912
5910.417, 347.045899, 17.034528
5126.678, 347.054781, 17.045945
17192.697, 347.115902, 17.128096
7148.511, 347.082424, 17.083972
2142.081, 347.133352, 17.148083
2060.254, 347.160162, 17.182394
7194.052, 347.174376, 17.201217
7547.980, 347.229252, 17.271795
10182.751, 347.252287, 17.301201
24941.209, 347.060039, 17.058578
2123.666, 347.290524, 17.350027
97009.159, 347.133369, 17.155158
2113.164, 347.039632, 17.031160
5057.014, 347.096646, 17.104077
2557.168, 347.292177, 17.354759
19229.027, 347.044187, 17.040286
5500.911, 347.054878, 17.052402
8907.551, 347.047337, 17.043752
2686.093, 347.297194, 17.362818
2944.496, 347.037116, 17.030580
50351.372, 347.218207, 17.266065
2083.064, 347.116406, 17.134866
2550.328, 347.118960, 17.138267
5906.451, 347.098940, 17.113670
14253.619, 347.139442, 17.167571
2951.906, 347.076292, 17.086097
4246.898, 347.078707, 17.090103
5065.500, 347.043357, 17.046361
5063.668, 347.085363, 17.099982
14014.817, 347.058084, 17.067078
16966.984, 347.147860, 17.183657
2096.104, 347.186787, 17.232129
5972.050, 347.192067, 17.239293
2555.205, 347.032105, 17.035957
2155.045, 347.084403, 17.103459
2091.929, 347.200889, 17.252511
2498.739, 347.068484, 17.085645
21553.546, 347.218498, 17.279280
4191.163, 347.081073, 17.103084
7584.926, 347.122907, 17.157228
2080.935, 347.130315, 17.165593
6379.330, 347.048126, 17.061589
3378.930, 347.072142, 17.091846
5979.487, 347.133471, 17.171449
4225.724, 347.082128, 17.106109
2514.432, 347.053604, 17.069818
4679.223, 347.130559, 17.168541
114048.180, 347.042828, 17.063268
85307.423, 347.193625, 17.254872
112826.721, 347.090589, 17.125398
5455.148, 347.032561, 17.045124
4673.696, 347.097953, 17.129191
8010.683, 347.063560, 17.085442
3834.519, 347.073241, 17.097698
5540.083, 347.162649, 17.212682
4265.552, 347.086471, 17.115915
17213.322, 347.032720, 17.048892
2905.043, 347.078109, 17.107000
2095.886, 347.068322, 17.095229
15544.105, 347.033215, 17.054071
2553.865, 347.085735, 17.119710
9276.359, 347.138584, 17.188407
42200.573, 347.117255, 17.163983
43367.777, 347.096375, 17.138349
156538.242, 347.104250, 17.152042
2106.526, 347.070916, 17.104667
8392.903, 347.126864, 17.177722
7253.651, 347.054877, 17.085747
5918.472, 347.122116, 17.172738
3771.998, 347.026553, 17.050352
5485.386, 347.029680, 17.055939
5964.088, 347.141171, 17.198159
37998.264, 347.066246, 17.105265
3060.643, 347.077880, 17.117823
14315.340, 347.129156, 17.185229
10478.656, 347.099718, 17.147604
18903.245, 347.021325, 17.047884
16492.649, 347.030451, 17.061642
4679.867, 347.085287, 17.131861
16763.399, 347.228698, 17.316188
3394.767, 347.062424, 17.102782
5472.243, 347.128864, 17.188157
4278.715, 347.243445, 17.334304
4675.074, 347.039205, 17.074078
2533.878, 347.056981, 17.096412
5841.425, 347.147904, 17.214260
5479.937, 347.223124, 17.309639
12999.287, 347.043748, 17.082029
5055.110, 347.124601, 17.184345
6764.138, 347.224173, 17.312174
5950.133, 347.253668, 17.350270
2962.750, 347.277075, 17.378828
5872.825, 347.050152, 17.090992
8871.341, 347.069658, 17.117421
9625.067, 347.132486, 17.197545
2149.331, 347.090630, 17.143688
22727.516, 347.012859, 17.050158
3864.859, 347.054360, 17.099233
9317.855, 347.151988, 17.226259
20259.342, 347.015124, 17.053257
13834.240, 347.020742, 17.058566
7598.558, 347.029488, 17.069856
2133.734, 347.066182, 17.115707
6359.509, 347.192935, 17.278434
3365.062, 347.036724, 17.080097
5101.402, 347.043729, 17.089327
2096.300, 347.073570, 17.127549
37560.249, 347.252137, 17.358625
36633.610, 347.082702, 17.142043
9758.221, 347.146937, 17.223094
3399.276, 347.163875, 17.244454
164130.983, 347.020295, 17.073110
20205.509, 347.028632, 17.076448
10981.842, 347.038499, 17.085801
10947.361, 347.217005, 17.314048
9674.642, 347.024339, 17.068467
4190.303, 347.055623, 17.107743
7202.245, 347.057398, 17.111303
17229.361, 347.060827, 17.117047
3404.354, 347.008259, 17.048610
3393.696, 347.078367, 17.138497
4620.947, 347.213573, 17.311739
2567.147, 347.016039, 17.059556
55258.976, 347.045520, 17.100693
2086.677, 347.037299, 17.088844
3803.311, 347.038309, 17.090642
9746.055, 347.107870, 17.180800
6811.256, 347.151650, 17.236358
3388.228, 347.010820, 17.056093
7656.865, 347.042547, 17.097372
5911.834, 347.055079, 17.113754
7984.262, 347.098390, 17.168814
25273.008, 347.130653, 17.211848
2939.338, 347.215968, 17.319219
20629.556, 347.007026, 17.056503
15075.018, 347.014726, 17.064721
14779.273, 347.071879, 17.139596
16394.485, 347.152076, 17.241499
2965.305, 347.250582, 17.366136
37065.952, 347.030813, 17.089247
19403.090, 347.026651, 17.083082
5120.471, 347.050447, 17.111691
2513.903, 347.082358, 17.152341
14300.582, 347.088734, 17.161774
7632.756, 347.233806, 17.349389
18613.496, 347.138290, 17.229989
2152.294, 347.034068, 17.095698
2531.776, 347.134495, 17.224028
3359.356, 347.043295, 17.109465
56845.560, 347.105611, 17.191989
2960.554, 347.001276, 17.055581
9700.693, 347.044827, 17.112827
2956.611, 347.060169, 17.132285
16369.623, 347.004289, 17.064193
2122.523, 347.113627, 17.201763
13912.216, 346.998938, 17.058162
16021.134, 347.082983, 17.167741
8842.446, 347.065052, 17.143906
19813.248, 347.027201, 17.098525
5970.934, 347.099085, 17.187874
2093.776, 347.001826, 17.062844
292815.206, 347.184566, 17.305259
5499.814, 347.007845, 17.071726
26299.539, 347.018343, 17.088830
2934.092, 347.033093, 17.104734
7561.296, 347.109230, 17.203742
2927.013, 347.035697, 17.108877
77556.604, 347.139013, 17.244909
7992.639, 347.058498, 17.139357
2971.868, 347.072762, 17.156560
2091.250, 347.148623, 17.253727
3747.519, 347.003352, 17.068935
2527.520, 347.028606, 17.103156
8853.711, 347.061333, 17.146089
6332.128, 347.076135, 17.164335
8041.929, 346.993580, 17.059535
8461.721, 347.038443, 17.118527
35331.072, 346.995978, 17.066697
13113.707, 347.039788, 17.121789
20184.733, 347.107380, 17.209742
10564.130, 347.005537, 17.077929
2540.126, 347.229359, 17.363325
5057.950, 347.009211, 17.083402
2557.816, 347.030174, 17.111084
7596.043, 347.200588, 17.330089
11380.259, 346.990266, 17.062451
5537.904, 347.001550, 17.075969
2148.112, 347.149483, 17.264538
7128.176, 347.004968, 17.082516
15122.276, 347.046300, 17.136431
96505.549, 347.058452, 17.155987
6279.781, 347.084894, 17.185819
5518.913, 347.018670, 17.100651
3863.392, 347.092855, 17.195728
6289.452, 347.141263, 17.257941
57030.415, 347.186366, 17.318989
7137.467, 346.992346, 17.069606
3877.601, 347.026083, 17.112452
31451.907, 347.205006, 17.343463
9388.153, 346.993510, 17.073860
2940.805, 347.070635, 17.171110
16400.034, 347.008859, 17.095954
117866.047, 347.133638, 17.257253
5946.887, 347.001285, 17.083787
2581.616, 347.020576, 17.107834
19830.542, 347.208107, 17.349829
4672.575, 347.073658, 17.177203
3810.578, 347.089091, 17.196617
50716.098, 347.166334, 17.298565
8082.731, 346.998499, 17.082173
2985.963, 347.027320, 17.119200
2533.165, 347.046727, 17.144469
2125.417, 347.120376, 17.238867
2995.459, 347.196016, 17.336030
68600.463, 346.985188, 17.075750
7173.908, 347.042452, 17.141572
2571.183, 347.052098, 17.153769
106795.746, 347.023557, 17.121563
4186.958, 347.092373, 17.206316
9719.650, 347.011703, 17.104132
31020.758, 347.231551, 17.386239
9274.713, 347.039574, 17.140080
2583.741, 346.982345, 17.067155
2106.574, 347.034365, 17.133085
2163.071, 347.069172, 17.177944
114939.019, 346.997376, 17.092680
21384.221, 347.045131, 17.149005
4712.059, 347.064664, 17.173767
5505.502, 346.993685, 17.085104
2162.275, 347.220175, 17.374605
3366.751, 347.122658, 17.252661
5052.925, 347.082424, 17.201635
7136.485, 347.158300, 17.300331
68956.140, 347.046763, 17.161107
10137.467, 347.076130, 17.196015
5456.021, 347.117610, 17.248537
4236.249, 347.166332, 17.310274
2114.156, 347.175124, 17.321567
15112.664, 347.015617, 17.120659
2148.136, 347.135989, 17.272275
3392.619, 347.021326, 17.126453
16440.248, 347.150364, 17.292704
2123.142, 347.002241, 17.102615
18932.501, 346.978824, 17.075585
2909.348, 347.070616, 17.190733
81689.316, 347.126757, 17.267929
2111.485, 347.185056, 17.337150
19296.925, 346.989232, 17.088974
4230.171, 347.040382, 17.153509
2978.872, 347.117059, 17.251629
2915.919, 346.998341, 17.100035
9324.420, 347.008884, 17.115161
16837.457, 347.055449, 17.175504
14807.882, 347.005584, 17.113265
3464.441, 347.059204, 17.179993
8041.391, 347.190178, 17.348028
4245.171, 347.063314, 17.186010
3448.215, 347.100404, 17.233237
4662.845, 347.010499, 17.119362
8849.573, 347.038659, 17.156782
5077.011, 347.022446, 17.136241
71428.987, 347.077235, 17.209005
5875.634, 347.192925, 17.354315
7089.614, 346.988348, 17.093093
7616.577, 347.015165, 17.128866
2495.735, 347.025833, 17.141469
16902.264, 347.170491, 17.327495
2621.247, 347.206315, 17.371691
9291.285, 347.215495, 17.384835
7229.114, 347.086852, 17.220575
2510.156, 347.147772, 17.298137
13418.945, 346.991596, 17.101295
5517.590, 347.012074, 17.126377
6349.797, 347.043379, 17.166278
5454.143, 347.100184, 17.238953
2984.129, 347.185160, 17.347335
2998.702, 346.978803, 17.083847
3848.703, 347.032948, 17.154013
19328.008, 347.062228, 17.192610
5057.190, 346.973367, 17.079540
2554.701, 347.035994, 17.159356
15179.689, 347.096745, 17.238569
4217.886, 346.996782, 17.110375
10071.421, 347.155391, 17.313094
6414.155, 347.043723, 17.171116
8439.167, 347.231917, 17.411572
2991.058, 347.068190, 17.203211
3787.749, 347.088761, 17.229762
10445.060, 346.981552, 17.094942
4210.521, 346.985600, 17.098419
4225.905, 347.010967, 17.130992
7123.519, 347.132660, 17.288139
7135.920, 346.970097, 17.080085
24798.350, 347.164518, 17.331992
3918.678, 347.193220, 17.365977
6709.770, 346.989701, 17.106513
4209.850, 347.017082, 17.142380
10133.392, 347.030590, 17.160050
5438.101, 347.036890, 17.167757
2135.493, 347.057931, 17.194128
2566.060, 347.107822, 17.257729
2140.944, 347.226645, 17.409315
4178.651, 347.033824, 17.164436
2104.669, 347.183079, 17.355714
13932.596, 347.007041, 17.134642
10550.827, 347.010371, 17.137942
12187.176, 347.050009, 17.188606
12655.572, 347.054513, 17.194735
2620.824, 347.064535, 17.206419
4677.857, 347.088957, 17.237362
25601.320, 346.985603, 17.108090
10066.231, 347.153402, 17.321678
21758.255, 346.965099, 17.082845
16427.370, 346.988079, 17.112698
2580.585, 347.026134, 17.159810
5492.677, 347.103553, 17.259943
13097.876, 346.977291, 17.098443
6733.133, 347.069170, 17.216155
8009.924, 347.077161, 17.226295
9229.510, 347.100578, 17.256652
4264.325, 347.055613, 17.198931
37388.971, 347.127081, 17.292956
6723.294, 347.002632, 17.133360
7629.795, 347.028811, 17.166702
9345.169, 347.039559, 17.180453
8446.030, 347.062387, 17.209853
205517.377, 347.068674, 17.224354
8860.299, 347.169731, 17.348736
2570.853, 347.085317, 17.240288
15648.692, 346.971218, 17.097042
5488.198, 346.993700, 17.124946
38647.520, 346.996366, 17.131709
2145.941, 346.962950, 17.085644
11326.512, 347.005281, 17.140826
2079.283, 347.048007, 17.194769
4243.449, 347.053650, 17.202264
5117.475, 347.095900, 17.256259
4262.854, 346.986763, 17.117496
22188.715, 347.022901, 17.166487
15206.785, 347.124454, 17.296909
5108.130, 347.127969, 17.300818
6785.776, 346.958022, 17.084548
13509.895, 347.076708, 17.236805
23079.169, 346.979492, 17.113007
22361.959, 347.092323, 17.258607
6282.764, 346.959776, 17.088112
27757.911, 347.016041, 17.161608
2187.431, 346.990241, 17.126887
2165.423, 346.973719, 17.106134
13558.292, 346.965772, 17.098096
14293.383, 347.025727, 17.175419
6253.463, 346.997580, 17.138988
8813.476, 346.988094, 17.128026
2978.228, 347.042984, 17.196869
9279.873, 346.959093, 17.091827
16366.636, 346.969540, 17.106179
2140.615, 346.985413, 17.123902
4677.673, 347.056997, 17.218201
3466.179, 346.955712, 17.089105
3005.933, 346.991764, 17.134955
5092.822, 346.997092, 17.142542
7614.456, 346.981565, 17.124294
56240.151, 346.973731, 17.116041
70840.856, 347.068000, 17.239296
3827.011, 346.964826, 17.104345
6750.101, 346.984361, 17.129900
115979.577, 346.994099, 17.148109
2138.036, 347.022501, 17.178920
21932.993, 347.008051, 17.163404
10529.871, 347.002750, 17.156984
5914.799, 347.019981, 17.179583
45025.147, 346.951659, 17.093647
11263.338, 346.977532, 17.126048
7978.104, 346.987612, 17.139669
7998.206, 347.146198, 17.342661
6397.128, 347.080174, 17.259023
2564.562, 347.034489, 17.201201
3365.360, 347.121911, 17.312773
6745.341, 346.957731, 17.103961
2097.677, 346.965013, 17.112641
6788.917, 346.998948, 17.156530
4613.857, 347.083269, 17.265131
4197.786, 347.037294, 17.207521
5510.047, 347.044396, 17.217031
3392.181, 347.080597, 17.263101
3813.807, 347.098698, 17.286208
4622.885, 347.027983, 17.196343
2534.178, 346.972563, 17.125950
11807.872, 347.020910, 17.189688
7120.599, 347.162408, 17.371024
3003.506, 346.954116, 17.104880
96356.587, 347.087729, 17.282840
28237.877, 346.957679, 17.110639
18866.406, 346.982767, 17.144635
21003.990, 346.997068, 17.162894
7607.298, 347.107844, 17.302881
19298.020, 346.946642, 17.097984
3411.202, 347.016389, 17.185911
2525.891, 346.964357, 17.119711
9633.917, 347.060783, 17.245184
6330.218, 347.133549, 17.336401
2133.977, 346.972674, 17.131205
33555.678, 347.027672, 17.203109
19371.154, 347.157332, 17.370879
41919.859, 346.976469, 17.142195
4664.077, 347.057624, 17.240471
18149.593, 346.990772, 17.156678
4188.176, 347.003467, 17.171798
40366.373, 347.007061, 17.182470
4591.302, 347.042359, 17.222449
15620.674, 347.015138, 17.188418
8027.055, 346.948120, 17.103633
9284.581, 346.956973, 17.115197
2090.675, 347.191519, 17.413027
10969.383, 346.941545, 17.096065
6319.943, 346.954168, 17.111109
2532.176, 347.063162, 17.250606
17714.468, 347.073670, 17.266380
4676.828, 347.161666, 17.376131
2607.444, 347.180807, 17.400362
2886.802, 347.064793, 17.252664
39088.593, 346.956680, 17.119539
18581.898, 347.044662, 17.230434
2966.842, 347.076911, 17.269242
3772.837, 347.132812, 17.340571
23122.248, 346.984490, 17.152734
3794.687, 347.030551, 17.210875
13952.416, 347.017584, 17.197479
3807.805, 346.943241, 17.100550
3344.413, 346.962798, 17.125327
5946.461, 347.023627, 17.204012
4241.248, 346.996621, 17.169420
20288.997, 347.037954, 17.223979
3372.022, 347.151417, 17.367077
21847.259, 347.180656, 17.406048
5915.720, 346.970774, 17.137067
16865.389, 346.943461, 17.104952
21910.433, 346.951462, 17.116031
136726.409, 347.124356, 17.338835
37377.031, 346.945771, 17.110722
3388.433, 347.040218, 17.226741
147457.373, 346.986913, 17.169312
63707.543, 346.994666, 17.173259
11401.892, 347.069176, 17.265778
7975.223, 347.074066, 17.272210
2145.454, 347.174599, 17.399076
8905.127, 347.017879, 17.200883
6783.562, 347.078437, 17.278559
9704.394, 347.091607, 17.295476
2120.080, 347.094479, 17.299455
2132.199, 346.973588, 17.145472
8388.719, 346.955783, 17.123913
3836.526, 346.967577, 17.138492
3778.989, 346.983134, 17.158200
7226.162, 347.018807, 17.206035
2967.652, 347.134000, 17.352749
3394.458, 346.974090, 17.148680
44888.421, 347.002917, 17.188458
8847.212, 347.042705, 17.236976
2078.637, 347.165008, 17.392802
3354.478, 346.977878, 17.154661
4649.082, 347.037169, 17.230100
7165.882, 347.049044, 17.245867
2132.925, 347.187716, 17.422585
10900.158, 346.999453, 17.183579
10513.023, 347.012226, 17.200105
2964.814, 347.084798, 17.292019
24521.529, 346.935119, 17.102763
12148.943, 346.939875, 17.108306
97333.969, 347.007089, 17.198360
2113.481, 347.044269, 17.242218
4687.805, 346.967963, 17.144968
7142.791, 346.994523, 17.179606
5075.644, 347.036536, 17.233864
5076.914, 346.945294, 17.117014
21887.652, 346.947798, 17.122158
3391.049, 346.960057, 17.135567
6767.301, 346.964498, 17.142031
2577.069, 347.115559, 17.335263
17227.807, 346.938146, 17.112792
19371.246, 347.119277, 17.343342
4238.889, 347.079945, 17.292350
8101.314, 347.115831, 17.338969
33884.229, 346.962698, 17.147041
9258.215, 346.975549, 17.160306
4204.730, 347.029519, 17.229537
4181.490, 347.040278, 17.243441
6741.962, 346.942276, 17.118639
24373.933, 346.947438, 17.127003
7158.070, 346.957651, 17.139313
14761.705, 346.965980, 17.150169
5084.066, 346.989481, 17.180064
5841.573, 346.959567, 17.142624
16455.370, 347.032991, 17.237754
3874.796, 347.060250, 17.270928
13806.821, 346.933028, 17.111267
26069.507, 346.989545, 17.185307
2994.075, 347.093640, 17.313915
4262.969, 346.969490, 17.156088
9244.897, 347.025630, 17.229582
9681.133, 347.083146, 17.303190
5955.857, 346.928417, 17.105475
2613.019, 347.037214, 17.244174
9671.809, 346.958485, 17.145858
10496.289, 346.971831, 17.162454
6775.244, 346.983437, 17.176730
2523.040, 347.017387, 17.219143
2130.227, 346.993880, 17.189551
2173.809, 347.149887, 17.389327
11342.241, 347.041169, 17.252957
15577.459, 346.935207, 17.117767
8029.015, 346.945060, 17.129288
2944.507, 346.950896, 17.136435
403938.706, 346.969158, 17.170304
11350.058, 347.071438, 17.291350
3395.798, 347.151834, 17.393410
13116.848, 346.954430, 17.142262
34453.813, 346.965438, 17.159331
10034.298, 347.010518, 17.214569
16907.409, 346.997141, 17.198272
12667.866, 347.026473, 17.237305
3445.148, 347.176098, 17.426961
10079.358, 346.993773, 17.195446
8865.111, 346.979444, 17.178342
33971.079, 346.942586, 17.134382
21098.247, 346.960130, 17.155468
2153.494, 347.045431, 17.262037
7990.406, 346.936094, 17.123607
2165.129, 347.035427, 17.249947
12161.149, 346.928506, 17.114821
11752.484, 347.011343, 17.221723
13586.171, 347.057876, 17.281012
4296.533, 347.167254, 17.421512
4141.627, 346.930470, 17.119146
4597.970, 347.022447, 17.237212
2560.356, 347.101002, 17.337490
11819.874, 346.945148, 17.140399
2111.826, 347.134491, 17.380641
17223.750, 346.976433, 17.181293
12538.276, 346.988803, 17.196281
8901.819, 346.953853, 17.151977
108038.528, 347.010119, 17.228694
2989.629, 347.017292, 17.234470
12644.540, 346.920700, 17.112606
19362.980, 346.927443, 17.123018
11720.123, 346.935185, 17.131744
7120.929, 347.000316, 17.214164
5402.826, 346.991885, 17.204403
4186.657, 346.987881, 17.199454
14290.247, 346.994278, 17.209375
28113.570, 346.949614, 17.154423
2969.627, 346.998019, 17.213077
3793.078, 347.001021, 17.217317
6268.967, 347.173002, 17.437408
21856.931, 346.976294, 17.189273
2623.437, 347.019620, 17.241910
3872.793, 346.984020, 17.197100
6328.540, 346.941280, 17.143862
22589.465, 347.053897, 17.287427
12619.088, 347.085576, 17.329053
26016.187, 346.945146, 17.151204
62319.861, 346.916068, 17.116826
13502.179, 346.930374, 17.131386
10077.520, 347.026739, 17.254454
12582.702, 346.983924, 17.201807
2992.547, 347.107136, 17.357109
17599.501, 346.967919, 17.181239
13635.035, 346.993979, 17.215104
4666.534, 347.006300, 17.229628
9582.935, 347.056846, 17.295715
15541.327, 346.933574, 17.138610
8877.534, 346.935926, 17.142312
24764.644, 346.959566, 17.174573
6743.022, 347.008549, 17.236415
9629.794, 347.097100, 17.349869
33194.518, 346.986644, 17.211559
115219.531, 347.072285, 17.323035
24325.886, 346.964281, 17.184350
12156.791, 347.053386, 17.295235
11662.931, 347.149449, 17.418750
3340.369, 346.925178, 17.131375
2540.230, 347.039817, 17.277934
114914.586, 347.103470, 17.364804
5505.233, 347.027334, 17.263587
5485.025, 347.092243, 17.347533
4202.712, 346.930576, 17.141422
7219.611, 346.996984, 17.225363
13934.802, 346.918200, 17.125849
2139.502, 346.960903, 17.179737
8920.281, 347.060415, 17.308153
4602.400, 346.923160, 17.132638
15986.751, 346.973319, 17.197620
6700.733, 346.925394, 17.136266
63535.360, 346.947850, 17.167586
7151.597, 347.005122, 17.239130
7648.323, 347.092711, 17.352082
36585.126, 346.911095, 17.121205
4602.564, 346.935832, 17.150957
10488.833, 347.095528, 17.355993
20079.135, 346.930017, 17.147049
6770.489, 347.009040, 17.245724
8875.497, 347.077629, 17.333502
38393.961, 347.121189, 17.393019
85716.262, 347.012617, 17.255894
8087.303, 347.047468, 17.296455
5556.623, 347.131372, 17.403108
7532.544, 346.972950, 17.201895
20969.627, 346.920033, 17.136842
9619.188, 346.963984, 17.192109
39929.713, 347.002112, 17.245729
3804.274, 347.073019, 17.330965
43821.615, 347.148460, 17.430363
58744.176, 346.935204, 17.159110
34009.650, 346.958361, 17.187045
10220.633, 346.967385, 17.197719
39072.088, 346.931337, 17.152891
6830.518, 346.996276, 17.235521
7587.294, 347.076798, 17.337756
13944.137, 347.109956, 17.381099
13085.183, 346.925654, 17.145682
3019.851, 346.940340, 17.163248
4686.494, 346.950597, 17.177780
26531.242, 346.977304, 17.214783
6365.917, 347.106353, 17.376252
9263.566, 346.947194, 17.173614
40704.272, 347.045561, 17.303733
21879.745, 346.980472, 17.219893
2092.367, 347.025558, 17.275237
28641.107, 346.959381, 17.192836
7572.752, 346.917772, 17.139038
15979.768, 347.016678, 17.268935
8928.343, 347.153559, 17.440494
73429.568, 346.939160, 17.172052
23139.030, 347.004151, 17.251776
9657.569, 347.037753, 17.293166
2965.792, 347.065002, 17.327379
16987.754, 346.970798, 17.209679
24317.665, 347.073520, 17.340765
4626.189, 347.094641, 17.366188
18921.398, 346.913536, 17.136624
30697.280, 346.906392, 17.129372
10123.319, 346.922997, 17.148446
9759.400, 347.019553, 17.272741
9759.919, 346.910757, 17.133615
10993.268, 346.952091, 17.187018
15089.899, 347.007771, 17.260258
2543.871, 346.945735, 17.179203
9716.012, 347.115895, 17.398686
2906.174, 346.943430, 17.176947
12543.246, 347.053605, 17.319396
7155.432, 347.074826, 17.345771
13093.462, 346.975054, 17.219957
3351.588, 346.916677, 17.144138
3804.770, 346.948121, 17.184257
2576.081, 346.957656, 17.196436
21154.698, 346.977414, 17.223718
24885.346, 347.047363, 17.312749
29077.410, 346.918638, 17.149969
2965.515, 347.107939, 17.389625
5944.602, 347.141632, 17.432919
10599.757, 347.074955, 17.349453
24434.697, 346.929707, 17.165858
7253.407, 347.017661, 17.276185
2161.680, 347.133555, 17.423094
4640.505, 346.915837, 17.146268
2151.011, 346.922000, 17.153248
4169.335, 346.943876, 17.181557
7564.867, 346.946279, 17.187092
4255.606, 346.986589, 17.237416
2113.558, 347.019625, 17.279450
40138.202, 346.955714, 17.200536
5086.488, 347.068229, 17.343731
10125.902, 346.908255, 17.139542
8533.710, 346.924829, 17.161215
5084.919, 346.941163, 17.181750
2919.083, 347.031292, 17.297013
3785.276, 347.115255, 17.404132
3017.497, 346.947918, 17.190836
2087.424, 346.903826, 17.134827
8911.155, 347.049228, 17.321291
