# Source Fluxes and Coordinates
# Flux (e-/s), RA (deg), Dec (deg)
40919.695, 347.435739, 17.077021
3608.530, 347.318283, 16.926753
88185.813, 347.259922, 16.864489
4650.559, 347.274252, 16.877409
10138.994, 347.316072, 16.932546
3151.883, 347.284769, 16.893487
22342.389, 347.483339, 17.152133
3619.383, 347.319858, 16.945363
10891.659, 347.301798, 16.924443
35797.802, 347.352875, 16.992809
8305.227, 347.253828, 16.869853
71742.866, 347.507885, 17.201276
11364.012, 347.249062, 16.874229
4735.196, 347.256291, 16.881297
25436.578, 347.475978, 17.167941
4214.040, 347.249299, 16.880385
50525.385, 347.429523, 17.114385
2567.186, 347.275339, 16.915437
15143.115, 347.244309, 16.877155
2594.320, 347.342291, 17.003980
9383.238, 347.255923, 16.894886
14477.158, 347.356222, 17.025481
13484.655, 347.240161, 16.880470
119130.023, 347.392488, 17.080132
4214.065, 347.306475, 16.967227
7795.001, 347.278461, 16.940972
4665.944, 347.235798, 16.887269
18034.694, 347.273528, 16.938950
8521.650, 347.457886, 17.174982
171819.146, 347.261872, 16.932916
6194.520, 347.231472, 16.890050
2630.894, 347.237293, 16.896205
4758.399, 347.268654, 16.940457
11294.199, 347.245072, 16.914451
4751.072, 347.315696, 17.004533
3647.861, 347.228842, 16.894313
6341.997, 347.292996, 16.976815
11439.716, 347.224478, 16.890339
6722.223, 347.232470, 16.901648
5837.527, 347.236797, 16.907108
5148.715, 347.250690, 16.926696
3605.990, 347.294941, 16.985291
82527.001, 347.233761, 16.912235
4710.200, 347.222454, 16.894333
13570.859, 347.229110, 16.903474
7252.093, 347.257787, 16.942966
2610.483, 347.221704, 16.896755
8864.486, 347.229317, 16.908420
71227.971, 347.257574, 16.948978
3169.249, 347.281757, 16.977054
3161.098, 347.301103, 17.002245
4173.553, 347.277673, 16.974142
2607.627, 347.280098, 16.978467
23883.530, 347.243243, 16.933115
3663.649, 347.231425, 16.918188
5654.798, 347.218342, 16.902385
64341.312, 347.332169, 17.052193
5681.004, 347.290774, 16.996779
15515.569, 347.353169, 17.077954
3687.314, 347.232646, 16.922648
16738.859, 347.257166, 16.955994
2622.896, 347.246926, 16.942655
11414.596, 347.236088, 16.931845
35401.366, 347.341343, 17.071324
5250.450, 347.217256, 16.910820
11953.959, 347.219072, 16.914414
8896.355, 347.236488, 16.936595
50392.725, 347.365021, 17.105989
109013.500, 347.243962, 16.954593
2604.617, 347.214490, 16.911993
9364.574, 347.205821, 16.903846
4126.581, 347.281111, 17.001448
10428.142, 347.223434, 16.930239
8367.655, 347.253023, 16.968232
5193.823, 347.204479, 16.906444
5206.671, 347.210394, 16.915296
3628.488, 347.273898, 16.998617
6342.811, 347.275633, 17.001897
3107.299, 347.234211, 16.950756
3631.462, 347.235786, 16.954410
8821.585, 347.209200, 16.922662
7255.498, 347.223126, 16.939455
2583.715, 347.276716, 17.007959
4125.315, 347.212318, 16.928025
5152.057, 347.214713, 16.931269
4194.988, 347.268062, 17.003051
15564.993, 347.201060, 16.918780
4201.962, 347.225776, 16.948960
9968.820, 347.303967, 17.053161
4217.106, 347.210261, 16.938526
8754.063, 347.203822, 16.931567
17735.836, 347.218931, 16.953916
3161.144, 347.236285, 16.977558
10342.872, 347.202315, 16.935539
2606.326, 347.207041, 16.940836
11517.062, 347.213908, 16.950843
2627.394, 347.198354, 16.933736
7766.858, 347.194243, 16.930063
2562.041, 347.262935, 17.018229
5784.349, 347.195838, 16.935353
3166.633, 347.236034, 16.988263
14078.278, 347.196830, 16.940363
5246.902, 347.197942, 16.944070
5632.644, 347.206989, 16.956196
5629.225, 347.190840, 16.936723
4125.461, 347.290558, 17.064933
3643.035, 347.194988, 16.942976
9878.310, 347.266683, 17.036693
7766.607, 347.182075, 16.928588
11901.432, 347.177782, 16.924013
8874.509, 347.216549, 16.973178
3604.554, 347.221749, 16.981032
70757.265, 347.340149, 17.136976
10349.944, 347.189006, 16.941305
7824.703, 347.176585, 16.929397
147308.448, 347.180217, 16.942525
3558.310, 347.201603, 16.962520
3120.568, 347.189086, 16.949544
4707.670, 347.280958, 17.068038
5265.754, 347.177943, 16.936464
8823.170, 347.194294, 16.957319
5152.298, 347.208301, 16.975953
4664.561, 347.205324, 16.972468
62532.595, 347.328798, 17.136456
4216.415, 347.199421, 16.967590
7319.792, 347.208137, 16.979864
209332.411, 347.340414, 17.155719
24385.384, 347.173654, 16.938123
2583.799, 347.188611, 16.954900
8762.419, 347.249561, 17.036805
5773.920, 347.203351, 16.978617
37085.595, 347.391050, 17.221480
4698.239, 347.167396, 16.934972
10408.825, 347.164793, 16.933476
12467.254, 347.178093, 16.954119
23433.458, 347.173940, 16.951477
3644.146, 347.232328, 17.024773
9352.462, 347.184330, 16.964079
24382.016, 347.220493, 17.015946
8802.075, 347.195201, 16.982212
8757.866, 347.164662, 16.945437
5204.195, 347.243607, 17.046396
39529.110, 347.195058, 16.986415
6790.083, 347.206901, 17.001075
4259.269, 347.222700, 17.021172
82184.457, 347.295222, 17.118731
4773.310, 347.170238, 16.954793
6198.749, 347.226629, 17.028808
8880.705, 347.184507, 16.975593
23543.667, 347.374172, 17.220728
31178.321, 347.159684, 16.945800
8843.977, 347.195806, 16.990796
25373.619, 347.255682, 17.068704
33081.509, 347.172558, 16.964832
6760.765, 347.155456, 16.940295
8776.838, 347.168266, 16.957392
15574.199, 347.231236, 17.040988
8841.935, 347.173853, 16.968549
5191.081, 347.353143, 17.199060
12379.834, 347.152103, 16.942390
3618.903, 347.177703, 16.974393
8802.168, 347.196300, 16.998682
3653.804, 347.244484, 17.060898
20264.642, 347.165058, 16.961190
4795.566, 347.214651, 17.025542
5682.213, 347.230940, 17.046924
2641.515, 347.349237, 17.198414
26039.044, 347.193024, 17.003117
5175.056, 347.190686, 16.999009
3660.566, 347.214237, 17.030179
7286.780, 347.205706, 17.020619
2662.965, 347.149399, 16.948268
5203.023, 347.157637, 16.960801
7245.695, 347.179817, 16.989943
4154.366, 347.245767, 17.073812
5697.054, 347.149318, 16.951250
6718.552, 347.149509, 16.953860
13451.461, 347.199010, 17.019868
12007.039, 347.181652, 16.998114
4257.556, 347.191547, 17.009703
9352.517, 347.163867, 16.975757
2629.983, 347.194654, 17.016024
5237.707, 347.140673, 16.949246
5725.580, 347.147289, 16.958508
10373.065, 347.157247, 16.973993
4707.773, 347.146176, 16.961046
5681.093, 347.219181, 17.054866
4256.207, 347.152354, 16.969107
5195.639, 347.194660, 17.024250
54670.383, 347.135582, 16.955381
5245.966, 347.144162, 16.962519
6324.282, 347.201742, 17.036834
29751.582, 347.176506, 17.007685
11918.269, 347.187869, 17.020380
4253.048, 347.180488, 17.011695
546021.106, 347.271416, 17.138775
3190.073, 347.195019, 17.032020
6217.348, 347.200985, 17.043290
3113.042, 347.206308, 17.049651
3674.282, 347.146327, 16.973295
45680.256, 347.133286, 16.962452
7268.431, 347.161910, 16.995966
7277.101, 347.202892, 17.048366
10990.948, 347.192699, 17.036057
8877.138, 347.239379, 17.095926
7298.672, 347.222065, 17.075139
11521.341, 347.247208, 17.110060
6792.358, 347.138726, 16.970400
2623.955, 347.149329, 16.983705
20267.575, 347.210710, 17.066670
14976.613, 347.170112, 17.015532
20297.709, 347.125754, 16.962937
2624.698, 347.132748, 16.968829
54789.772, 347.240117, 17.109478
60432.995, 347.233367, 17.104159
10380.494, 347.154684, 17.001808
18724.008, 347.175858, 17.028838
3094.129, 347.144246, 16.987703
289411.582, 347.195969, 17.063845
4207.857, 347.216810, 17.081889
5203.982, 347.168411, 17.020825
4178.509, 347.126761, 16.969599
195716.884, 347.205120, 17.076943
19334.919, 347.135883, 16.982900
28537.460, 347.132589, 16.979155
4180.793, 347.251727, 17.132431
17203.905, 347.160338, 17.016916
25880.695, 347.144500, 17.000230
10412.025, 347.189720, 17.057309
17735.331, 347.154239, 17.013585
14472.660, 347.130130, 16.983004
3131.314, 347.261395, 17.150432
7317.886, 347.181287, 17.049468
3610.980, 347.118789, 16.969479
8300.300, 347.175602, 17.043789
2585.223, 347.119647, 16.971361
18109.114, 347.127617, 16.985672
10914.394, 347.131795, 16.990774
9336.454, 347.186178, 17.060966
5194.174, 347.213966, 17.096931
17602.170, 347.151540, 17.018827
12904.458, 347.191790, 17.069338
4662.282, 347.169668, 17.041846
6263.588, 347.114505, 16.973499
2583.900, 347.193600, 17.074753
4150.707, 347.230562, 17.122308
2616.326, 347.117103, 16.976877
12503.090, 347.153765, 17.024948
4245.695, 347.138886, 17.005211
2568.755, 347.132703, 16.998041
3173.585, 347.117491, 16.979457
4188.029, 347.120649, 16.983172
21775.897, 347.142045, 17.013963
3651.360, 347.171643, 17.050629
222011.581, 347.183140, 17.071658
5737.338, 347.204871, 17.093187
4126.336, 347.132948, 17.001326
2619.450, 347.226839, 17.122470
2577.819, 347.137688, 17.009734
13481.068, 347.161296, 17.041159
5240.057, 347.179007, 17.063645
9314.667, 347.109110, 16.975631
6793.799, 347.119054, 16.987059
13680.635, 347.111978, 16.979772
18634.304, 347.129255, 17.003462
4804.640, 347.106480, 16.972997
20295.519, 347.137259, 17.013873
7819.107, 347.120945, 16.995207
4681.211, 347.153414, 17.036148
7811.303, 347.187008, 17.079273
9956.842, 347.130827, 17.008695
24407.607, 347.160071, 17.048963
13985.224, 347.113501, 16.989646
24864.695, 347.119105, 17.000653
11946.629, 347.130457, 17.012970
7299.667, 347.134639, 17.018018
4157.778, 347.224493, 17.133332
3205.627, 347.205659, 17.110170
48888.451, 347.313261, 17.251252
4713.679, 347.143597, 17.031126
7309.977, 347.135928, 17.022315
15012.430, 347.209717, 17.118040
8870.274, 347.108438, 16.988215
6815.134, 347.180085, 17.080906
7770.649, 347.151622, 17.045093
28003.931, 347.099616, 16.981573
9884.921, 347.153552, 17.049045
4142.680, 347.198474, 17.106524
2580.509, 347.133768, 17.023796
18730.199, 347.290231, 17.226432
3687.073, 347.104505, 16.988078
22230.767, 347.168480, 17.072398
6794.454, 347.187373, 17.096210
2595.398, 347.177073, 17.083340
12943.392, 347.116239, 17.007407
6621.893, 347.100699, 16.987717
2635.211, 347.155143, 17.058372
8335.368, 347.101349, 16.991220
3113.651, 347.159473, 17.064419
8883.632, 347.168212, 17.078004
34700.252, 347.132588, 17.034572
14981.508, 347.111426, 17.006500
7282.741, 347.199975, 17.119599
5760.002, 347.096374, 16.988857
5729.237, 347.113882, 17.011205
4687.821, 347.123966, 17.024651
5799.883, 347.161442, 17.073196
55895.561, 347.186501, 17.108116
3126.947, 347.092810, 16.986458
3152.989, 347.142888, 17.050775
4716.354, 347.200574, 17.125724
2577.405, 347.114550, 17.015441
20716.064, 347.155203, 17.069387
2581.654, 347.101450, 17.000268
12852.123, 347.128425, 17.035614
2641.707, 347.120990, 17.026613
3138.206, 347.149978, 17.063372
37799.744, 347.115571, 17.023722
26923.302, 347.122847, 17.031187
16052.268, 347.089571, 16.989982
10916.148, 347.104077, 17.008132
18211.775, 347.100373, 17.004326
28531.200, 347.094154, 16.999619
11918.269, 347.097691, 17.002218
8881.787, 347.135922, 17.050542
18808.356, 347.284423, 17.242335
5186.005, 347.168627, 17.093463
4221.029, 347.166413, 17.091026
10882.701, 347.124670, 17.039246
2566.290, 347.107050, 17.016393
10859.100, 347.169595, 17.098690
4705.923, 347.188392, 17.122144
77813.759, 347.154891, 17.088296
2628.067, 347.086263, 16.992054
45566.913, 347.106699, 17.025058
3150.549, 347.221437, 17.167541
8294.722, 347.140713, 17.065108
31136.835, 347.112544, 17.031635
53767.930, 347.128392, 17.052496
4195.126, 347.206018, 17.149088
12389.302, 347.125543, 17.048326
4169.657, 347.163987, 17.095664
29120.597, 347.086100, 16.999840
5785.686, 347.102781, 17.019379
13440.848, 347.080918, 16.994481
5179.968, 347.133996, 17.062361
60526.698, 347.118410, 17.046175
25936.508, 347.096810, 17.019168
11985.885, 347.176378, 17.118441
4704.414, 347.162752, 17.101520
3166.373, 347.192746, 17.139258
3600.272, 347.102824, 17.024765
2594.982, 347.140667, 17.072963
15592.988, 347.105812, 17.030287
20698.404, 347.079770, 16.999143
5725.224, 347.089094, 17.010096
7768.332, 347.181111, 17.127855
12457.442, 347.184455, 17.133239
4093.084, 347.119647, 17.050922
9891.359, 347.140074, 17.077416
246054.068, 347.214787, 17.179759
81898.671, 347.277754, 17.259255
3163.343, 347.100557, 17.028009
6791.984, 347.111596, 17.043104
156867.001, 347.125108, 17.068344
7821.011, 347.143561, 17.083694
57822.943, 347.238997, 17.209411
3645.053, 347.083542, 17.006972
3130.669, 347.106441, 17.036268
9939.788, 347.074387, 16.996566
2560.337, 347.084851, 17.009208
9264.422, 347.088068, 17.014719
32651.587, 347.111470, 17.047186
2639.725, 347.095586, 17.025231
4139.674, 347.135625, 17.076578
5248.627, 347.197740, 17.157738
10383.552, 347.193152, 17.153756
142702.892, 347.289901, 17.283047
100815.901, 347.099487, 17.038182
10937.601, 347.080999, 17.012266
7264.689, 347.107430, 17.046365
5230.291, 347.112633, 17.053044
12523.293, 347.144621, 17.094965
6258.644, 347.075505, 17.007286
8332.698, 347.150033, 17.102404
355048.594, 347.169349, 17.136442
3740.312, 347.176363, 17.136883
7779.909, 347.085553, 17.021132
64395.959, 347.138774, 17.093096
10377.089, 347.145562, 17.098395
2598.879, 347.106794, 17.049809
4191.292, 347.070752, 17.005956
3639.389, 347.088172, 17.027958
9857.152, 347.130459, 17.083323
16466.322, 347.083380, 17.025617
13910.954, 347.112231, 17.063447
19170.787, 347.072801, 17.013714
4148.063, 347.159359, 17.123994
2603.252, 347.093464, 17.040493
15099.452, 347.154616, 17.120116
5713.811, 347.126083, 17.083545
9927.863, 347.143442, 17.106275
38347.495, 347.214760, 17.199327
9309.369, 347.140085, 17.102807
2591.051, 347.070157, 17.013072
3160.871, 347.065675, 17.009009
8299.669, 347.074106, 17.022234
516374.761, 347.214437, 17.215013
7816.383, 347.104195, 17.061112
14021.617, 347.123285, 17.085832
3617.970, 347.147960, 17.117119
19662.120, 347.087522, 17.042394
5186.356, 347.076262, 17.026208
16573.845, 347.105786, 17.065506
18182.705, 347.066053, 17.016324
22378.551, 347.131611, 17.102202
11488.579, 347.111385, 17.077699
5216.286, 347.138465, 17.112599
7994.698, 347.319938, 17.346427
4159.188, 347.057447, 17.009543
19558.462, 347.114099, 17.083828
2661.503, 347.096920, 17.061257
9447.512, 347.068096, 17.025256
12445.879, 347.076624, 17.038937
10901.036, 347.061077, 17.018567
10950.502, 347.081290, 17.044960
10447.191, 347.091417, 17.057193
6771.147, 347.148947, 17.131445
47750.322, 347.109943, 17.086041
6184.353, 347.180746, 17.175701
75830.358, 347.297048, 17.329443
42558.165, 347.279523, 17.306843
5268.146, 347.074134, 17.041954
6230.476, 347.189181, 17.189670
4691.003, 347.067885, 17.034982
29013.021, 347.069130, 17.039552
14454.619, 347.064949, 17.032827
4234.338, 347.056160, 17.022103
14564.165, 347.109886, 17.092069
14122.731, 347.060001, 17.028702
7849.528, 347.106497, 17.088353
15592.767, 347.049686, 17.018711
4184.318, 347.052684, 17.023475
3689.475, 347.088998, 17.071469
24348.099, 347.070668, 17.051446
2635.268, 347.111941, 17.102318
4179.991, 347.094183, 17.080530
2602.569, 347.171924, 17.180650
3144.716, 347.073976, 17.055017
2597.411, 347.115329, 17.108209
10907.371, 347.122259, 17.118318
7882.585, 347.233728, 17.263134
3657.929, 347.144306, 17.149600
8303.965, 347.139179, 17.144489
53962.233, 347.052335, 17.038205
15523.493, 347.153120, 17.163553
6711.920, 347.116781, 17.117756
5207.018, 347.061060, 17.046800
8343.453, 347.072029, 17.061186
5302.400, 347.084168, 17.077586
15034.031, 347.141380, 17.151899
5162.703, 347.074406, 17.065124
15013.441, 347.045790, 17.031017
5226.075, 347.047902, 17.033938
7787.313, 347.119725, 17.126643
20198.158, 347.041489, 17.028720
3672.382, 347.067780, 17.059556
32180.513, 347.037608, 17.024214
8389.092, 347.084191, 17.081872
2621.537, 347.115240, 17.121635
6312.436, 347.076803, 17.073990
4670.625, 347.154702, 17.173818
2612.243, 347.085159, 17.085633
11401.859, 347.143400, 17.161816
11959.111, 347.171665, 17.199215
14034.477, 347.088958, 17.094102
100220.247, 347.133197, 17.155134
19164.669, 347.058394, 17.057598
2603.325, 347.065485, 17.063715
4715.462, 347.078040, 17.080108
9431.402, 347.092799, 17.101586
2655.581, 347.155116, 17.179710
48202.071, 347.218567, 17.265648
46255.239, 347.081586, 17.088443
21862.103, 347.047372, 17.044643
8325.941, 347.105349, 17.117860
5196.875, 347.142108, 17.164530
4649.065, 347.083876, 17.091576
3077.465, 347.136692, 17.158862
18699.858, 347.033707, 17.030971
9361.085, 347.039198, 17.036975
8264.763, 347.073045, 17.083610
14476.410, 347.149947, 17.181436
7259.443, 347.155509, 17.188481
116452.366, 347.039754, 17.051369
22759.985, 347.060666, 17.068901
9315.457, 347.082666, 17.096952
12951.200, 347.084972, 17.101337
14966.836, 347.040603, 17.044276
2646.021, 347.054211, 17.061644
19256.274, 347.078064, 17.094472
16172.857, 347.110745, 17.137760
11325.283, 347.030729, 17.037251
8276.680, 347.067915, 17.085432
5179.663, 347.114424, 17.146059
113907.270, 347.091504, 17.124929
7224.601, 347.137770, 17.179001
105853.116, 347.193473, 17.254958
16567.007, 347.040583, 17.056138
58906.175, 347.060933, 17.083713
5283.670, 347.070882, 17.094506
149527.404, 347.042245, 17.064278
5245.718, 347.088740, 17.117455
4664.493, 347.109424, 17.146032
3118.999, 347.063608, 17.088682
16688.493, 347.027523, 17.044779
3711.456, 347.066544, 17.093276
238325.850, 347.104189, 17.152085
7751.532, 347.116364, 17.160262
11982.749, 347.048401, 17.075727
2644.275, 347.084871, 17.121286
7831.792, 347.093098, 17.133010
31063.676, 347.096454, 17.138675
4688.475, 347.015969, 17.037124
2596.519, 347.024325, 17.047982
3720.698, 347.060950, 17.097246
3167.749, 347.043874, 17.076833
7250.963, 347.086902, 17.132236
24391.881, 347.044120, 17.083560
14998.202, 347.056682, 17.097016
6269.964, 347.028359, 17.060620
14041.342, 347.032480, 17.066496
4699.542, 347.035040, 17.070709
8398.169, 347.020485, 17.052964
6876.651, 347.073169, 17.120744
4659.558, 347.010991, 17.041620
4220.630, 347.018140, 17.050555
8857.252, 347.029127, 17.065455
3137.773, 347.090893, 17.143983
2622.359, 347.114207, 17.173771
31687.920, 347.045599, 17.089069
9351.368, 347.052100, 17.096504
3129.562, 347.169754, 17.248246
10364.616, 347.019417, 17.056293
17107.701, 347.011880, 17.048545
21752.181, 347.046186, 17.093884
3187.184, 347.252960, 17.358041
3664.586, 347.035493, 17.080102
16135.525, 347.063595, 17.118195
40021.355, 347.080056, 17.142462
3096.198, 347.254039, 17.361175
93101.519, 347.002341, 17.047223
5696.342, 347.216407, 17.314452
4680.543, 347.096835, 17.161046
23853.937, 347.010139, 17.053288
18760.740, 347.029525, 17.076285
3142.057, 347.032060, 17.077943
23891.452, 347.066962, 17.129121
9816.474, 347.033675, 17.084188
19142.581, 347.036469, 17.090007
9896.990, 347.060134, 17.120327
153097.707, 347.020067, 17.075764
13474.906, 347.122064, 17.200854
5739.104, 347.053000, 17.111970
19626.583, 347.014241, 17.066237
24351.601, 347.028836, 17.085353
4688.274, 347.047949, 17.111257
31677.796, 347.246745, 17.369954
2581.856, 347.058509, 17.126785
3135.993, 347.039794, 17.103813
41399.261, 347.104543, 17.189887
2623.802, 347.050629, 17.119309
4712.205, 347.082366, 17.160526
14644.611, 347.052352, 17.124256
3171.205, 347.061880, 17.134644
4685.866, 347.027668, 17.092278
31967.202, 347.030525, 17.098209
4205.064, 347.044012, 17.113981
4641.762, 347.049667, 17.121389
8851.900, 347.076686, 17.156269
4669.140, 347.004688, 17.065250
7310.060, 347.087050, 17.171030
17049.813, 347.039344, 17.112118
9446.129, 347.053636, 17.129039
325937.202, 347.184225, 17.305147
3645.519, 347.111666, 17.204503
10491.220, 347.008540, 17.073275
2646.353, 347.001845, 17.064612
2668.997, 347.013587, 17.079822
72561.101, 347.138208, 17.243914
4168.024, 347.035649, 17.111606
14539.521, 347.042888, 17.122168
2643.802, 347.024685, 17.097988
9366.091, 346.997312, 17.064385
56716.336, 346.986102, 17.059629
6246.109, 347.027747, 17.105567
25463.268, 346.996972, 17.069411
106070.426, 347.058665, 17.154921
8847.673, 347.093728, 17.193833
4607.253, 347.042307, 17.129070
7233.268, 347.002729, 17.079010
5189.645, 347.077854, 17.175181
9842.781, 347.053072, 17.144370
48458.942, 347.186951, 17.319200
31206.266, 347.019474, 17.103259
4708.981, 347.000215, 17.078263
144454.970, 346.982618, 17.067554
8841.109, 347.004001, 17.085009
27955.007, 346.992679, 17.073892
157016.734, 347.133523, 17.257159
2672.223, 347.021585, 17.109096
8228.584, 347.037810, 17.132270
32759.939, 346.994447, 17.081914
3594.310, 347.026452, 17.117666
3658.175, 347.072978, 17.179723
197391.299, 346.998604, 17.092044
3608.772, 347.007268, 17.096014
14928.569, 347.026533, 17.122274
3744.063, 347.011172, 17.101536
71653.700, 347.021475, 17.117715
9357.649, 347.086608, 17.199114
3087.592, 347.117819, 17.238768
8326.408, 347.046559, 17.148103
9960.829, 346.986487, 17.072014
25393.477, 346.988567, 17.077471
7761.952, 347.006826, 17.100710
3135.235, 347.069762, 17.181768
5700.236, 347.003642, 17.097962
3628.103, 347.057427, 17.166735
8318.503, 346.989701, 17.081398
9292.869, 347.016091, 17.115733
2595.656, 347.031587, 17.134663
2602.932, 347.053255, 17.163891
73324.291, 347.047040, 17.160958
11412.448, 347.142064, 17.279973
26071.573, 347.196710, 17.350673
2620.809, 347.005199, 17.104102
17106.277, 347.075207, 17.197298
23905.931, 347.184026, 17.335851
37752.241, 346.998917, 17.100881
6299.077, 347.100581, 17.229007
7756.515, 347.015098, 17.120774
15597.419, 347.021237, 17.129032
2595.969, 347.060301, 17.177975
74715.787, 347.127164, 17.267507
9369.577, 346.972939, 17.068075
36889.412, 346.987036, 17.087210
12431.689, 347.004810, 17.109387
3112.720, 347.009086, 17.113372
6714.404, 346.981079, 17.079035
35144.986, 347.009071, 17.117449
14071.922, 346.976995, 17.076456
36847.887, 347.026975, 17.142358
7732.472, 346.992134, 17.096038
6758.127, 346.981833, 17.082910
5701.244, 347.000493, 17.107449
59783.758, 347.077129, 17.209952
30190.528, 346.972335, 17.075395
12356.088, 347.022150, 17.136460
6689.528, 347.062750, 17.187501
4154.789, 347.011465, 17.122966
6277.613, 347.084551, 17.217549
9424.320, 347.035710, 17.155379
4628.715, 346.968963, 17.070195
30650.817, 347.004216, 17.118372
49766.318, 346.979071, 17.088399
14011.725, 347.026408, 17.147169
6313.337, 346.975894, 17.082329
9299.906, 346.989071, 17.100768
34188.791, 346.985364, 17.098493
3613.531, 346.997012, 17.111179
3657.909, 347.005320, 17.123147
54897.540, 347.008107, 17.129096
2646.799, 347.067686, 17.203953
26467.957, 346.974160, 17.086770
19686.114, 346.991961, 17.111033
70261.077, 346.962903, 17.076406
4674.056, 347.023264, 17.150563
9845.085, 346.970377, 17.084146
5719.248, 346.997295, 17.119092
7811.578, 347.002053, 17.125410
3131.431, 347.067545, 17.209082
30713.715, 347.026352, 17.158880
5656.611, 347.091504, 17.241201
3207.867, 347.064305, 17.206887
4215.297, 347.005659, 17.132462
22190.179, 346.973101, 17.092928
42033.423, 346.981019, 17.103918
8394.044, 346.994134, 17.118653
25961.815, 346.965988, 17.084688
277862.433, 347.067321, 17.224861
25851.703, 347.017229, 17.153249
2679.004, 347.066598, 17.214576
7862.382, 347.075500, 17.226764
25818.648, 347.000313, 17.134425
8869.237, 346.992284, 17.122509
8226.746, 347.056321, 17.204754
2583.999, 346.966592, 17.089454
23285.456, 347.009248, 17.146202
8432.677, 347.126205, 17.295055
8298.535, 346.960652, 17.083814
29136.721, 346.995470, 17.131003
122407.203, 346.959105, 17.093643
70024.555, 346.969841, 17.104101
14521.487, 346.984751, 17.118157
8316.256, 346.955217, 17.080597
6746.411, 347.019702, 17.163833
25336.812, 346.966129, 17.098751
45613.191, 346.997182, 17.141093
5717.238, 347.007752, 17.150613
24432.843, 347.026122, 17.175228
8343.270, 347.043855, 17.198205
5294.460, 347.061936, 17.221100
4664.659, 347.091741, 17.259197
12466.766, 346.954392, 17.084506
8386.531, 346.973875, 17.109311
2644.692, 346.988758, 17.128397
18118.697, 346.975759, 17.113931
4759.309, 346.979518, 17.117559
57325.300, 346.981085, 17.123621
6287.314, 347.048425, 17.208035
8243.678, 346.991007, 17.135195
39120.639, 346.949930, 17.086197
2626.738, 346.972602, 17.111841
5244.444, 346.977353, 17.118492
40501.369, 347.067973, 17.238814
10351.010, 346.952748, 17.089347
6230.645, 346.963595, 17.102737
121520.308, 346.993343, 17.146552
5238.456, 347.056988, 17.225285
3215.533, 347.098380, 17.277717
2578.256, 347.140383, 17.332347
26122.295, 346.978428, 17.129221
7843.876, 347.017418, 17.178254
7386.306, 347.019508, 17.180506
12506.254, 347.024809, 17.187808
23367.849, 346.956719, 17.102960
34745.499, 347.007576, 17.168449
52883.974, 346.980651, 17.136294
3177.496, 346.963617, 17.110846
3578.812, 347.060707, 17.236642
3574.407, 346.949521, 17.095795
11811.472, 346.993856, 17.155203
9301.311, 347.010163, 17.174679
5206.159, 347.073423, 17.255840
3153.873, 347.123376, 17.319636
61531.413, 346.940030, 17.092268
27324.581, 346.973608, 17.129574
5740.943, 346.982780, 17.141901
9920.558, 347.017257, 17.186171
5190.597, 347.019536, 17.188766
23227.835, 347.025071, 17.198063
8315.144, 347.051978, 17.232245
8282.246, 347.122358, 17.322166
9843.011, 346.950269, 17.101933
3126.840, 347.179020, 17.395038
9373.034, 346.952651, 17.105469
6721.722, 347.054415, 17.235761
95728.638, 347.087119, 17.282256
18203.998, 346.954167, 17.108806
3650.388, 346.966329, 17.123585
57621.178, 346.983663, 17.147621
8838.968, 346.945065, 17.097409
12437.287, 346.957649, 17.114521
9423.860, 347.020204, 17.194847
12952.131, 347.028477, 17.205287
6714.632, 347.062573, 17.248447
19228.312, 346.960830, 17.121165
34065.425, 346.974786, 17.138686
16569.377, 346.941631, 17.095847
9847.373, 346.971525, 17.133538
8312.687, 346.949534, 17.106300
290734.072, 346.988881, 17.170228
4109.843, 347.048198, 17.232788
5252.938, 346.945350, 17.102560
6273.038, 346.990934, 17.161145
9872.522, 347.054488, 17.243095
11536.522, 346.984582, 17.154518
14963.700, 347.016414, 17.196130
9392.029, 347.043474, 17.229868
202283.315, 347.123596, 17.338850
5726.937, 347.063040, 17.255536
13577.161, 346.947861, 17.109294
6766.916, 347.010319, 17.188920
11418.926, 347.022440, 17.205916
7248.243, 346.938379, 17.097446
6743.601, 347.025521, 17.208896
21198.367, 347.029631, 17.217748
5215.577, 346.953229, 17.116733
3128.729, 346.970057, 17.138685
3657.930, 346.984126, 17.158020
5250.659, 347.001273, 17.179833
2624.495, 347.041129, 17.230770
27524.474, 347.045135, 17.238845
6770.264, 347.101284, 17.309659
25333.027, 346.948299, 17.115836
14651.941, 346.962149, 17.132149
30562.036, 346.938337, 17.104656
33604.397, 346.973532, 17.149240
4205.035, 347.058602, 17.256207
7309.096, 346.971678, 17.145314
122042.669, 347.006964, 17.197904
11519.535, 346.941387, 17.107869
12446.083, 346.976473, 17.153506
40883.159, 346.951704, 17.122911
3773.577, 347.104017, 17.316775
5265.427, 346.998671, 17.182298
4207.855, 347.052536, 17.252080
104197.658, 346.929639, 17.102882
5248.669, 347.015153, 17.205004
17604.693, 346.942486, 17.113553
3189.434, 346.963588, 17.140406
56563.114, 346.954868, 17.135547
4724.735, 346.967147, 17.146250
31193.261, 346.978768, 17.163384
2619.565, 346.940457, 17.111778
2554.723, 346.938249, 17.110343
14024.957, 346.944643, 17.119516
15606.854, 346.973430, 17.158607
21201.855, 346.967613, 17.152807
8837.010, 347.031295, 17.233708
14864.815, 346.945664, 17.124309
24937.040, 346.963916, 17.149000
9331.765, 347.050152, 17.259083
58047.748, 346.948045, 17.131101
4227.738, 347.047953, 17.255980
6260.192, 346.936252, 17.114142
8889.093, 347.022495, 17.225942
3130.693, 347.159813, 17.401677
2571.582, 346.958764, 17.144253
13004.310, 346.939927, 17.122473
547060.488, 346.969536, 17.170602
74585.638, 346.986919, 17.185068
18323.645, 347.003056, 17.203469
3594.623, 346.967464, 17.157376
19254.993, 346.958222, 17.147590
5751.041, 346.927256, 17.107264
18689.231, 346.931842, 17.115148
93079.527, 346.947663, 17.140318
15695.316, 346.928807, 17.112818
35780.609, 346.921415, 17.106005
3633.685, 346.937870, 17.124263
13580.371, 347.027714, 17.241478
15568.859, 347.022477, 17.235113
9941.331, 347.057934, 17.280394
3660.807, 347.078293, 17.306572
30112.208, 346.963870, 17.161905
3751.085, 346.954713, 17.149585
30699.584, 346.956137, 17.154924
7293.837, 346.942254, 17.135675
4167.357, 346.927515, 17.117162
19867.122, 346.979113, 17.184960
5203.922, 346.989557, 17.197987
27521.482, 347.013822, 17.230750
15625.545, 346.949298, 17.147579
11941.488, 346.940627, 17.138758
2635.295, 346.974138, 17.179508
15055.303, 346.924028, 17.119453
6782.588, 346.930386, 17.125875
34851.010, 346.916931, 17.113056
75788.760, 346.950713, 17.155781
2605.268, 346.958697, 17.164007
2606.279, 346.933762, 17.132809
25480.006, 346.936035, 17.138952
4128.787, 346.920656, 17.118843
9330.874, 346.927235, 17.127958
8315.069, 346.932052, 17.134129
3567.307, 347.069881, 17.310245
3593.514, 346.912904, 17.110076
