# Source Fluxes and Coordinates
# Flux (e-/s), RA (deg), Dec (deg)
20456.385, 346.910211, 17.081228
1896.700, 347.124769, 17.360650
31557.372, 347.118884, 17.351192
6549.445, 347.112454, 17.343954
5003.712, 347.074957, 17.294997
16149.491, 347.073031, 17.291491
5060.006, 347.041198, 17.251332
3495.054, 347.012514, 17.214362
11141.120, 346.990068, 17.184531
2364.215, 346.927612, 17.103865
3497.136, 347.083371, 17.305410
17364.583, 347.062266, 17.277368
3086.333, 347.007961, 17.207726
3074.692, 346.984940, 17.177507
6105.464, 346.974871, 17.163746
2678.330, 346.950937, 17.133728
1953.887, 346.935446, 17.113674
18316.934, 347.103972, 17.329693
3854.563, 346.969844, 17.156508
7702.540, 347.162955, 17.407100
9252.767, 347.143755, 17.381663
2309.836, 347.070689, 17.288180
10445.595, 347.045366, 17.254029
9933.398, 347.022900, 17.224137
2718.558, 346.952912, 17.134577
6938.755, 346.946617, 17.124872
1937.045, 346.940702, 17.118973
16410.312, 347.100846, 17.324216
10418.214, 347.033333, 17.237057
8488.120, 347.125045, 17.355515
16612.932, 347.013039, 17.208109
8415.710, 346.966828, 17.150060
2699.980, 347.117370, 17.346816
71161.231, 347.007098, 17.198136
4263.844, 347.109023, 17.334485
8535.047, 347.054225, 17.262570
18460.611, 347.037706, 17.238799
3041.517, 346.956009, 17.135107
5337.194, 347.092708, 17.312302
6931.394, 347.068735, 17.281439
87079.170, 346.986489, 17.169572
2698.908, 347.147967, 17.384060
3901.997, 347.042712, 17.247253
5028.771, 347.123018, 17.350936
3458.157, 346.923540, 17.091327
230153.304, 347.123316, 17.339532
3476.828, 346.993696, 17.181997
3127.285, 346.991243, 17.178787
9660.688, 346.950665, 17.124912
12996.421, 347.131991, 17.360162
13201.280, 346.979166, 17.160705
7664.932, 346.974209, 17.154878
4974.688, 347.146323, 17.378698
2320.709, 347.133609, 17.362846
5395.659, 347.106962, 17.327175
7829.855, 347.102450, 17.320679
19567.863, 347.029737, 17.224898
9619.615, 347.149176, 17.380287
2340.352, 346.998565, 17.185726
5760.475, 346.933069, 17.100079
2764.608, 347.089855, 17.303631
34142.279, 347.078124, 17.284395
3780.374, 346.955602, 17.127630
6901.767, 347.172358, 17.408669
13562.734, 347.089957, 17.299948
3460.949, 347.047065, 17.246689
2337.620, 346.928785, 17.092740
1921.310, 346.914332, 17.073663
3067.020, 347.064881, 17.269156
1958.272, 347.105151, 17.321143
15747.046, 347.092624, 17.301694
6571.716, 347.058736, 17.258728
44073.198, 346.995517, 17.173572
5455.552, 346.975409, 17.150546
104775.380, 347.087406, 17.284732
1880.527, 347.062732, 17.262757
2736.405, 346.934094, 17.094832
8080.888, 347.043972, 17.236597
3109.918, 347.086163, 17.291214
4666.548, 347.039200, 17.229404
3907.815, 347.031299, 17.218922
24278.061, 347.028342, 17.211299
3088.862, 347.007705, 17.188017
6208.865, 347.165188, 17.391843
4588.645, 347.152135, 17.375291
3118.064, 347.110429, 17.321091
5022.847, 347.052801, 17.244727
3084.258, 347.043663, 17.232876
1939.778, 346.919784, 17.071917
5781.677, 347.133947, 17.348553
5806.449, 347.000759, 17.176347
6152.981, 346.959817, 17.122704
27063.706, 346.925467, 17.076605
8466.277, 346.939857, 17.095979
2297.223, 347.078987, 17.277242
14619.743, 347.155316, 17.373800
5785.659, 347.147357, 17.364719
6520.474, 347.049855, 17.237510
2284.277, 347.019738, 17.199000
17362.966, 346.988982, 17.156071
6226.559, 346.963096, 17.125035
3067.397, 347.172886, 17.397425
41170.979, 347.151585, 17.365917
7348.897, 347.171144, 17.393724
3412.720, 346.973370, 17.136590
7290.562, 346.969098, 17.129938
4579.487, 347.027239, 17.205011
2293.587, 347.000700, 17.170829
4294.924, 346.945572, 17.098936
3852.024, 347.165264, 17.383757
29975.952, 347.102290, 17.298969
3835.137, 347.097536, 17.296099
4567.638, 347.039827, 17.220509
1928.678, 347.050390, 17.234215
26223.442, 347.123972, 17.326481
9202.662, 347.069993, 17.257211
16560.039, 347.020836, 17.192202
6171.953, 347.182286, 17.402709
37532.994, 346.960521, 17.111987
6154.913, 347.025124, 17.199062
2731.129, 346.974409, 17.133104
21511.298, 346.972981, 17.128898
13065.138, 347.168279, 17.383581
21232.346, 347.114961, 17.312233
15715.347, 347.075471, 17.262096
15744.018, 347.054249, 17.233895
27600.945, 347.032739, 17.205665
25718.068, 346.979031, 17.137061
8017.222, 346.968488, 17.124309
3510.110, 347.110941, 17.309227
3508.491, 346.926809, 17.069850
11680.275, 347.158048, 17.368310
13445.986, 347.020697, 17.188786
3153.157, 346.943027, 17.089408
3861.788, 347.122597, 17.322929
14944.102, 347.140672, 17.344007
6252.837, 346.965914, 17.117168
12395.671, 347.130026, 17.327662
7637.581, 347.045819, 17.219817
6113.213, 347.064255, 17.243783
5013.922, 347.060510, 17.239529
6878.682, 347.028561, 17.197100
60689.959, 346.993238, 17.147878
13391.291, 347.110268, 17.302013
13219.226, 347.104475, 17.294449
4655.568, 347.076957, 17.259223
1919.220, 347.166770, 17.375703
2295.592, 347.156898, 17.362833
2348.265, 347.003005, 17.162954
6587.780, 346.998754, 17.156857
3854.374, 346.946830, 17.089584
6942.074, 347.097403, 17.283998
8114.765, 347.081630, 17.263482
30742.170, 347.029553, 17.192540
27051.379, 346.939545, 17.076738
2312.204, 347.135045, 17.333277
7701.302, 346.987363, 17.139515
5053.393, 347.163898, 17.369444
8100.350, 347.138905, 17.336941
32276.967, 347.164095, 17.364535
8876.130, 347.118017, 17.308435
23845.331, 346.953332, 17.091754
11923.426, 347.187122, 17.395378
15430.361, 347.181775, 17.390508
49999.853, 347.068138, 17.239547
54268.186, 347.005405, 17.158141
3123.885, 347.134879, 17.329654
5392.245, 347.103145, 17.288151
7767.871, 347.086326, 17.266055
2682.918, 347.064477, 17.238173
16114.862, 347.175779, 17.381015
7758.249, 347.128492, 17.319713
4639.887, 347.021507, 17.181291
5801.708, 346.997751, 17.150135
2747.697, 346.943798, 17.080382
5760.119, 347.094950, 17.276039
12347.063, 347.081690, 17.259139
3129.893, 347.075006, 17.250743
15686.976, 347.062727, 17.232437
20761.545, 347.043018, 17.208145
3901.154, 346.966284, 17.108826
2706.682, 347.151677, 17.349427
8505.184, 347.015005, 17.171452
2362.393, 347.001576, 17.154417
10035.809, 347.071125, 17.243053
4572.252, 347.037704, 17.200106
11582.229, 346.984212, 17.129839
1882.936, 346.972911, 17.116261
3892.549, 347.145525, 17.340091
1961.247, 347.133572, 17.324424
25747.300, 347.113687, 17.294152
3825.019, 346.948107, 17.081150
1941.119, 347.186594, 17.390644
203105.803, 347.067491, 17.224202
7998.944, 347.048319, 17.209543
10007.458, 347.178345, 17.378576
3861.360, 347.151393, 17.344064
5006.429, 347.137839, 17.325015
4206.282, 346.993022, 17.137418
8143.608, 347.078270, 17.247164
2305.656, 346.980868, 17.121492
10038.860, 347.133499, 17.318567
6926.597, 347.005125, 17.152136
1875.253, 346.968668, 17.104696
10474.799, 347.140705, 17.327036
14669.624, 347.092909, 17.263926
9698.668, 346.990154, 17.131095
7369.969, 347.143048, 17.329662
2722.375, 347.073787, 17.239464
5345.371, 346.962169, 17.094079
49375.074, 347.044326, 17.197577
33138.941, 347.051078, 17.207482
3457.215, 347.152598, 17.340553
11190.157, 347.103369, 17.274557
10831.741, 346.990418, 17.126911
1977.141, 347.071525, 17.234358
7723.346, 347.025660, 17.173770
5007.489, 347.174550, 17.366783
7319.758, 347.164659, 17.352880
42917.306, 347.093561, 17.257713
24934.134, 347.042086, 17.191691
40967.295, 346.996018, 17.130785
1961.444, 347.118332, 17.293801
4641.602, 347.149410, 17.332825
1978.118, 347.100567, 17.269878
6163.578, 347.007064, 17.147656
13553.100, 347.142024, 17.321055
11449.759, 347.137023, 17.314531
8960.405, 347.183251, 17.374488
4323.702, 347.099979, 17.266736
13474.696, 347.006638, 17.142867
3025.599, 346.987539, 17.120093
6992.155, 347.049754, 17.199574
3137.579, 346.999348, 17.134337
13535.745, 346.965156, 17.088520
3549.357, 346.941228, 17.058750
5050.705, 347.187361, 17.377644
3916.719, 347.097187, 17.260920
5897.091, 347.027542, 17.170319
7330.530, 347.154904, 17.334296
2766.207, 347.117113, 17.285881
25767.447, 347.048990, 17.194229
5788.964, 347.103227, 17.266233
12746.280, 347.060054, 17.209595
2703.210, 347.018738, 17.157101
2708.038, 347.166815, 17.349260
4586.370, 347.163625, 17.344540
3050.813, 347.114987, 17.281868
3881.596, 347.073049, 17.227069
9558.927, 346.990047, 17.118181
1947.854, 347.183264, 17.368785
3893.984, 347.138116, 17.309918
28802.320, 347.109451, 17.269006
1937.068, 347.076096, 17.229210
3120.527, 347.130012, 17.298242
16983.283, 347.003969, 17.132489
3154.319, 347.152243, 17.326446
3124.946, 347.182726, 17.364809
3477.148, 347.164727, 17.340866
5831.581, 347.103245, 17.261001
4248.226, 347.106060, 17.263690
2723.710, 347.000974, 17.126458
3086.581, 347.176312, 17.354377
1906.262, 347.099601, 17.254579
18088.788, 347.083611, 17.232297
7323.815, 347.058761, 17.200208
6550.064, 347.134750, 17.299264
5040.660, 346.988327, 17.108501
2325.306, 347.156533, 17.327077
20747.388, 347.163357, 17.332655
3513.853, 347.204178, 17.387218
2313.408, 347.200421, 17.382444
8869.555, 347.172041, 17.345338
2361.290, 347.149716, 17.316575
2733.745, 347.023515, 17.152080
4658.732, 347.102749, 17.254532
3094.737, 347.110290, 17.263659
6581.701, 347.017651, 17.143104
3508.631, 347.076920, 17.219469
9589.503, 347.169221, 17.337762
8458.891, 347.124907, 17.280344
2755.350, 347.036383, 17.166054
10368.851, 346.993526, 17.108026
24883.670, 347.122915, 17.275363
2333.696, 347.054141, 17.187744
10349.292, 347.145636, 17.305612
9994.914, 347.140596, 17.297269
2346.235, 346.984045, 17.095452
6152.101, 347.113496, 17.262793
20327.008, 347.108153, 17.253825
17367.757, 347.057084, 17.187986
9242.806, 347.050744, 17.180657
35003.503, 347.029420, 17.150825
9251.306, 347.155037, 17.316102
5834.729, 347.118200, 17.268667
19181.854, 347.091849, 17.233011
8832.181, 347.047047, 17.174903
3491.392, 346.998241, 17.112163
13150.875, 346.972701, 17.078223
2728.940, 347.183609, 17.352961
11258.356, 347.161718, 17.323190
3899.937, 347.157856, 17.319106
10023.953, 347.152340, 17.311201
9606.344, 347.104384, 17.247649
44504.167, 347.097562, 17.236185
6904.745, 347.204301, 17.376820
16934.673, 347.180253, 17.343887
8127.220, 347.102264, 17.243554
34066.055, 347.077829, 17.210396
2694.821, 346.990147, 17.099120
5391.963, 347.150020, 17.305624
15372.755, 347.187072, 17.352801
9217.695, 347.112847, 17.255856
5725.663, 347.091497, 17.229042
22679.211, 347.085179, 17.218666
3058.657, 347.171092, 17.332165
10430.542, 347.136110, 17.284390
3086.768, 347.055219, 17.181513
3060.427, 346.951826, 17.046187
3134.782, 347.028311, 17.144998
3436.736, 347.204674, 17.372754
3470.579, 347.184640, 17.347507
16159.618, 347.140242, 17.287899
5034.096, 347.142758, 17.292034
36792.322, 347.073271, 17.198525
66895.102, 347.127328, 17.267624
14605.699, 347.052336, 17.172498
6189.338, 347.040575, 17.158461
2313.634, 347.017306, 17.128217
16067.956, 347.151811, 17.298573
7382.483, 347.196716, 17.357508
9624.185, 347.085195, 17.213616
57228.659, 347.046547, 17.160589
10828.618, 347.163824, 17.315809
1999.265, 346.982273, 17.079307
3072.554, 347.101927, 17.234283
4644.624, 347.070368, 17.192365
2692.657, 347.204005, 17.365426
47315.040, 347.190896, 17.343979
2297.998, 347.098990, 17.228671
4684.936, 347.068841, 17.189319
74983.677, 346.997656, 17.092121
4209.222, 347.013772, 17.116496
7314.759, 347.115901, 17.248758
3889.722, 347.107911, 17.238749
1987.297, 347.029835, 17.137295
2331.695, 347.004453, 17.104466
3909.955, 346.971738, 17.061505
5841.393, 347.150215, 17.292791
13114.201, 347.096502, 17.222519
7678.380, 347.051734, 17.164387
1933.778, 346.982473, 17.074936
6173.436, 346.976833, 17.066938
3100.139, 347.126267, 17.261469
18026.896, 347.081395, 17.201597
8452.078, 347.215463, 17.374816
21484.552, 347.203789, 17.358169
3842.438, 347.132268, 17.267106
4720.591, 347.065522, 17.180738
4281.369, 347.010482, 17.108199
5773.355, 347.003430, 17.098705
5815.203, 347.209590, 17.366387
8840.795, 347.186195, 17.335527
3882.843, 347.168744, 17.313387
13074.646, 347.107729, 17.231711
1973.516, 347.039901, 17.146332
8048.397, 346.959377, 17.040288
42508.952, 347.021410, 17.118275
3120.411, 346.986065, 17.074350
9584.491, 347.180540, 17.326197
19633.549, 347.047762, 17.152228
5767.648, 347.162166, 17.302547
6485.658, 347.140102, 17.273777
24790.321, 347.025469, 17.123133
19256.667, 347.202382, 17.352493
12348.634, 347.133955, 17.263889
16598.094, 347.126506, 17.254143
6521.565, 347.117281, 17.243091
8897.067, 347.088153, 17.204631
16436.925, 347.081240, 17.195674
12788.911, 346.967045, 17.046586
4206.466, 347.009770, 17.103255
6920.508, 346.993382, 17.081702
2807.516, 346.962920, 17.042198
10725.941, 347.098546, 17.216457
69765.568, 347.057782, 17.155758
7308.490, 347.035315, 17.134859
107527.089, 347.133435, 17.257206
2722.951, 347.110697, 17.233434
3495.963, 347.091564, 17.208133
16214.472, 347.045244, 17.146302
11519.745, 347.151676, 17.284167
3094.538, 347.006761, 17.096675
8056.331, 347.126374, 17.249982
3867.566, 347.047783, 17.148239
1989.537, 346.988739, 17.071576
2739.932, 347.191683, 17.334797
4658.405, 347.150248, 17.281225
3425.386, 347.010828, 17.099299
2260.939, 346.999350, 17.084828
17732.970, 347.218811, 17.367213
3875.588, 347.180445, 17.319923
6568.972, 347.076485, 17.183924
13075.331, 347.122766, 17.242487
2341.300, 347.040022, 17.136036
37007.454, 347.207755, 17.350519
1916.494, 347.120475, 17.239361
9228.835, 347.038642, 17.131252
3516.762, 347.143763, 17.268137
3074.446, 347.080461, 17.185754
4207.095, 347.033394, 17.124235
4696.005, 346.993306, 17.071229
54243.395, 347.186218, 17.318995
2645.349, 347.097015, 17.206138
4262.617, 347.067060, 17.167297
5818.715, 347.046606, 17.139988
11891.244, 346.979913, 17.052418
7304.266, 347.063597, 17.161861
2711.386, 347.172762, 17.303416
5458.318, 347.157565, 17.282251
2314.274, 347.056275, 17.151210
3811.757, 347.004369, 17.083289
10047.436, 347.180038, 17.310860
3484.918, 347.054386, 17.147584
11959.071, 347.212984, 17.352344
3172.239, 347.063294, 17.158353
3196.257, 346.969322, 17.036231
8413.044, 347.135773, 17.250762
3051.994, 347.088504, 17.188943
9673.920, 347.049537, 17.136947
262968.709, 347.184221, 17.304573
6906.780, 347.027218, 17.106881
26020.991, 347.107481, 17.209406
4274.947, 347.059239, 17.148695
4709.472, 347.224768, 17.363040
2636.986, 347.216540, 17.351873
2275.052, 347.170083, 17.291509
2333.687, 347.033520, 17.113529
7703.121, 347.122729, 17.228976
10023.540, 346.997329, 17.065050
3925.658, 347.206894, 17.338093
2315.399, 347.140830, 17.251737
8523.067, 347.102932, 17.201684
7696.924, 347.100298, 17.198861
9213.437, 347.163007, 17.279491
4635.372, 347.130406, 17.237488
3080.400, 347.067768, 17.155806
8834.169, 346.977249, 17.037014
4671.529, 347.222066, 17.355201
9571.356, 347.146181, 17.255712
89033.289, 347.140624, 17.244622
6564.120, 347.050820, 17.132183
4688.000, 347.116876, 17.217773
2399.478, 347.230477, 17.365177
18952.499, 347.144912, 17.251663
2690.807, 347.049847, 17.129837
2689.219, 347.045972, 17.125181
11618.994, 347.128479, 17.229507
5793.027, 347.124520, 17.224755
2392.405, 347.029560, 17.101342
8160.635, 346.987056, 17.045389
11510.738, 347.067614, 17.148041
1918.555, 347.131710, 17.233362
3466.591, 347.095373, 17.185947
4643.421, 347.110725, 17.204995
2374.527, 347.172143, 17.284392
5031.553, 347.081965, 17.165761
6557.158, 347.116510, 17.210219
78955.942, 347.104541, 17.191180
8938.052, 346.999300, 17.057538
3570.102, 347.137498, 17.236761
3099.169, 347.043169, 17.114509
5807.506, 347.180383, 17.291480
8131.622, 347.062038, 17.135614
2734.267, 347.044844, 17.116174
3936.776, 347.011051, 17.071508
6158.497, 346.980211, 17.031117
5409.719, 347.128762, 17.224615
5070.502, 347.176123, 17.285458
12305.975, 347.090064, 17.171258
3548.774, 347.058780, 17.132715
3492.288, 347.219552, 17.339920
2707.581, 347.201860, 17.317885
4268.327, 347.136467, 17.232397
81506.039, 347.019729, 17.075778
2344.882, 347.010270, 17.069220
11541.467, 347.235838, 17.360449
4291.135, 347.074118, 17.150515
2320.163, 347.205470, 17.321019
5053.368, 347.111543, 17.198137
6865.380, 347.087574, 17.165909
6186.488, 347.021714, 17.081309
2304.536, 347.065294, 17.137687
1963.233, 347.051164, 17.119168
13492.452, 347.031789, 17.092115
5804.199, 347.003578, 17.056493
3121.943, 347.226041, 17.345982
7271.470, 347.120011, 17.207556
3895.572, 346.988017, 17.035776
9999.284, 347.169900, 17.270757
10036.408, 347.081607, 17.156869
93903.509, 347.001498, 17.045660
13092.944, 347.211059, 17.322694
4302.563, 347.001187, 17.051467
2318.336, 347.114169, 17.197778
53280.266, 347.127251, 17.209465
3891.178, 347.093917, 17.170726
6558.027, 347.174851, 17.274572
2321.292, 347.058688, 17.124531
4247.879, 347.145379, 17.236312
2318.783, 347.099138, 17.176006
6662.020, 347.141943, 17.230314
6923.979, 347.136446, 17.223277
10017.528, 347.228764, 17.342200
6179.799, 347.201442, 17.307386
3123.588, 347.169894, 17.266026
5739.728, 347.166792, 17.261254
6558.082, 347.027161, 17.078962
1916.508, 347.158525, 17.250828
2708.171, 347.179209, 17.276756
6587.531, 347.131271, 17.213755
3081.182, 347.043440, 17.100205
12222.012, 347.020638, 17.068532
9965.936, 347.206498, 17.310168
5413.933, 347.103077, 17.176690
5351.047, 347.055125, 17.114273
3058.492, 347.052731, 17.110199
1895.964, 347.017260, 17.064209
11562.718, 347.221497, 17.328225
5061.134, 347.106205, 17.178889
3901.629, 347.062025, 17.121163
14213.771, 347.205789, 17.304173
6519.205, 347.232096, 17.341120
3099.922, 347.025792, 17.073112
9278.129, 347.236311, 17.345395
3891.682, 347.214882, 17.318039
3087.176, 347.104539, 17.173930
1934.493, 347.175062, 17.264899
9232.348, 347.114313, 17.183188
11912.265, 347.215083, 17.313827
8142.945, 347.138050, 17.215606
6103.725, 347.102146, 17.169414
6219.502, 347.241508, 17.349401
2746.047, 347.148945, 17.229973
12009.971, 347.081513, 17.141268
3834.796, 347.213032, 17.312130
3794.240, 347.209560, 17.307613
3091.016, 347.174419, 17.261565
7274.040, 347.130205, 17.203797
4964.021, 347.105260, 17.170474
3892.083, 347.086722, 17.146404
4237.241, 346.988354, 17.018524
20037.910, 347.227752, 17.326756
3543.655, 347.061918, 17.112645
8381.405, 347.057241, 17.106404
5054.106, 347.239660, 17.343074
3121.616, 347.054128, 17.102010
6960.761, 347.049079, 17.095177
1896.842, 347.161949, 17.241955
3528.991, 347.146843, 17.222041
8529.636, 347.123649, 17.190647
2677.846, 347.010456, 17.043814
8829.307, 347.215756, 17.309346
8449.104, 347.223585, 17.317579
7667.223, 347.090348, 17.146027
1843.914, 347.017466, 17.051693
3058.453, 347.226770, 17.323021
4245.435, 347.039066, 17.078736
2299.080, 347.021628, 17.056620
7732.767, 347.247008, 17.347425
2707.596, 347.232877, 17.330141
4262.143, 347.132319, 17.199566
5418.333, 347.104414, 17.162981
7287.624, 347.062699, 17.108300
13534.531, 347.067989, 17.112659
2693.725, 347.165613, 17.241335
4267.879, 347.076154, 17.124058
1949.641, 347.038727, 17.074460
142514.647, 347.104285, 17.151856
1965.924, 347.211897, 17.298602
11637.498, 347.178385, 17.253528
3095.054, 347.097743, 17.149829
4333.035, 347.006528, 17.030654
3125.576, 347.002577, 17.025837
3038.358, 347.035721, 17.067775
2349.605, 347.012562, 17.037438
5090.896, 347.193750, 17.272058
14652.073, 347.177653, 17.249370
5370.009, 347.242067, 17.332811
3447.676, 347.202555, 17.280911
4256.872, 347.254790, 17.347720
2252.451, 347.233340, 17.320530
4615.761, 347.154942, 17.217951
2706.327, 347.111961, 17.162625
3050.257, 347.236715, 17.324547
41730.597, 347.096855, 17.138613
3492.529, 347.046610, 17.076799
92279.071, 347.042520, 17.065108
4614.270, 347.091718, 17.132903
7296.635, 347.209099, 17.283586
1963.203, 347.099823, 17.143048
11183.502, 347.193304, 17.262380
2343.157, 347.126621, 17.176427
6895.225, 347.124378, 17.173486
3888.248, 347.018327, 17.035822
64960.410, 347.090932, 17.125255
7363.962, 347.234299, 17.315151
7747.443, 347.166360, 17.226197
4245.536, 347.065923, 17.095898
2726.597, 347.157207, 17.213966
8162.034, 347.139949, 17.191189
5783.849, 347.226413, 17.302033
5002.132, 347.203198, 17.272602
86859.867, 347.193624, 17.255233
2407.491, 347.213977, 17.285460
8935.588, 347.184986, 17.246859
7652.411, 347.132486, 17.177895
4288.803, 347.051216, 17.071688
1915.328, 347.240323, 17.317299
2723.027, 347.178456, 17.236466
8563.319, 347.114103, 17.150672
3496.252, 347.206469, 17.269696
15448.716, 347.131393, 17.168994
3573.881, 347.078202, 17.101239
4283.171, 347.222940, 17.288690
25523.346, 347.122429, 17.156218
8477.244, 347.237455, 17.306147
3060.914, 347.129343, 17.166220
3836.124, 347.233138, 17.299845
5835.520, 347.148043, 17.188091
3098.094, 347.137294, 17.174895
6135.507, 347.066156, 17.081598
6571.614, 347.250219, 17.321040
13492.983, 347.241056, 17.307560
2361.410, 347.165868, 17.211111
8066.682, 347.151711, 17.192249
3531.324, 347.046009, 17.055032
1963.838, 347.130095, 17.163904
8881.781, 347.073568, 17.088094
2277.405, 347.209501, 17.264917
6853.081, 347.013930, 17.009349
6912.391, 347.084555, 17.100205
6874.660, 347.161564, 17.200138
3893.343, 347.106193, 17.127621
2737.286, 347.253386, 17.317519
55561.755, 347.218487, 17.267007
3078.050, 347.121954, 17.146782
67745.116, 347.133256, 17.155758
2370.927, 347.118552, 17.141384
1945.406, 347.072306, 17.080558
16616.524, 347.236735, 17.290892
3057.757, 347.126074, 17.145834
1945.600, 347.103579, 17.116092
8931.214, 347.264640, 17.323446
40220.571, 347.238160, 17.286832
4618.067, 347.021962, 17.007730
12549.915, 347.253797, 17.306454
1903.607, 347.016483, 16.999155
5758.786, 347.235302, 17.280961
42716.223, 347.178551, 17.204987
5392.367, 347.198885, 17.233002
4656.808, 347.131399, 17.145697
3501.900, 347.224784, 17.265616
1973.135, 347.023474, 17.004890
2721.754, 347.097671, 17.099822
1933.891, 347.165962, 17.187828
3854.115, 347.275716, 17.328655
3501.729, 347.107113, 17.107288
15910.603, 347.117495, 17.117531
3907.197, 347.142142, 17.150826
3883.946, 347.248382, 17.288794
2346.165, 347.140180, 17.148135
8879.934, 347.125859, 17.128841
3880.426, 347.074447, 17.061523
3427.736, 347.152417, 17.161008
2333.821, 347.278885, 17.322837
2325.561, 347.099099, 17.088941
30021.555, 347.220503, 17.243556
7693.817, 347.202320, 17.219279
3473.480, 347.099062, 17.084469
1898.918, 347.190713, 17.202634
6173.567, 347.225810, 17.244054
23687.685, 347.109386, 17.090962
1933.588, 347.137578, 17.126915
346120.966, 347.213973, 17.214821
2693.525, 347.141371, 17.130021
48034.914, 347.279560, 17.305586
1928.700, 347.273417, 17.301282
3117.022, 347.169235, 17.162686
3084.413, 347.204061, 17.206738
17561.044, 347.128714, 17.100852
42811.245, 347.208969, 17.201591
31930.867, 347.296116, 17.310465
6584.927, 347.288100, 17.300370
189549.074, 347.168945, 17.137152
3141.469, 347.210160, 17.197686
12138.276, 347.191184, 17.170663
2316.845, 347.218550, 17.206560
3100.735, 347.229621, 17.218058
2361.685, 347.153387, 17.116194
41259.615, 347.138564, 17.092714
4633.385, 347.306824, 17.312327
55670.891, 347.099469, 17.038304
7458.977, 347.267176, 17.259506
94502.035, 347.289796, 17.282999
71004.671, 347.124663, 17.068828
156889.428, 347.214642, 17.180423
79505.340, 347.277430, 17.259677
1975.590, 347.131301, 17.077075
5767.382, 347.209440, 17.177458
2328.725, 347.312152, 17.309279
3134.335, 347.234718, 17.207787
44753.332, 347.238769, 17.209491
5041.406, 347.171764, 17.125107
2755.860, 347.129305, 17.069416
24207.403, 347.117904, 17.050776
20565.614, 347.056007, 16.969361
15818.797, 347.117672, 17.046377
33879.146, 347.154299, 17.088709
4999.274, 347.122330, 17.049261
21033.055, 347.128161, 17.052509
1980.653, 347.114484, 17.036371
28267.609, 347.108763, 17.024533
6209.712, 347.163665, 17.093401
32699.798, 347.285692, 17.241383
22121.315, 347.295875, 17.252970
2272.112, 347.301502, 17.260629
2337.023, 347.284806, 17.227824
7738.489, 347.284563, 17.225027
10499.499, 347.216194, 17.132015
2356.817, 347.321148, 17.268737
33710.126, 347.290848, 17.226526
37473.865, 347.312884, 17.251294
5061.863, 347.091813, 16.965410
29932.028, 347.248702, 17.166560
3147.356, 347.099380, 16.974393
122044.447, 347.182342, 17.073015
21802.711, 347.342139, 17.286433
13238.007, 347.210107, 17.115772
7726.792, 347.199003, 17.092796
19660.464, 347.107264, 16.969349
10782.576, 347.229855, 17.127543
12723.482, 347.172959, 17.053374
5048.481, 347.345201, 17.276241
1895.163, 347.269662, 17.178078
4298.143, 347.252145, 17.147419
5062.095, 347.331445, 17.250496
3545.392, 347.237565, 17.126494
92456.038, 347.204686, 17.077610
125050.469, 347.195469, 17.063796
19282.470, 347.305976, 17.211901
3874.106, 347.128622, 16.980656
17452.733, 347.322528, 17.227081
15691.805, 347.277634, 17.165483
38489.469, 347.232945, 17.104631
4308.009, 347.113368, 16.951665
2328.162, 347.253448, 17.132366
413743.872, 347.271015, 17.139020
65972.084, 347.129038, 16.951245
11824.894, 347.324859, 17.207261
5344.714, 347.301573, 17.172514
2337.510, 347.120303, 16.932036
4262.640, 347.244040, 17.076115
3580.218, 347.147316, 16.950684
27613.573, 347.365530, 17.231515
30871.162, 347.182562, 16.990800
9596.572, 347.192497, 17.001720
18179.520, 347.201592, 17.011155
39107.552, 347.351681, 17.198964
4275.103, 347.385976, 17.241362
24013.057, 347.359851, 17.205093
62388.366, 347.295373, 17.118860
32539.321, 347.301220, 17.127157
38133.691, 347.374322, 17.221034
6316.384, 347.339739, 17.172569
27367.097, 347.352317, 17.186303
13569.731, 347.219786, 17.014832
1930.767, 347.267029, 17.076320
17463.808, 347.324325, 17.145822
2728.163, 347.280212, 17.086684
4741.251, 347.404063, 17.244819
135220.250, 347.340254, 17.155882
3504.983, 347.286582, 17.088536
1942.821, 347.268923, 17.066024
48881.951, 347.151261, 16.909145
59006.008, 347.328370, 17.136058
59837.778, 347.179852, 16.942439
38143.591, 347.372580, 17.190806
1955.570, 347.368417, 17.188359
2337.617, 347.232942, 17.008658
3472.806, 347.177545, 16.934980
15505.443, 347.409928, 17.230657
55805.929, 347.339825, 17.137396
14198.924, 347.382291, 17.186955
2283.824, 347.371831, 17.174585
4652.570, 347.180245, 16.925816
7708.210, 347.347244, 17.139017
2033.264, 347.196922, 16.943259
1969.819, 347.252606, 17.013641
2394.710, 347.198434, 16.935539
3844.390, 347.337817, 17.115778
2676.490, 347.211602, 16.951986
3093.841, 347.237912, 16.984574
8862.266, 347.296001, 17.058257
10067.788, 347.272106, 17.027323
2720.938, 347.205311, 16.938569
2258.143, 347.289785, 17.046607
33925.727, 347.215352, 16.946935
3477.495, 347.381524, 17.162731
3844.962, 347.298687, 17.054802
3790.956, 347.373708, 17.150885
2794.604, 347.262920, 17.006366
32003.743, 347.252982, 16.991679
11163.858, 347.261673, 17.001641
2327.916, 347.364306, 17.131012
17012.121, 347.276523, 17.011779
1969.930, 347.429024, 17.212184
55050.451, 347.180350, 16.885027
7264.027, 347.341892, 17.096088
4264.881, 347.242093, 16.965460
2763.853, 347.412497, 17.185340
10922.283, 347.269543, 16.998282
6989.063, 347.208070, 16.917015
2693.112, 347.186516, 16.887015
3081.275, 347.420655, 17.191019
1901.196, 347.318757, 17.059167
6192.737, 347.362130, 17.113276
60587.825, 347.243494, 16.955179
3050.403, 347.325319, 17.064280
2330.687, 347.216430, 16.922125
3158.926, 347.208039, 16.910226
2336.395, 347.424293, 17.191102
10454.499, 347.406306, 17.164541
4994.326, 347.277008, 16.995981
1928.694, 347.217627, 16.916020
3144.481, 347.233084, 16.934687
5452.745, 347.344409, 17.078514
37386.972, 347.364989, 17.102245
1904.182, 347.342234, 17.074832
8118.497, 347.253667, 16.957766
56850.248, 347.332028, 17.052699
4643.036, 347.244608, 16.942547
5102.259, 347.202138, 16.886033
5822.783, 347.308424, 17.022762
1914.269, 347.234176, 16.926489
2712.782, 347.295236, 17.005415
46508.688, 347.292625, 16.998201
3101.180, 347.279040, 16.982839
17688.541, 347.206426, 16.884331
2325.644, 347.242851, 16.933592
64488.261, 347.232408, 16.912769
9721.740, 347.314020, 17.023015
32189.525, 347.258071, 16.948683
3171.457, 347.198113, 16.872468
20229.135, 347.301011, 17.004659
21437.821, 347.262563, 16.954195
2728.522, 347.438338, 17.183572
8150.768, 347.434619, 17.178235
4638.019, 347.395717, 17.127562
3106.120, 347.211070, 16.888458
6983.880, 347.318223, 17.025700
6927.604, 347.248347, 16.934951
1908.958, 347.337596, 17.051693
12363.898, 347.281056, 16.976681
5107.482, 347.201196, 16.872439
3844.306, 347.456169, 17.203795
2365.279, 347.213688, 16.888698
5857.397, 347.235755, 16.916327
3114.867, 347.355734, 17.072299
2304.522, 347.222330, 16.898451
2375.448, 347.199841, 16.868917
4663.871, 347.419515, 17.153632
10375.244, 347.375825, 17.095130
5387.387, 347.350571, 17.062325
19336.555, 347.218470, 16.887229
1902.198, 347.339202, 17.047475
5500.174, 347.255700, 16.938529
3482.916, 347.360314, 17.073714
2310.619, 347.337450, 17.044218
3110.673, 347.313606, 17.012500
2395.338, 347.213183, 16.882086
1933.334, 347.420836, 17.151083
5087.307, 347.287566, 16.977424
4671.703, 347.357739, 17.068023
1956.616, 347.231224, 16.903683
4239.856, 347.366358, 17.078751
4275.396, 347.410425, 17.134762
8445.748, 347.396365, 17.115306
2311.761, 347.329853, 17.030473
4219.671, 347.460751, 17.199260
2328.338, 347.389929, 17.107665
3453.492, 347.387488, 17.104609
5782.027, 347.342115, 17.044246
5804.832, 347.395268, 17.112149
5822.681, 347.385352, 17.099732
4210.937, 347.379181, 17.091909
14623.913, 347.314092, 17.004691
3100.937, 347.280174, 16.963462
4293.743, 347.412171, 17.133213
10402.306, 347.340590, 17.039575
117736.760, 347.261524, 16.932179
3845.540, 347.433013, 17.158850
7233.559, 347.241976, 16.909369
15529.910, 347.465328, 17.198078
4974.650, 347.367078, 17.071901
8582.513, 347.265589, 16.938760
5022.647, 347.388997, 17.098722
6189.819, 347.353403, 17.051782
8150.684, 347.230423, 16.892199
16566.449, 347.365288, 17.065896
14993.091, 347.274209, 16.947169
2296.833, 347.410938, 17.126805
2295.899, 347.342255, 17.036541
10847.098, 347.331555, 17.021581
2366.258, 347.356851, 17.055064
2282.440, 347.322651, 17.009406
1983.256, 347.222415, 16.878896
3483.053, 347.337530, 17.028262
12756.444, 347.235469, 16.893355
28581.767, 347.302359, 16.978663
1963.210, 347.390460, 17.094108
5070.534, 347.238156, 16.896019
9368.628, 347.461957, 17.184989
1918.837, 347.419937, 17.131833
2679.135, 347.404823, 17.112193
5811.815, 347.268696, 16.933512
4654.243, 347.262939, 16.926948
6508.958, 347.362604, 17.056104
9598.616, 347.282135, 16.949922
5065.767, 347.256940, 16.917447
5820.671, 347.468306, 17.192578
16161.672, 347.466159, 17.186518
8901.512, 347.371705, 17.066477
3526.747, 347.292274, 16.962816
8202.664, 347.251604, 16.909282
5847.710, 347.393126, 17.091147
20089.972, 347.346757, 17.029677
3875.785, 347.277668, 16.940668
2320.404, 347.432015, 17.140413
2304.842, 347.421418, 17.126411
5003.909, 347.234615, 16.883149
4592.245, 347.405167, 17.104465
3428.292, 347.399978, 17.098104
2746.337, 347.364033, 17.050020
3844.154, 347.359954, 17.044382
18165.801, 347.355710, 17.037649
6516.102, 347.438212, 17.144819
105041.420, 347.392435, 17.079267
2315.199, 347.337567, 17.014909
18792.900, 347.311357, 16.976949
3577.342, 347.249534, 16.900234
8149.908, 347.346618, 17.025007
13908.433, 347.329766, 17.003521
1936.234, 347.322037, 16.994144
11185.123, 347.473442, 17.189192
13802.465, 347.387298, 17.076009
8049.063, 347.314732, 16.982747
5104.487, 347.226699, 16.868450
5879.282, 347.478148, 17.194000
19506.687, 347.425037, 17.123472
2342.422, 347.351443, 17.030506
11181.868, 347.278279, 16.931723
33320.858, 347.450974, 17.153096
3519.786, 347.460201, 17.168350
10394.043, 347.410441, 17.102677
6163.215, 347.374510, 17.055791
8498.219, 347.242456, 16.884700
6570.272, 347.239502, 16.880917
2717.327, 347.440835, 17.142665
3515.798, 347.367083, 17.047073
2761.650, 347.465370, 17.174041
6547.241, 347.299696, 16.956988
14182.567, 347.461169, 17.164297
3041.579, 347.380320, 17.062722
5792.697, 347.336853, 17.005933
11524.175, 347.295914, 16.951196
46297.740, 347.356975, 17.026501
7329.902, 347.288793, 16.940651
10801.226, 347.272086, 16.918349
70788.993, 347.477454, 17.181098
4741.706, 347.257326, 16.899583
3556.791, 347.244611, 16.882429
3055.499, 347.403207, 17.088705
1936.064, 347.362450, 17.035766
26098.717, 347.351340, 17.018253
3120.464, 347.339548, 17.004763
15137.151, 347.286729, 16.934483
4220.134, 347.333121, 16.995666
1921.658, 347.235742, 16.869432
3546.425, 347.482851, 17.189038
4680.649, 347.447620, 17.143340
3871.240, 347.270520, 16.913181
3869.873, 347.409836, 17.093475
3105.463, 347.361006, 17.029449
6558.732, 347.313826, 16.967417
13054.992, 347.372648, 17.042957
10784.537, 347.356200, 17.021011
6220.576, 347.245024, 16.877455
3860.455, 347.465890, 17.164345
2733.934, 347.363280, 17.031837
3064.072, 347.343821, 17.006213
5342.647, 347.400753, 17.079163
4239.142, 347.319374, 16.973575
10889.773, 347.243635, 16.873136
5434.971, 347.406651, 17.085982
4956.815, 347.377396, 17.048262
4609.757, 347.459148, 17.153866
1945.408, 347.367456, 17.035022
6623.145, 347.287707, 16.929838
9605.625, 347.276220, 16.914800
6244.776, 347.311183, 16.960102
2332.578, 347.233484, 16.859639
7310.143, 347.298147, 16.942387
8093.923, 347.279760, 16.918760
2349.614, 347.392708, 17.065944
2779.721, 347.381640, 17.051192
8503.782, 347.329111, 16.981894
9211.538, 347.305573, 16.951518
3482.900, 347.242499, 16.870089
2720.777, 347.230579, 16.854360
1942.667, 347.471172, 17.166860
12753.715, 347.251814, 16.879023
25085.528, 347.429007, 17.108115
3884.082, 347.269977, 16.904116
24345.803, 347.363603, 17.023641
5795.880, 347.302330, 16.945094
4987.778, 347.485777, 17.183737
2679.449, 347.480807, 17.177079
3893.586, 347.443641, 17.128851
3110.906, 347.388234, 17.056966
7599.129, 347.376535, 17.039545
5091.458, 347.471353, 17.163165
2330.642, 347.356744, 17.013789
13878.083, 347.476200, 17.167247
1950.662, 347.247450, 16.870914
14301.237, 347.401038, 17.067779
3528.728, 347.277116, 16.908378
3522.210, 347.353541, 17.004902
1874.970, 347.307504, 16.945754
6230.375, 347.280936, 16.909507
4192.399, 347.451476, 17.131729
2694.912, 347.492264, 17.184460
23233.452, 347.430766, 17.102108
5006.576, 347.254561, 16.875004
2369.195, 347.245906, 16.863991
2745.671, 347.435597, 17.110132
3115.943, 347.444343, 17.120890
4227.310, 347.332177, 16.974424
8885.827, 347.326442, 16.965811
2351.085, 347.319045, 16.957945
2709.035, 347.348156, 16.995019
2674.775, 347.395099, 17.055192
10742.107, 347.360618, 17.009691
2654.337, 347.314509, 16.950734
12917.726, 347.471334, 17.153290
3855.335, 347.452561, 17.129371
45119.997, 347.366022, 17.013428
3903.140, 347.483373, 17.167650
3073.679, 347.258855, 16.875861
38816.764, 347.477265, 17.156489
6189.596, 347.334294, 16.972417
3437.924, 347.300568, 16.929573
52890.232, 347.352043, 16.992106
2754.118, 347.392540, 17.047850
10885.094, 347.387990, 17.040592
7792.479, 347.310934, 16.939469
2744.833, 347.337249, 16.973803
7336.058, 347.304426, 16.930638
3516.139, 347.418723, 17.079075
2295.246, 347.412876, 17.071845
188247.610, 347.258439, 16.862946
9696.601, 347.392436, 17.043435
8860.601, 347.288972, 16.908281
2722.890, 347.487252, 17.166947
3485.136, 347.467152, 17.140384
16987.732, 347.456622, 17.124585
4225.597, 347.427399, 17.087677
7789.047, 347.398354, 17.049973
4223.378, 347.451175, 17.118404
24295.310, 347.247381, 16.850052
5363.597, 347.315742, 16.940761
19986.957, 347.447748, 17.110863
14588.149, 347.406099, 17.056537
3493.522, 347.381214, 17.025485
10783.174, 347.310178, 16.932934
11280.813, 347.279268, 16.892075
4258.807, 347.478431, 17.151217
8465.883, 347.461796, 17.129266
27371.332, 347.276919, 16.886937
54454.628, 347.444316, 17.101128
12299.351, 347.386187, 17.030681
1960.155, 347.348477, 16.982252
5375.601, 347.333577, 16.962354
22013.621, 347.499253, 17.175379
62250.374, 347.483787, 17.151942
4210.902, 347.359147, 16.993388
3870.713, 347.436336, 17.092861
9682.520, 347.365715, 16.999935
2684.703, 347.467516, 17.132696
3863.945, 347.433524, 17.087466
8105.418, 347.490188, 17.160781
5325.421, 347.478159, 17.145159
14639.001, 347.474164, 17.139038
23111.331, 347.392049, 17.031340
8090.125, 347.388850, 17.028989
4284.536, 347.375583, 17.012020
6586.444, 347.354324, 16.984397
10781.550, 347.304563, 16.919766
5061.151, 347.462953, 17.124931
47333.769, 347.459497, 17.113503
3539.199, 347.448177, 17.105703
3855.671, 347.316046, 16.933507
5021.821, 347.244674, 16.840847
9997.038, 347.417191, 17.063553
11110.698, 347.303450, 16.915657
2734.689, 347.300849, 16.912706
11274.522, 347.434259, 17.082465
49837.460, 347.426850, 17.072305
5036.628, 347.498272, 17.167635
2348.646, 347.468072, 17.128861
3104.832, 347.402401, 17.043058
8874.586, 347.332109, 16.950777
2353.655, 347.472153, 17.133457
5694.994, 347.429566, 17.077517
12208.314, 347.363614, 16.990090
5834.373, 347.347822, 16.970677
9280.342, 347.343752, 16.964889
4621.046, 347.501744, 17.170614
17349.972, 347.493982, 17.157111
5365.072, 347.481185, 17.140892
4275.073, 347.497236, 17.161948
4238.072, 347.444783, 17.094092
3797.829, 347.320109, 16.931995
18066.865, 347.308416, 16.915306
6179.774, 347.301890, 16.907573
6926.738, 347.506607, 17.173388
3869.363, 347.469030, 17.124016
8028.830, 347.451202, 17.100652
7010.316, 347.292621, 16.894478
13527.659, 347.474466, 17.129688
4247.285, 347.368986, 16.993501
1985.300, 347.359683, 16.982098
24287.702, 347.379774, 17.003515
3878.450, 347.276417, 16.872849
9614.125, 347.423905, 17.063368
2676.800, 347.356831, 16.976845
3455.788, 347.285740, 16.883916
140584.356, 347.439265, 17.077431
4997.921, 347.420074, 17.058524
18903.740, 347.334322, 16.945438
19328.384, 347.395939, 17.024324
3147.094, 347.388240, 17.015963
1939.572, 347.355137, 16.973239
21207.171, 347.461317, 17.106607
6535.580, 347.364526, 16.983743
8497.636, 347.280159, 16.874028
4231.096, 347.260853, 16.849521
6185.058, 347.509585, 17.172266
4197.443, 347.502065, 17.162535
6967.655, 347.432093, 17.071142
3830.977, 347.351372, 16.966594
3437.178, 347.267737, 16.857975
2393.166, 347.494071, 17.151678
6966.361, 347.489289, 17.144386
9305.417, 347.475566, 17.126630
5072.193, 347.429484, 17.065745
1943.288, 347.340846, 16.950580
2353.030, 347.349817, 16.960725
13440.262, 347.493473, 17.144568
4314.401, 347.412629, 17.041968
7285.205, 347.405479, 17.031276
6985.000, 347.500104, 17.153454
4674.744, 347.460644, 17.102094
4981.897, 347.431394, 17.064171
11629.477, 347.452175, 17.089443
2357.044, 347.418586, 17.047704
4296.393, 347.392467, 17.013264
4213.600, 347.355926, 16.965783
9600.227, 347.469413, 17.111418
4274.979, 347.321485, 16.920073
1934.940, 347.479727, 17.125295
3952.803, 347.362111, 16.971871
2707.603, 347.329873, 16.929445
6139.751, 347.292680, 16.879942
5369.344, 347.507119, 17.158803
5794.138, 347.302624, 16.892892
10472.879, 347.498582, 17.146743
19499.329, 347.486593, 17.130503
2345.890, 347.417333, 17.041883
25475.878, 347.433249, 17.057095
3831.588, 347.271856, 16.850706
9990.682, 347.477605, 17.117280
9268.744, 347.463804, 17.098578
4241.357, 347.393415, 17.008377
13415.538, 347.383623, 16.993961
6625.127, 347.278427, 16.857764
3108.692, 347.386888, 16.999122
3880.128, 347.347082, 16.947323
4977.551, 347.260718, 16.834531
3872.403, 347.512094, 17.160753
15379.353, 347.507424, 17.153404
3034.830, 347.492316, 17.134514
7684.485, 347.411933, 17.030053
27330.342, 347.357769, 16.958406
5012.838, 347.341346, 16.938883
20387.341, 347.338617, 16.933419
41127.211, 347.424070, 17.043603
4974.047, 347.288763, 16.869668
7329.031, 347.460920, 17.091847
2317.277, 347.301474, 16.885833
1944.812, 347.269751, 16.844798
15685.731, 347.485470, 17.121860
15087.570, 347.420948, 17.039557
4227.387, 347.473853, 17.108247
11986.460, 347.410753, 17.025665
11896.160, 347.261325, 16.830668
3871.305, 347.491940, 17.130999
4266.039, 347.458787, 17.087650
3912.549, 347.405899, 17.018239
14532.300, 347.370251, 16.971394
2674.646, 347.456765, 17.083872
3853.013, 347.399246, 17.009243
5009.024, 347.505581, 17.147101
6131.881, 347.323273, 16.909572
3111.233, 347.500827, 17.139791
3494.640, 347.321435, 16.906533
2326.369, 347.285879, 16.860144
