# Source Fluxes and Coordinates
# Flux (e-/s), RA (deg), Dec (deg)
5743.643, 347.506832, 17.203024
10213.622, 347.257661, 16.892368
34618.147, 347.253891, 16.889664
24090.205, 347.356852, 17.025438
15952.618, 347.477505, 17.180627
7261.299, 347.353543, 17.020722
32558.414, 347.279260, 16.928556
11600.908, 347.263981, 16.909064
4836.774, 347.327162, 16.989510
6242.551, 347.259472, 16.903700
8669.900, 347.274718, 16.923195
2441.410, 347.255866, 16.898888
119836.779, 347.392373, 17.079348
2887.230, 347.288056, 16.945847
8701.440, 347.257563, 16.911468
4868.145, 347.380313, 17.071133
11607.115, 347.260548, 16.918981
4363.818, 347.238320, 16.894192
4567.597, 347.459902, 17.178076
158865.342, 347.261421, 16.932521
4819.075, 347.317874, 17.001420
13609.433, 347.247969, 16.915169
18281.268, 347.484665, 17.218095
7743.016, 347.291497, 16.972773
48573.773, 347.418420, 17.137035
4345.147, 347.250270, 16.922724
2884.668, 347.288387, 16.976609
105377.499, 347.233143, 16.911373
6344.642, 347.250213, 16.931998
13607.826, 347.227945, 16.905395
54680.866, 347.257960, 16.948983
4838.118, 347.303033, 17.003318
6282.224, 347.244065, 16.932867
11633.872, 347.253251, 16.945244
4795.084, 347.231509, 16.919590
76140.758, 347.331930, 17.052336
22203.154, 347.226329, 16.916496
2465.553, 347.238650, 16.930382
9203.177, 347.251627, 16.951077
5815.401, 347.222222, 16.914277
6743.662, 347.226044, 16.923373
6262.135, 347.254965, 16.959710
8713.070, 347.238614, 16.940388
5304.707, 347.247156, 16.952530
14113.295, 347.462321, 17.228125
2448.329, 347.226291, 16.926830
5847.455, 347.220554, 16.921755
94502.013, 347.243099, 16.954680
7202.381, 347.257259, 16.971984
5331.528, 347.315583, 17.047721
2416.533, 347.212875, 16.922883
2907.195, 347.216918, 16.931176
2948.768, 347.212647, 16.927464
8681.358, 347.276534, 17.010594
20418.010, 347.216129, 16.934621
7772.511, 347.231877, 16.955228
2896.010, 347.229834, 16.951846
16764.346, 347.341983, 17.100458
2971.109, 347.233789, 16.962785
6350.688, 347.226224, 16.954092
40508.671, 347.215812, 16.946859
13496.705, 347.206770, 16.934052
11620.453, 347.210570, 16.938168
6349.886, 347.251047, 16.991792
13616.562, 347.222100, 16.956510
13999.182, 347.239961, 16.980606
4365.631, 347.195913, 16.925048
6272.966, 347.202121, 16.933665
5841.316, 347.232215, 16.973349
3346.431, 347.275568, 17.028701
7263.869, 347.245256, 16.992314
10148.911, 347.193746, 16.928439
10618.263, 347.206445, 16.946430
6270.773, 347.210359, 16.950216
7674.001, 347.221658, 16.965748
5370.800, 347.197218, 16.936970
3899.915, 347.306583, 17.077980
2471.082, 347.203178, 16.946737
9599.754, 347.211294, 16.960485
3876.152, 347.232986, 16.988419
2406.655, 347.258231, 17.021258
8218.924, 347.255792, 17.019107
3871.413, 347.265538, 17.034110
8262.391, 347.384187, 17.186575
18805.839, 347.195589, 16.946923
10163.177, 347.273266, 17.046297
7249.217, 347.207958, 16.963962
86450.836, 347.339924, 17.136897
2910.966, 347.184031, 16.934529
6249.726, 347.191162, 16.944074
18378.990, 347.226940, 16.990739
2419.404, 347.233637, 16.998157
11173.045, 347.188560, 16.941664
10349.714, 347.292469, 17.076025
4379.305, 347.255312, 17.030070
26988.752, 347.197152, 16.959890
3396.657, 347.213898, 16.977376
2462.796, 347.335237, 17.132806
7266.876, 347.302164, 17.092549
140674.740, 347.179878, 16.942713
102010.669, 347.328940, 17.135749
13909.459, 347.193197, 16.958506
4437.846, 347.236703, 17.014002
209546.931, 347.340502, 17.155619
8240.379, 347.203403, 16.975737
6319.875, 347.213943, 16.989007
3907.914, 347.218685, 16.994125
3878.640, 347.208941, 16.983934
2975.514, 347.183984, 16.954378
5307.598, 347.189088, 16.961309
7235.118, 347.181199, 16.956989
16388.302, 347.209450, 16.993470
11586.932, 347.194363, 16.974067
6266.899, 347.169655, 16.943828
12626.420, 347.188773, 16.969112
4898.745, 347.221409, 17.013672
8196.014, 347.201403, 16.989366
2905.740, 347.169220, 16.949058
55853.974, 347.200954, 16.995787
27022.231, 347.185455, 16.973272
4349.337, 347.256468, 17.064142
97149.915, 347.295506, 17.119065
34312.129, 347.169804, 16.958105
2902.001, 347.182364, 16.971980
2461.513, 347.208133, 17.005321
2463.636, 347.240300, 17.046999
6805.353, 347.177928, 16.968309
5722.829, 347.227647, 17.031678
3400.070, 347.242314, 17.049939
8702.753, 347.245861, 17.055262
40278.286, 347.374138, 17.221378
4844.988, 347.173126, 16.962382
5365.917, 347.361734, 17.204464
5272.819, 347.185216, 16.979151
14940.452, 347.176589, 16.971448
4909.832, 347.161523, 16.951175
9171.384, 347.162721, 16.954880
12514.377, 347.184873, 16.984313
8203.918, 347.200747, 17.004028
26943.795, 347.351917, 17.199389
4340.327, 347.236766, 17.050070
12042.633, 347.193275, 16.998354
4368.921, 347.219006, 17.031680
42343.864, 347.192559, 17.002589
7780.478, 347.226664, 17.043687
26306.528, 347.269478, 17.099880
3864.212, 347.221102, 17.036745
3419.750, 347.173508, 16.976752
34458.803, 347.379999, 17.244211
9249.588, 347.273388, 17.107042
15364.211, 347.160753, 16.964100
8682.580, 347.154740, 16.957208
3368.337, 347.182180, 16.991124
2384.131, 347.197275, 17.011180
2424.054, 347.302233, 17.146532
4389.359, 347.151026, 16.955815
8721.175, 347.244679, 17.076142
6796.186, 347.175573, 16.988084
3418.098, 347.291556, 17.137765
12026.406, 347.365612, 17.233412
2401.149, 347.163942, 16.975525
10706.796, 347.183245, 17.000544
23102.610, 347.196071, 17.018340
3361.830, 347.213772, 17.040956
5316.035, 347.223447, 17.053123
16393.288, 347.153992, 16.967390
3889.270, 347.225184, 17.059666
18735.525, 347.167011, 16.988135
46277.161, 347.183367, 17.009410
2419.481, 347.285507, 17.137244
2990.967, 347.239535, 17.078917
4352.242, 347.147119, 16.964319
3391.629, 347.235078, 17.075851
11048.080, 347.173407, 16.998379
30736.334, 347.214936, 17.053742
59272.151, 347.244290, 17.091690
17321.211, 347.150154, 16.973273
6297.335, 347.143565, 16.964766
18267.822, 347.154322, 16.979047
3919.881, 347.177028, 17.006714
3931.340, 347.183924, 17.016478
524238.461, 347.271650, 17.138785
4361.644, 347.140057, 16.964326
5837.844, 347.188270, 17.026487
7787.285, 347.184772, 17.023830
5367.331, 347.221295, 17.071164
9203.686, 347.139907, 16.969924
3404.647, 347.170972, 17.008758
41782.824, 347.202027, 17.053181
4750.581, 347.136315, 16.969650
6240.417, 347.157586, 16.996160
7300.153, 347.179402, 17.024086
2454.699, 347.142804, 16.977682
5293.533, 347.236895, 17.098393
2899.377, 347.158636, 17.000472
2939.051, 347.181587, 17.029828
10190.180, 347.186100, 17.036545
62891.515, 347.139825, 16.984005
12672.979, 347.176406, 17.026769
6292.833, 347.192782, 17.046774
16893.885, 347.197168, 17.052561
12580.478, 347.135629, 16.975170
2424.120, 347.165904, 17.012748
4822.007, 347.150265, 16.993724
55447.350, 347.233358, 17.105203
5837.033, 347.170015, 17.019893
8698.522, 347.131737, 16.971782
2925.083, 347.213115, 17.075818
225884.498, 347.195899, 17.063321
5836.181, 347.159274, 17.011836
2908.547, 347.271555, 17.155009
5350.638, 347.133914, 16.980708
6285.079, 347.179194, 17.038603
175536.926, 347.204620, 17.077099
4853.316, 347.128105, 16.974967
4441.385, 347.142703, 16.993415
4901.860, 347.152048, 17.009069
4797.537, 347.170266, 17.033213
8196.001, 347.179705, 17.045909
4850.092, 347.219605, 17.097240
3359.253, 347.139653, 16.995306
15699.925, 347.294930, 17.195656
52618.471, 347.163074, 17.030542
4331.210, 347.188994, 17.060657
2934.018, 347.131090, 16.987120
12996.825, 347.144222, 17.004629
7754.031, 347.246543, 17.137053
3866.166, 347.125461, 16.981851
3922.468, 347.197360, 17.074074
4285.583, 347.121419, 16.978863
8663.157, 347.151384, 17.017954
16396.227, 347.133088, 16.995829
2876.600, 347.173410, 17.045772
2441.953, 347.138363, 17.002141
4360.029, 347.148368, 17.015401
13476.109, 347.196563, 17.078920
6273.106, 347.220069, 17.107487
18441.958, 347.126461, 16.989350
6756.913, 347.194591, 17.075741
3405.731, 347.161523, 17.035578
3832.622, 347.143317, 17.013206
4345.654, 347.117031, 16.980262
2448.810, 347.164115, 17.040073
189021.352, 347.183007, 17.072077
3871.510, 347.180478, 17.062733
3474.264, 347.123274, 16.991534
5851.595, 347.146374, 17.020796
6351.721, 347.213964, 17.108439
5746.234, 347.115636, 16.983811
6824.802, 347.148399, 17.025448
9158.187, 347.177914, 17.065498
8690.573, 347.143288, 17.022107
3886.452, 347.122845, 16.995260
5777.540, 347.124350, 16.997503
4886.161, 347.127474, 17.002309
6315.579, 347.202849, 17.099506
25135.432, 347.117105, 16.993897
7253.111, 347.149531, 17.033228
11564.214, 347.171364, 17.062358
2433.119, 347.240831, 17.150339
12564.964, 347.120547, 16.999995
3397.153, 347.293127, 17.219326
9650.733, 347.123057, 17.004058
7698.923, 347.138825, 17.023602
5886.675, 347.191043, 17.091570
12991.703, 347.210371, 17.116671
23617.262, 347.124544, 17.009632
29931.464, 347.313302, 17.251043
2442.072, 347.191945, 17.095433
3397.979, 347.109273, 16.990688
5813.715, 347.178739, 17.080166
14558.386, 347.118490, 17.005943
61241.780, 347.166925, 17.069650
13580.412, 347.291749, 17.227231
10120.745, 347.153422, 17.049451
3439.310, 347.185459, 17.091434
3374.374, 347.149825, 17.046723
2937.030, 347.125105, 17.016298
3387.594, 347.104299, 16.990585
3459.394, 347.153646, 17.054903
28457.679, 347.179029, 17.089848
10170.434, 347.107415, 16.997220
8689.361, 347.139774, 17.039197
12011.857, 347.154207, 17.058732
11547.516, 347.134719, 17.036087
2917.531, 347.240081, 17.169353
18710.071, 347.120708, 17.020046
6260.728, 347.182535, 17.099144
3416.661, 347.185402, 17.102674
9242.165, 347.114505, 17.012904
15536.027, 347.126989, 17.030162
3410.424, 347.101190, 16.997332
2466.015, 347.120769, 17.024105
2902.145, 347.203845, 17.131199
2386.320, 347.189036, 17.112552
17888.886, 347.100707, 17.002776
10151.115, 347.180590, 17.104116
5814.037, 347.182487, 17.107739
2405.340, 347.187581, 17.113481
5357.861, 347.107409, 17.012358
2896.782, 347.132494, 17.044624
5767.479, 347.285951, 17.242881
31345.114, 347.116358, 17.029174
4876.735, 347.284350, 17.240873
17324.085, 347.098527, 17.006219
51538.513, 347.110027, 17.025195
28456.641, 347.126220, 17.044436
2898.514, 347.172791, 17.102693
2973.066, 347.156123, 17.082281
72904.269, 347.127972, 17.051456
9200.511, 347.151987, 17.081784
37570.914, 347.089789, 17.004456
6747.886, 347.115290, 17.034222
55528.132, 347.154321, 17.087778
4339.801, 347.179986, 17.116889
3401.139, 347.190570, 17.130571
2438.025, 347.284112, 17.251154
29918.723, 347.092533, 17.009171
3408.619, 347.161552, 17.096507
74798.530, 347.118285, 17.046973
10121.451, 347.164739, 17.102072
4377.543, 347.182705, 17.124696
3375.370, 347.148623, 17.082346
2834.495, 347.310557, 17.291069
11126.372, 347.097898, 17.021170
3922.143, 347.209246, 17.162149
15525.253, 347.114303, 17.042293
2933.535, 347.159336, 17.101356
20224.288, 347.091022, 17.017035
224599.469, 347.215009, 17.180032
7241.376, 347.190866, 17.144597
60739.695, 347.238695, 17.209110
77729.672, 347.277286, 17.259116
25166.068, 347.110744, 17.044713
2444.015, 347.155366, 17.099650
3858.152, 347.115406, 17.050520
4353.198, 347.146177, 17.089915
156656.253, 347.124512, 17.068720
11589.221, 347.084696, 17.015177
323744.996, 347.169672, 17.136224
128744.857, 347.289920, 17.282724
2411.461, 347.171684, 17.125828
2886.228, 347.191225, 17.150639
9173.869, 347.093288, 17.027199
81257.185, 347.099636, 17.038221
3857.872, 347.131572, 17.075220
16364.246, 347.134754, 17.082517
2379.413, 347.108777, 17.048642
93731.780, 347.138177, 17.092656
5330.807, 347.180672, 17.142723
4379.047, 347.112812, 17.058188
10087.721, 347.088831, 17.028715
7269.583, 347.074933, 17.011583
3375.491, 347.082531, 17.021584
6821.175, 347.125091, 17.076603
6350.441, 347.150754, 17.109174
5864.250, 347.156859, 17.117532
3865.789, 347.093933, 17.037845
9240.695, 347.195845, 17.171443
18327.979, 347.250952, 17.243565
2428.124, 347.126824, 17.083424
11596.782, 347.161560, 17.130333
9190.216, 347.128771, 17.089153
517452.620, 347.214696, 17.214815
4886.330, 347.295719, 17.304002
20755.853, 347.070811, 17.018164
2952.858, 347.147643, 17.114787
7204.366, 347.088700, 17.041573
5726.732, 347.152824, 17.126151
7815.375, 347.211859, 17.201077
3885.826, 347.210247, 17.198915
3357.249, 347.321978, 17.342877
4840.308, 347.071992, 17.023588
5322.870, 347.113077, 17.076598
54963.708, 347.101352, 17.069916
7752.411, 347.176761, 17.161465
24004.093, 347.186927, 17.175407
20707.979, 347.065837, 17.022270
7207.346, 347.128243, 17.101586
2424.901, 347.275880, 17.292990
2874.318, 347.091259, 17.056732
2454.535, 347.138618, 17.119244
2914.443, 347.207175, 17.207253
7249.170, 347.067594, 17.030953
88448.013, 347.110016, 17.089560
53987.169, 347.279912, 17.305986
4879.418, 347.129657, 17.111927
64110.651, 347.296906, 17.329379
12610.957, 347.070648, 17.037521
5741.045, 347.081449, 17.050997
2906.567, 347.131815, 17.115138
11111.285, 347.063723, 17.029658
5842.931, 347.135081, 17.121294
9679.531, 347.084650, 17.057682
14528.329, 347.066801, 17.036728
9156.020, 347.071083, 17.043068
41423.112, 347.094133, 17.076220
29357.109, 347.055562, 17.027066
27988.620, 347.074171, 17.052170
9198.757, 347.071894, 17.046416
30435.398, 347.067164, 17.042444
2948.095, 347.142044, 17.136246
2968.932, 347.125000, 17.115222
10190.852, 347.138899, 17.133964
4401.144, 347.153702, 17.153798
24488.983, 347.084155, 17.068296
2435.699, 347.062822, 17.039301
5307.561, 347.056860, 17.032822
10602.413, 347.133348, 17.131986
9124.821, 347.086600, 17.072915
4895.844, 347.076961, 17.060681
2894.695, 347.081482, 17.065767
7292.781, 347.105231, 17.097016
5344.987, 347.112204, 17.105706
3862.220, 347.095852, 17.084855
2376.088, 347.060558, 17.040715
20179.461, 347.061994, 17.046356
2453.544, 347.134571, 17.135616
4820.675, 347.149093, 17.154546
3851.999, 347.070912, 17.054727
4880.953, 347.108138, 17.103366
2907.052, 347.112890, 17.109925
7690.020, 347.051978, 17.033156
11136.553, 347.118191, 17.118319
3907.067, 347.235024, 17.267930
14459.737, 347.128312, 17.131586
26929.350, 347.047682, 17.031181
3915.148, 347.092339, 17.085480
4336.952, 347.125878, 17.129595
14469.334, 347.067110, 17.054936
6767.458, 347.056716, 17.042397
7271.289, 347.080225, 17.072616
3839.906, 347.304504, 17.360025
3425.001, 347.120901, 17.125419
3949.071, 347.068395, 17.058737
23383.989, 347.308877, 17.369302
9715.965, 347.093846, 17.093762
8211.228, 347.135601, 17.146299
2870.382, 347.145351, 17.158436
6763.236, 347.107884, 17.111132
4854.643, 347.117079, 17.122945
3436.661, 347.304937, 17.364450
35125.269, 347.072813, 17.070301
37131.868, 347.062206, 17.057486
11190.823, 347.102594, 17.106982
30829.691, 347.047811, 17.041024
109200.292, 347.133606, 17.155593
12055.947, 347.092047, 17.098889
5781.496, 347.154134, 17.177705
2881.507, 347.042236, 17.035321
14474.114, 347.113150, 17.128125
4359.800, 347.147986, 17.172213
7193.994, 347.126691, 17.145988
50643.583, 347.041674, 17.042336
51030.016, 347.218019, 17.266495
14513.189, 347.047795, 17.049192
4366.415, 347.053376, 17.055146
3375.723, 347.081954, 17.091744
2901.651, 347.149290, 17.178799
5384.985, 347.100350, 17.117010
6312.908, 347.059843, 17.067476
6748.679, 347.042901, 17.046257
54521.956, 347.064083, 17.079771
9197.482, 347.048040, 17.054310
3474.827, 347.088956, 17.106260
14557.973, 347.044633, 17.052221
9701.589, 347.120285, 17.147952
31592.558, 347.152819, 17.190683
3407.768, 347.074469, 17.089589
38993.889, 347.057376, 17.071967
38629.946, 347.241671, 17.306039
3423.455, 347.149112, 17.186800
6297.040, 347.054468, 17.066703
2964.145, 347.032687, 17.040821
12205.837, 347.222717, 17.285877
6284.565, 347.088798, 17.113597
102312.353, 347.193808, 17.254371
17379.505, 347.038910, 17.053838
167146.846, 347.042524, 17.063739
2411.173, 347.110202, 17.143085
3837.557, 347.098645, 17.129892
100494.430, 347.091079, 17.125393
3384.507, 347.035784, 17.050992
6260.694, 347.104109, 17.139150
2442.595, 347.105252, 17.142864
22189.205, 347.059058, 17.085795
2879.813, 347.239259, 17.315931
230412.355, 347.104490, 17.151948
8297.558, 347.033702, 17.057309
5751.864, 347.049248, 17.076853
27503.999, 347.096478, 17.138444
5319.258, 347.064792, 17.097305
5782.701, 347.023753, 17.046521
9139.528, 347.145506, 17.202626
10632.831, 347.190991, 17.261886
6763.167, 347.077319, 17.116645
5302.892, 347.149160, 17.210906
26917.810, 347.022461, 17.050252
23083.159, 347.062470, 17.103778
40687.577, 347.070237, 17.111652
6670.377, 347.035265, 17.065547
9658.447, 347.082341, 17.126443
3522.769, 347.173066, 17.241866
32785.197, 347.027569, 17.058670
13543.645, 347.066933, 17.108371
2421.715, 347.134192, 17.193152
4883.064, 347.050369, 17.086601
4809.352, 347.083641, 17.130890
8707.654, 347.035663, 17.071465
9573.367, 347.038643, 17.076209
6726.834, 347.074971, 17.122678
6757.391, 347.049097, 17.091023
6369.793, 347.035579, 17.074112
7213.064, 347.130649, 17.196597
2433.477, 347.085931, 17.138969
4945.900, 347.103997, 17.163008
24620.803, 347.088036, 17.147080
16016.790, 347.014288, 17.053906
14497.517, 347.025306, 17.067113
18914.621, 347.151315, 17.229343
27586.920, 347.251918, 17.358715
5853.744, 347.073196, 17.128550
6274.600, 347.056799, 17.109142
2456.454, 347.094668, 17.157127
2876.637, 347.018080, 17.060107
3405.522, 347.032518, 17.078283
14007.434, 347.044257, 17.096074
17378.085, 347.025813, 17.073906
4400.435, 347.041422, 17.093047
77173.788, 347.049598, 17.107029
2438.244, 347.065229, 17.123287
10707.594, 347.121551, 17.197376
12588.126, 347.130195, 17.207958
15479.902, 347.020487, 17.068880
11630.543, 347.111424, 17.185192
23271.918, 347.102288, 17.175831
2419.881, 347.131347, 17.211352
5364.475, 347.083102, 17.150681
171886.716, 347.020034, 17.076743
8709.023, 347.053093, 17.113249
4837.937, 347.060435, 17.122238
3413.666, 347.065310, 17.127728
5324.996, 347.084627, 17.153323
25523.420, 347.026967, 17.084637
4876.975, 347.043443, 17.103034
3361.756, 347.017469, 17.070310
2399.102, 347.008072, 17.058426
2925.279, 347.034131, 17.092697
14985.071, 347.013241, 17.068447
6295.157, 347.091955, 17.168691
8575.700, 347.095660, 17.174048
2868.905, 347.034731, 17.094866
4820.402, 347.118836, 17.203123
32810.343, 347.105019, 17.190582
3870.513, 347.077832, 17.153830
25569.169, 347.027729, 17.092371
11041.399, 347.048463, 17.118634
11585.054, 347.036282, 17.104529
6764.595, 347.060519, 17.135399
4817.402, 347.088117, 17.172163
3875.328, 347.020724, 17.085710
5820.622, 347.068212, 17.147092
11602.378, 347.001782, 17.063058
10620.452, 347.014469, 17.079142
23640.428, 347.021574, 17.091192
27128.052, 347.007783, 17.073417
2402.366, 347.011700, 17.076280
64484.456, 347.139047, 17.243872
304394.492, 347.184473, 17.305105
10082.120, 347.005563, 17.070033
8257.243, 347.039407, 17.114211
8733.874, 347.104535, 17.198106
5287.551, 347.101271, 17.194580
2906.335, 347.068849, 17.152824
46803.806, 347.006712, 17.079460
21663.705, 347.035181, 17.113985
3370.378, 347.106880, 17.204360
3444.064, 347.026252, 17.101635
11575.207, 347.004682, 17.076066
7211.320, 347.029781, 17.107685
4844.310, 347.215768, 17.345733
38432.994, 347.052355, 17.142396
2908.149, 347.171021, 17.288688
13924.429, 347.017229, 17.093570
17282.961, 347.107916, 17.210609
3359.155, 347.139484, 17.249643
22668.524, 346.997113, 17.070726
2956.141, 347.064572, 17.154298
22646.754, 347.049526, 17.138056
2453.528, 347.074662, 17.168343
2868.090, 346.995251, 17.067002
6272.688, 347.008316, 17.083888
4892.760, 347.066214, 17.157802
2432.061, 347.044421, 17.130711
115675.013, 347.058472, 17.154685
92881.463, 347.008873, 17.092491
31211.675, 347.015838, 17.098795
7751.160, 347.020230, 17.103261
2500.940, 347.035527, 17.121675
46974.848, 347.186464, 17.318065
10125.157, 347.071918, 17.170552
39150.276, 346.996019, 17.079255
2950.923, 347.005313, 17.086137
174499.888, 347.133396, 17.256042
49080.304, 347.208520, 17.350380
17449.455, 346.993480, 17.073806
5385.167, 347.109757, 17.221407
177851.256, 346.998768, 17.090511
2396.154, 347.097289, 17.206398
10674.448, 347.081031, 17.188751
23601.538, 347.035129, 17.131898
4399.860, 347.048018, 17.145698
35242.726, 347.171081, 17.305490
14092.826, 347.043254, 17.141759
19357.942, 347.016248, 17.109248
3933.751, 347.030381, 17.124994
8229.748, 347.071294, 17.177941
49693.854, 347.021635, 17.117555
4329.588, 347.074035, 17.182289
11648.463, 347.026748, 17.122739
5807.346, 347.098386, 17.215623
12615.474, 347.030533, 17.129434
4848.996, 347.035487, 17.135250
4393.289, 347.038167, 17.139332
18298.856, 346.984451, 17.075271
23668.163, 347.022951, 17.124487
5281.389, 347.012964, 17.111190
7718.475, 347.027274, 17.131287
4826.666, 347.029018, 17.133935
7728.735, 347.097889, 17.222764
31291.315, 347.035752, 17.146797
13084.432, 347.076169, 17.195275
5795.211, 346.988907, 17.083887
5336.649, 347.018727, 17.121800
109317.249, 347.045909, 17.161357
4324.975, 347.063112, 17.178702
9756.993, 347.065931, 17.183359
12565.704, 347.001185, 17.101461
6321.056, 347.023725, 17.129462
4353.834, 347.044049, 17.155137
3906.699, 347.012250, 17.115771
4348.105, 347.161712, 17.306628
10302.940, 347.154360, 17.299187
3894.480, 347.052624, 17.168043
83865.126, 347.127143, 17.268094
2424.992, 347.151360, 17.295226
29404.151, 346.984840, 17.086518
2404.576, 347.165826, 17.315329
19213.752, 347.006168, 17.113504
19289.676, 347.050670, 17.172564
92447.871, 347.078395, 17.209519
36187.484, 346.979157, 17.083073
48232.423, 346.984378, 17.094075
9611.854, 346.992378, 17.097566
43374.625, 347.000056, 17.112247
4907.668, 347.017127, 17.129109
6369.093, 347.029518, 17.146403
3940.027, 347.007086, 17.118092
4433.346, 347.082624, 17.215940
30777.639, 347.018389, 17.136748
4395.745, 347.042106, 17.165864
3394.567, 347.053749, 17.179888
4362.067, 347.025314, 17.144255
4891.974, 347.002495, 17.116123
5289.529, 347.027756, 17.149424
6675.611, 347.112967, 17.258807
10618.415, 347.066067, 17.200050
2410.210, 347.125826, 17.275833
5777.904, 346.981023, 17.091221
3368.373, 347.052991, 17.183093
7304.156, 347.009212, 17.131948
3886.249, 347.089431, 17.234700
2400.622, 346.988045, 17.104626
8659.496, 347.017227, 17.143040
6274.361, 347.164802, 17.332632
40518.075, 346.991151, 17.111833
30155.701, 346.992060, 17.116867
3931.069, 347.039346, 17.171710
4798.716, 347.081831, 17.227231
30950.693, 347.009823, 17.137201
8716.843, 347.027430, 17.158608
6797.148, 346.998154, 17.121947
43478.557, 346.970343, 17.088808
9579.639, 347.046977, 17.185430
8685.604, 347.012228, 17.141666
2878.150, 347.020281, 17.151903
6290.247, 347.022952, 17.155539
2949.487, 347.003202, 17.130243
3471.880, 347.069354, 17.215305
6753.968, 347.000601, 17.128462
8204.428, 347.024542, 17.160647
7744.343, 347.128188, 17.292816
4307.613, 347.066511, 17.213846
42251.300, 347.131476, 17.299449
2410.829, 346.997693, 17.126177
6796.569, 347.011699, 17.144466
18363.921, 347.046550, 17.191028
246807.091, 347.067771, 17.223956
2887.796, 347.006882, 17.138777
6318.522, 346.979770, 17.104738
2906.587, 346.981790, 17.107442
54479.779, 346.967150, 17.096341
8603.486, 346.993849, 17.124525
126255.841, 346.995988, 17.131476
3849.393, 346.983054, 17.110929
5768.805, 347.032096, 17.175304
16036.792, 347.056881, 17.207080
33790.746, 346.978226, 17.110269
2912.125, 347.003189, 17.139496
2939.472, 347.016616, 17.156487
34374.074, 347.092248, 17.258252
7217.138, 347.104139, 17.271489
34519.908, 346.979921, 17.116822
13516.398, 346.988413, 17.125818
5777.938, 347.072488, 17.233926
4305.882, 346.999921, 17.143233
8657.231, 347.018690, 17.166521
11592.921, 346.984327, 17.123431
4883.563, 347.005840, 17.151704
37217.157, 346.960007, 17.097597
14368.200, 346.972984, 17.111524
21806.809, 347.021245, 17.176119
8698.780, 347.037027, 17.193321
10694.052, 347.007523, 17.157556
155987.205, 346.993882, 17.148036
7273.952, 347.023562, 17.178861
50846.093, 347.068567, 17.239311
16891.135, 346.986339, 17.132482
5849.563, 346.998665, 17.147724
2900.347, 347.165709, 17.361642
6787.110, 347.000762, 17.151756
8694.636, 347.010605, 17.164616
9691.197, 346.972979, 17.117065
2926.445, 347.167936, 17.366367
3890.313, 347.086436, 17.263329
11613.357, 346.977724, 17.125456
4789.833, 347.101794, 17.283601
6770.124, 346.960489, 17.103454
14928.016, 346.966921, 17.112423
10753.979, 346.969497, 17.116697
4373.396, 347.097605, 17.280413
12009.399, 346.987978, 17.142023
7201.668, 347.023122, 17.186460
9627.544, 347.068423, 17.244140
28501.615, 346.979594, 17.133709
2902.483, 347.070967, 17.247748
8745.870, 346.985419, 17.138738
15970.987, 347.049160, 17.221743
92084.479, 346.954287, 17.102169
3383.131, 346.965495, 17.114745
3892.894, 346.999299, 17.158361
5757.534, 347.016666, 17.182635
26534.129, 346.964148, 17.120312
2412.449, 347.027168, 17.198038
3903.231, 347.135372, 17.337430
12571.669, 346.998072, 17.162880
2414.591, 347.116113, 17.312989
14994.384, 346.978067, 17.138543
3395.715, 346.968038, 17.124642
28029.174, 347.010474, 17.181936
19225.810, 346.958070, 17.113688
8744.536, 347.000882, 17.168301
12114.713, 347.050585, 17.232006
5820.691, 347.080860, 17.270486
67610.533, 347.087573, 17.282574
6325.039, 347.017567, 17.190153
4852.079, 347.013153, 17.186537
26091.067, 346.962925, 17.125072
94082.276, 346.961160, 17.128425
42389.279, 346.984312, 17.155536
34783.134, 346.954695, 17.119332
12057.100, 346.977210, 17.145335
9210.878, 347.031409, 17.214492
2431.855, 347.091373, 17.290850
165586.957, 347.124049, 17.338669
134329.707, 346.944721, 17.111119
235409.231, 346.988977, 17.170445
9616.688, 346.967839, 17.136089
2888.202, 347.039756, 17.227654
2377.284, 347.055355, 17.247277
2945.061, 346.988335, 17.162416
14063.752, 347.006943, 17.187633
23755.931, 346.968536, 17.141377
2942.555, 346.978721, 17.152050
2894.496, 347.029093, 17.217357
2942.139, 347.042142, 17.233742
17329.239, 346.948080, 17.116849
2468.397, 347.017669, 17.204368
2908.262, 347.058762, 17.257270
7321.016, 346.975233, 17.151948
8173.014, 346.981677, 17.159615
3915.449, 347.014747, 17.201827
2894.708, 347.104184, 17.316599
9692.437, 346.995287, 17.178266
126790.663, 347.007026, 17.197911
4948.153, 347.021693, 17.211830
9073.427, 347.017555, 17.208126
2910.669, 347.033269, 17.227002
12982.260, 347.048018, 17.247387
13029.422, 347.079388, 17.289097
23207.103, 346.950101, 17.124791
3410.126, 346.972137, 17.151056
2940.730, 346.977472, 17.158115
22176.339, 347.069789, 17.278455
11079.107, 346.956558, 17.133251
6805.034, 346.966369, 17.144865
7315.735, 347.027447, 17.223411
5297.045, 346.981527, 17.165018
2878.094, 347.063853, 17.271116
3932.780, 347.022076, 17.218448
2372.628, 346.973302, 17.156364
14499.751, 346.996363, 17.186199
28528.090, 347.117276, 17.344039
16443.479, 346.951738, 17.130833
14972.606, 347.014194, 17.212505
10645.582, 347.045585, 17.250945
4831.395, 346.975473, 17.161098
3892.666, 346.945430, 17.123804
5340.351, 347.123629, 17.352535
31400.900, 346.934822, 17.112638
12119.952, 346.980567, 17.170137
2914.746, 346.940296, 17.118429
26437.130, 346.950477, 17.134730
3439.361, 347.040525, 17.247340
118861.980, 346.948113, 17.140944
6281.143, 346.965495, 17.152049
6368.227, 346.971546, 17.160081
5805.417, 347.071732, 17.288408
49943.122, 346.938208, 17.121296
15428.353, 346.945339, 17.128536
25273.612, 346.987632, 17.183723
474919.516, 346.969947, 17.170579
3880.097, 347.040378, 17.250096
2464.373, 346.977841, 17.170252
4345.217, 347.019108, 17.223029
8225.404, 347.016947, 17.221873
16819.073, 346.961609, 17.152408
3870.210, 346.989338, 17.186883
5372.899, 347.042302, 17.254787
7743.594, 346.932633, 17.115817
9705.107, 346.965742, 17.157532
22111.526, 346.991651, 17.192666
4845.128, 347.005968, 17.209262
31856.973, 346.953730, 17.147189
15928.266, 347.030445, 17.242133
64732.966, 347.013095, 17.230717
54506.029, 346.937402, 17.130199
13555.253, 346.979421, 17.181914
27980.040, 346.940888, 17.134328
5789.746, 347.037472, 17.256404
10138.462, 347.039541, 17.259826
18837.692, 346.980200, 17.187493
6815.166, 346.985178, 17.190299
7739.981, 347.034369, 17.254353
7254.975, 346.976147, 17.180468
3408.901, 346.991484, 17.199739
7349.015, 347.019489, 17.236764
26421.428, 346.923959, 17.118648
7766.770, 346.933921, 17.128865
10193.860, 346.949446, 17.149675
11085.883, 347.000188, 17.214795
2914.050, 346.940368, 17.137301
19823.981, 346.960130, 17.164237
14965.790, 347.025528, 17.248208
4788.125, 347.136393, 17.389322
10062.795, 346.928246, 17.123299
33240.562, 346.949391, 17.154822
9696.692, 346.942845, 17.146275
10221.507, 346.978597, 17.192237
5785.381, 347.055130, 17.290089
13587.817, 346.926063, 17.126609
15030.570, 346.936325, 17.138671
68468.188, 346.950635, 17.164928
6336.615, 346.970491, 17.182272
12018.736, 347.014309, 17.238782
29031.543, 346.936333, 17.143118
4501.571, 347.142358, 17.404051
6327.676, 346.984923, 17.203566
10111.465, 346.927439, 17.130639
9211.817, 346.961820, 17.176072
4418.977, 346.967531, 17.182367
2365.927, 346.929195, 17.133893
4788.692, 346.949008, 17.159166
4900.283, 346.942856, 17.152999
10610.174, 346.970205, 17.188025
116852.099, 347.072105, 17.322908
6355.146, 346.967139, 17.184620
3789.957, 347.039310, 17.276829
13497.230, 346.917567, 17.122790
2523.069, 346.972385, 17.191642
145023.185, 347.102998, 17.364565
9186.236, 346.963506, 17.182297
28966.422, 346.923350, 17.133468
15897.169, 346.976906, 17.200716
16944.614, 346.933930, 17.147201
18454.294, 346.941710, 17.156314
4340.821, 347.050885, 17.294964
5852.732, 346.967032, 17.188129
2456.292, 346.928581, 17.139512
2886.435, 346.944072, 17.159896
8694.055, 346.950696, 17.170435
5286.748, 347.003357, 17.237347
71715.013, 346.913774, 17.127263
18835.909, 346.953552, 17.176180
6709.878, 347.010477, 17.248600
87423.999, 347.012121, 17.254988
8240.862, 346.918733, 17.131339
11541.959, 346.927724, 17.143454
4847.306, 347.060265, 17.313386
2833.759, 347.089645, 17.350056
30966.737, 346.936747, 17.156670
12639.383, 346.977423, 17.208318
29522.820, 347.120947, 17.393226
3935.561, 346.923222, 17.138600
2479.090, 347.033383, 17.280484
39320.345, 347.148520, 17.430339
33273.793, 346.919075, 17.141347
3946.993, 346.943255, 17.166555
23617.251, 346.962857, 17.194173
15899.050, 347.017397, 17.262564
3442.692, 346.945355, 17.170457
5372.432, 346.955999, 17.184187
6302.758, 346.923883, 17.143894
29907.713, 346.946339, 17.176539
6302.961, 346.952807, 17.181566
5859.463, 346.937931, 17.163149
13603.951, 346.999675, 17.243993
4928.847, 346.967895, 17.202498
45707.202, 346.974943, 17.215931
19938.506, 347.073996, 17.340327
19348.540, 346.922867, 17.147038
2421.242, 346.908887, 17.128003
6254.942, 346.926593, 17.151101
59929.461, 346.928915, 17.158025
112221.644, 346.936187, 17.168910
7233.499, 347.045263, 17.303209
2904.380, 346.950854, 17.182631
30319.254, 347.078456, 17.348549
10147.279, 347.007070, 17.256172
7748.188, 347.018880, 17.272513
16477.205, 346.953872, 17.190433
4388.845, 346.981396, 17.224354
3894.931, 347.045723, 17.307963
3891.659, 346.991689, 17.239050
15992.255, 346.906998, 17.132375
2389.015, 347.092563, 17.369278
18418.135, 346.976342, 17.222952
6715.869, 347.038593, 17.300595
8749.479, 347.046137, 17.311783
24537.428, 346.916868, 17.148073
4890.607, 346.944991, 17.181969
5880.373, 346.999203, 17.251620
20228.102, 346.920222, 17.151541
5841.416, 346.938828, 17.175423
30381.263, 346.967597, 17.215100
2935.268, 347.077733, 17.352545
3425.774, 346.951915, 17.192604
2945.367, 346.992715, 17.245940
20355.347, 347.050075, 17.321297
17008.118, 346.944161, 17.185900
14557.155, 347.001064, 17.258298
5319.799, 346.906465, 17.136821
44206.258, 346.955260, 17.200837
4416.403, 346.988668, 17.242341
3363.381, 346.934980, 17.174052
12130.447, 346.920903, 17.157215
8243.651, 346.978947, 17.231081
3373.090, 346.969063, 17.218773
