# Source Fluxes and Coordinates
# Flux (e-/s), RA (deg), Dec (deg)
63949.906, 347.436544, 17.076147
10203.520, 347.459051, 17.111970
179372.512, 347.258549, 16.862484
6972.220, 347.446423, 17.100761
48598.815, 347.483740, 17.152315
4560.582, 347.311644, 16.931441
8615.780, 347.416356, 17.070610
4976.983, 347.297054, 16.918656
48315.909, 347.352060, 16.993104
4162.005, 347.271970, 16.891279
4540.602, 347.366154, 17.013974
9857.518, 347.300760, 16.934016
62270.351, 347.507901, 17.201134
34972.730, 347.470778, 17.153751
2839.872, 347.274917, 16.903705
8291.101, 347.364943, 17.022048
4976.910, 347.291706, 16.929492
44113.423, 347.426340, 17.108090
16188.790, 347.472420, 17.165952
5347.528, 347.257137, 16.890764
2422.969, 347.329630, 16.984370
5710.082, 347.399061, 17.073625
34411.574, 347.356540, 17.025792
40067.292, 347.477222, 17.180777
7404.973, 347.405981, 17.090169
4076.528, 347.239645, 16.877839
5363.326, 347.279724, 16.930168
87165.613, 347.392270, 17.079591
5720.966, 347.314379, 16.977477
9904.892, 347.451388, 17.153743
12793.848, 347.266307, 16.917500
3273.043, 347.463215, 17.170377
2867.905, 347.422589, 17.119714
4147.422, 347.245734, 16.900729
2473.341, 347.304325, 16.975494
5370.594, 347.291585, 16.962544
7003.032, 347.394707, 17.094537
5388.102, 347.232258, 16.889184
119866.572, 347.261263, 16.932926
2072.759, 347.347154, 17.038186
6150.907, 347.282586, 16.957605
4174.338, 347.231296, 16.892126
2034.965, 347.295212, 16.974629
20404.281, 347.265579, 16.941258
9051.478, 347.288723, 16.971488
2465.214, 347.220573, 16.889168
85215.871, 347.233744, 16.911871
6604.462, 347.229314, 16.904876
2036.666, 347.222612, 16.898911
58163.414, 347.258220, 16.949113
9789.222, 347.281539, 16.976629
16033.346, 347.301266, 17.004447
3278.961, 347.291885, 16.992160
5325.253, 347.230263, 16.916760
2531.337, 347.239115, 16.927184
5379.123, 347.293396, 16.999146
17998.523, 347.349931, 17.071685
71210.041, 347.332453, 17.052710
4101.392, 347.388369, 17.119810
5342.788, 347.230037, 16.920918
4127.031, 347.256073, 16.957633
3291.172, 347.396055, 17.138029
6983.291, 347.369036, 17.104634
3737.678, 347.399478, 17.143243
5358.282, 347.370698, 17.106861
2486.078, 347.248481, 16.951184
2854.738, 347.313945, 17.035165
4525.847, 347.298135, 17.016364
17591.063, 347.204557, 16.901615
80872.450, 347.243354, 16.954687
2881.308, 347.284707, 17.003947
3349.850, 347.256965, 16.970095
5762.622, 347.256440, 16.973781
2910.566, 347.287550, 17.014225
2104.764, 347.266387, 16.988415
3718.161, 347.207337, 16.916277
3298.549, 347.421430, 17.192472
2467.785, 347.278855, 17.011485
3342.377, 347.315850, 17.059190
4992.864, 347.289350, 17.026117
9516.934, 347.211042, 16.928913
5362.240, 347.293739, 17.038806
2127.365, 347.192698, 16.910879
8581.908, 347.256470, 16.992840
4148.200, 347.279307, 17.025591
4150.266, 347.283234, 17.031173
4852.677, 347.197860, 16.926877
2912.721, 347.287767, 17.041954
4139.414, 347.334627, 17.103212
2024.269, 347.303162, 17.068965
3640.518, 347.179613, 16.914747
5715.073, 347.202336, 16.943769
3313.814, 347.223741, 16.970194
5710.560, 347.313840, 17.085913
2913.848, 347.431319, 17.238485
7382.363, 347.184689, 16.929007
9479.766, 347.347123, 17.137581
3308.504, 347.234913, 16.994763
4525.569, 347.205835, 16.958626
2461.334, 347.221428, 16.979967
80331.022, 347.340003, 17.137107
24261.202, 347.382850, 17.187815
3329.192, 347.200935, 16.955950
7403.521, 347.236612, 17.007922
3292.023, 347.410358, 17.229967
9853.042, 347.194728, 16.955187
6571.797, 347.186884, 16.945961
86598.569, 347.179796, 16.942471
13970.673, 347.170747, 16.929967
30275.888, 347.264684, 17.052761
7843.799, 347.218256, 16.990351
76860.123, 347.328687, 17.135625
3724.340, 347.414696, 17.242008
15219.371, 347.189827, 16.957830
13613.132, 347.299976, 17.098876
26408.461, 347.309002, 17.111027
165641.245, 347.340380, 17.155797
5339.089, 347.209997, 16.984875
2487.617, 347.248442, 17.034006
37442.330, 347.388662, 17.215530
2409.354, 347.173653, 16.940140
6480.893, 347.214247, 16.993686
3306.441, 347.350521, 17.170076
28321.451, 347.181253, 16.959069
4974.567, 347.284504, 17.087212
4948.444, 347.177038, 16.950322
4839.354, 347.190115, 16.969459
2492.381, 347.289709, 17.096122
13968.731, 347.163747, 16.938137
35130.991, 347.220360, 17.015600
23761.884, 347.324756, 17.146677
7015.713, 347.164586, 16.941470
6212.872, 347.187944, 16.971809
9773.325, 347.289043, 17.103027
19138.947, 347.230585, 17.029356
6575.048, 347.380665, 17.220862
4489.962, 347.203367, 16.994562
15395.377, 347.176644, 16.962351
6646.437, 347.183294, 16.969808
3259.355, 347.247499, 17.051625
3737.472, 347.160352, 16.940908
13230.954, 347.184731, 16.974287
3762.520, 347.200150, 16.991940
88017.815, 347.295241, 17.118919
2453.799, 347.164179, 16.946989
5359.659, 347.225006, 17.024196
3289.335, 347.285423, 17.102177
3733.502, 347.236031, 17.039741
57406.030, 347.374005, 17.221459
7328.718, 347.170668, 16.959068
2497.891, 347.329674, 17.160594
8234.531, 347.199212, 16.996588
2902.576, 347.196219, 16.992733
40885.665, 347.359239, 17.205153
6645.037, 347.173454, 16.967172
6182.339, 347.223787, 17.031419
17638.601, 347.155301, 16.946069
9923.506, 347.183971, 16.982356
44145.788, 347.351780, 17.198675
7381.812, 347.159935, 16.953021
8186.880, 347.384529, 17.241238
7769.947, 347.172217, 16.970682
2885.655, 347.231584, 17.046478
6958.626, 347.189358, 16.993794
5394.099, 347.167044, 16.966472
6220.082, 347.173793, 16.974756
2920.197, 347.156411, 16.952936
2067.331, 347.209851, 17.021599
2499.507, 347.403804, 17.269173
29567.175, 347.191448, 17.001502
7005.105, 347.217163, 17.032525
9497.003, 347.230338, 17.050586
6132.919, 347.158974, 16.964641
2457.374, 347.146948, 16.949361
33203.816, 347.198834, 17.019340
2920.168, 347.233305, 17.060674
37862.159, 347.365614, 17.232363
8196.582, 347.180349, 16.994761
2081.345, 347.244100, 17.075369
30534.060, 347.147295, 16.955763
6920.703, 347.215196, 17.039851
6904.135, 347.224825, 17.055102
5291.839, 347.281278, 17.127119
2051.080, 347.142734, 16.951190
2057.356, 347.386098, 17.263765
5395.930, 347.240423, 17.077897
31344.876, 347.140739, 16.954329
3283.615, 347.291995, 17.146501
6584.797, 347.268475, 17.119560
6197.825, 347.192168, 17.024336
24676.538, 347.303408, 17.166672
5419.739, 347.372285, 17.253438
72395.258, 347.221108, 17.066886
28568.207, 347.173089, 17.002448
7487.420, 347.157050, 16.980935
3705.343, 347.197739, 17.032579
92877.684, 347.129338, 16.951822
17999.779, 347.200801, 17.038775
457151.310, 347.271397, 17.138679
2479.901, 347.184795, 17.018462
65204.352, 347.132830, 16.959894
2427.101, 347.207943, 17.051292
2037.891, 347.141318, 16.968381
4554.200, 347.207906, 17.054242
2081.153, 347.181641, 17.022044
10235.458, 347.151035, 16.986147
4555.889, 347.163212, 16.999874
2489.235, 347.133505, 16.962352
14701.680, 347.193912, 17.043032
2477.833, 347.138630, 16.970541
7472.844, 347.125114, 16.956671
9826.002, 347.162208, 17.005299
3341.013, 347.186332, 17.034496
11157.824, 347.206529, 17.060937
3322.174, 347.261816, 17.131716
3358.046, 347.354139, 17.250282
2918.562, 347.134532, 16.970951
14663.458, 347.163446, 17.008939
4995.298, 347.173440, 17.021514
2088.941, 347.302094, 17.185732
7750.319, 347.193694, 17.048482
10408.540, 347.150361, 16.994021
10302.940, 347.187382, 17.042930
16865.708, 347.143680, 16.990794
9468.731, 347.307381, 17.196676
33220.269, 347.233293, 17.104528
6613.903, 347.275330, 17.156741
5755.058, 347.165699, 17.018003
186190.644, 347.195466, 17.063679
2782.654, 347.230751, 17.102309
11892.589, 347.166195, 17.021034
150801.802, 347.205074, 17.076746
6216.551, 347.215239, 17.084820
4093.221, 347.184720, 17.046718
9014.234, 347.127993, 16.975155
2071.066, 347.268584, 17.154015
9448.623, 347.134380, 16.983850
3287.238, 347.238777, 17.117352
3720.274, 347.144135, 16.998276
3323.228, 347.120898, 16.970262
5322.117, 347.198848, 17.070451
2502.418, 347.149105, 17.006957
13640.625, 347.156668, 17.018442
2471.191, 347.129454, 16.984008
11956.987, 347.173574, 17.041610
15514.711, 347.138278, 16.996873
7317.883, 347.305710, 17.210507
8626.407, 347.179800, 17.051488
5396.880, 347.188056, 17.060122
14759.066, 347.142177, 17.005706
155017.907, 347.183468, 17.071597
9055.315, 347.189111, 17.068412
2042.342, 347.215968, 17.101194
27552.272, 347.107682, 16.966931
5773.601, 347.120563, 16.981795
12302.763, 347.146819, 17.015651
4544.653, 347.204204, 17.087893
15600.172, 347.313663, 17.230381
10291.703, 347.130326, 16.994590
4540.048, 347.162260, 17.035129
34021.534, 347.357080, 17.285983
4527.354, 347.135528, 17.001692
4969.753, 347.198438, 17.083685
11563.002, 347.216678, 17.108835
4437.737, 347.158740, 17.036127
3358.979, 347.220092, 17.113769
6605.645, 347.194951, 17.082666
4054.683, 347.123246, 16.991579
2997.102, 347.132202, 17.003669
4978.568, 347.268853, 17.178447
9382.033, 347.127405, 16.999340
31100.207, 347.198754, 17.093842
28887.233, 347.338182, 17.270332
2863.581, 347.321102, 17.249745
10299.056, 347.128422, 17.007206
2070.208, 347.227299, 17.130248
36555.178, 347.134906, 17.015971
5372.997, 347.170130, 17.058403
10961.273, 347.139501, 17.021566
2936.297, 347.177296, 17.068673
12682.475, 347.145630, 17.030837
5769.484, 347.110964, 16.986872
5367.555, 347.159281, 17.050205
9461.870, 347.210016, 17.116025
4565.820, 347.187113, 17.087787
3729.321, 347.192515, 17.093923
3639.686, 347.201087, 17.104510
11025.490, 347.190157, 17.093234
41603.982, 347.313364, 17.251596
4512.848, 347.183617, 17.084399
2962.981, 347.353844, 17.302191
6183.344, 347.096458, 16.974175
15188.312, 347.135162, 17.024977
4096.296, 347.299015, 17.233526
39900.356, 347.290868, 17.226789
7379.669, 347.112148, 16.997779
6548.589, 347.095468, 16.977153
11137.043, 347.146473, 17.042868
13143.226, 347.165925, 17.067290
4966.456, 347.247336, 17.171721
5338.066, 347.114748, 17.003004
9839.808, 347.123008, 17.014284
17747.921, 347.154754, 17.056287
3738.535, 347.240389, 17.165711
2486.542, 347.136970, 17.033782
3343.070, 347.174925, 17.082675
2863.354, 347.108373, 16.997586
2509.415, 347.130702, 17.026088
7756.126, 347.100698, 16.990251
3326.655, 347.313037, 17.260957
6173.139, 347.157236, 17.064364
11513.433, 347.182525, 17.097082
10718.486, 347.146014, 17.051555
6588.184, 347.263241, 17.200493
5791.358, 347.171112, 17.083431
4509.880, 347.126529, 17.028547
2469.715, 347.231234, 17.162760
21037.657, 347.179673, 17.098808
14669.258, 347.255306, 17.195893
32685.754, 347.185875, 17.107683
2520.716, 347.215906, 17.145244
4524.942, 347.239862, 17.175702
4450.384, 347.153072, 17.065799
6266.261, 347.166116, 17.082432
2880.255, 347.153850, 17.067567
6947.342, 347.127443, 17.034482
49482.324, 347.174372, 17.096925
2829.109, 347.216246, 17.147457
2449.830, 347.180417, 17.102879
56076.752, 347.300963, 17.260939
27940.680, 347.084425, 16.983679
3310.555, 347.238701, 17.178794
33734.903, 347.285109, 17.241559
7027.369, 347.108238, 17.013401
10625.987, 347.118082, 17.028671
2062.859, 347.163247, 17.084587
4477.577, 347.321854, 17.287442
4185.264, 347.164424, 17.087066
2494.967, 347.097391, 17.002338
47478.755, 347.109749, 17.024481
7381.910, 347.184777, 17.116134
5711.526, 347.211137, 17.149908
2038.044, 347.162167, 17.088358
5762.819, 347.135309, 17.055099
16123.296, 347.259645, 17.214873
15982.393, 347.145971, 17.070403
20539.593, 347.083000, 16.992098
5414.724, 347.150901, 17.076645
6950.843, 347.115336, 17.031860
7440.088, 347.080007, 16.987623
64386.291, 347.129183, 17.052963
58888.325, 347.154402, 17.088150
3300.423, 347.160259, 17.092370
2042.736, 347.195790, 17.140527
2479.593, 347.291867, 17.265168
9802.283, 347.188320, 17.136344
59069.262, 347.118566, 17.048883
3705.547, 347.207233, 17.160205
6607.266, 347.270717, 17.242429
3496.871, 347.328819, 17.315967
5384.198, 347.129074, 17.061756
6197.395, 347.157033, 17.097845
7780.031, 347.193365, 17.144243
8601.387, 347.107523, 17.034880
4573.583, 347.284230, 17.260589
2867.883, 347.103133, 17.030060
2463.502, 347.135906, 17.071645
6540.028, 347.162093, 17.105531
108023.799, 347.278291, 17.259058
38085.005, 347.071862, 16.994822
3651.979, 347.166700, 17.112068
206824.047, 347.214498, 17.180431
18463.554, 347.150329, 17.094309
57683.824, 347.238763, 17.209218
2050.438, 347.089944, 17.015683
29363.887, 347.108253, 17.041983
4533.930, 347.179058, 17.131283
11893.250, 347.234243, 17.202980
21860.847, 347.077619, 17.005688
98553.681, 347.125204, 17.068962
9096.605, 347.089461, 17.019516
4624.577, 347.144811, 17.089753
18843.049, 347.155560, 17.104796
3753.901, 347.082521, 17.011393
85713.544, 347.100947, 17.038795
4562.899, 347.138135, 17.082733
7362.275, 347.174987, 17.130162
5409.117, 347.246946, 17.224138
110558.221, 347.289806, 17.282935
7852.051, 347.133135, 17.079755
2482.556, 347.158886, 17.112382
4044.163, 347.164339, 17.119813
3715.517, 347.084815, 17.018411
11502.328, 347.298909, 17.292749
12786.168, 347.168266, 17.126934
5732.689, 347.065934, 16.995707
8545.694, 347.072840, 17.005476
4918.265, 347.135601, 17.085440
59110.335, 347.138719, 17.093660
226144.676, 347.169157, 17.136847
4059.736, 347.184328, 17.148587
11497.171, 347.206639, 17.179028
7399.473, 347.064361, 16.999783
6248.661, 347.081625, 17.022583
4490.730, 347.112366, 17.061760
2438.556, 347.224074, 17.205588
7314.906, 347.088825, 17.035104
7395.142, 347.141077, 17.100337
22886.792, 347.161296, 17.127918
2461.040, 347.124759, 17.079603
8319.640, 347.185761, 17.158664
7894.832, 347.208334, 17.188204
4959.247, 347.224188, 17.208233
2446.411, 347.215550, 17.197484
6092.057, 347.220797, 17.205011
8713.495, 347.092051, 17.042278
6668.857, 347.060756, 17.003342
12920.596, 347.106065, 17.061871
20089.694, 347.138858, 17.104253
4545.539, 347.080470, 17.028721
7360.620, 347.111699, 17.071267
5301.297, 347.205615, 17.191004
2505.318, 347.286334, 17.293527
4935.124, 347.297548, 17.308674
11079.943, 347.218363, 17.207633
16018.801, 347.083608, 17.037125
482613.810, 347.214088, 17.215040
2038.096, 347.114886, 17.076479
14340.884, 347.145354, 17.118144
2087.083, 347.214704, 17.203617
6945.022, 347.171164, 17.150702
3322.673, 347.205774, 17.195499
6173.290, 347.257901, 17.262335
22250.559, 347.317534, 17.340475
5358.536, 347.126624, 17.096454
11733.681, 347.308958, 17.330024
8605.173, 347.060662, 17.013293
10698.011, 347.065671, 17.020267
3629.797, 347.072685, 17.028976
4509.305, 347.087854, 17.048957
6230.424, 347.057582, 17.012005
4119.641, 347.079564, 17.040039
3703.985, 347.154217, 17.135691
14304.344, 347.101279, 17.069707
10616.885, 347.201826, 17.198515
2461.510, 347.146819, 17.127737
3240.220, 347.222923, 17.224975
3717.073, 347.077017, 17.038779
15595.958, 347.166480, 17.155952
3306.798, 347.082497, 17.048005
3708.138, 347.187608, 17.182582
5365.714, 347.062645, 17.023671
3760.138, 347.310361, 17.340455
58370.772, 347.110505, 17.090289
86635.753, 347.279937, 17.305841
4957.560, 347.069522, 17.033645
3339.166, 347.181311, 17.176956
11055.819, 347.091905, 17.064361
3316.140, 347.140919, 17.126419
7390.408, 347.167102, 17.160325
72531.758, 347.296997, 17.329478
5281.120, 347.051625, 17.015070
2926.463, 347.075105, 17.043998
9102.028, 347.094807, 17.071247
7833.684, 347.127641, 17.112808
5747.392, 347.144272, 17.133911
2563.247, 347.243467, 17.260268
3300.868, 347.091641, 17.068499
2885.382, 347.063123, 17.032344
3278.394, 347.104867, 17.086282
3266.881, 347.147547, 17.141393
38060.522, 347.161774, 17.162206
20870.564, 347.050426, 17.020360
2503.585, 347.057238, 17.026776
3735.748, 347.063304, 17.034745
2050.643, 347.094773, 17.074775
27897.505, 347.172649, 17.179214
38330.609, 347.250394, 17.277361
3769.271, 347.273004, 17.303988
2453.021, 347.074595, 17.050501
6618.687, 347.211002, 17.225262
10183.695, 347.065884, 17.041005
4095.481, 347.142173, 17.138070
2481.847, 347.151183, 17.149179
8190.300, 347.229800, 17.252553
16383.651, 347.069431, 17.046993
8217.039, 347.113869, 17.103197
2885.683, 347.060407, 17.035308
13088.021, 347.071147, 17.051346
2866.602, 347.095624, 17.080180
5302.792, 347.111438, 17.101116
18456.388, 347.042427, 17.014980
2472.334, 347.150444, 17.151605
3301.467, 347.045729, 17.018910
5373.047, 347.055771, 17.031682
11073.155, 347.060734, 17.039030
10245.960, 347.081741, 17.065417
17310.392, 347.176439, 17.187953
19431.711, 347.231313, 17.257170
6646.827, 347.105795, 17.097023
2898.355, 347.126927, 17.123712
2456.743, 347.140456, 17.142052
20420.848, 347.117740, 17.117906
4540.216, 347.157693, 17.166110
2099.169, 347.056338, 17.036981
3708.167, 347.073616, 17.059647
5766.503, 347.109711, 17.106458
9467.467, 347.042926, 17.022708
4912.280, 347.074536, 17.062510
6589.890, 347.104371, 17.100577
5340.240, 347.192961, 17.213329
7783.564, 347.126849, 17.130597
8591.826, 347.134819, 17.141189
4974.237, 347.188993, 17.209365
2451.554, 347.075414, 17.064278
8257.473, 347.068526, 17.059047
2612.483, 347.086803, 17.081615
2491.884, 347.150111, 17.162393
9815.128, 347.043308, 17.027462
3326.086, 347.053976, 17.040170
6188.945, 347.087768, 17.083748
3285.020, 347.135490, 17.145004
3336.636, 347.176168, 17.197301
3694.664, 347.082908, 17.079330
4486.551, 347.107354, 17.109846
12760.621, 347.126263, 17.135881
39399.789, 347.130442, 17.141895
2073.280, 347.182999, 17.206424
4511.238, 347.092911, 17.092431
2872.031, 347.054187, 17.043234
2519.324, 347.202781, 17.233243
12314.242, 347.119465, 17.128000
5332.787, 347.282210, 17.335715
2853.570, 347.111716, 17.118842
3700.672, 347.272124, 17.324008
9466.438, 347.133361, 17.149371
6176.735, 347.266234, 17.318798
7897.833, 347.143814, 17.163267
2870.707, 347.046003, 17.038113
4083.029, 347.050202, 17.044147
57919.621, 347.078695, 17.084879
4465.451, 347.279767, 17.338265
2869.075, 347.259326, 17.312018
12812.225, 347.102211, 17.112727
81480.487, 347.133136, 17.155359
54394.652, 347.218447, 17.265832
8242.341, 347.071514, 17.074231
2877.917, 347.109792, 17.122447
11463.197, 347.139803, 17.164004
2863.464, 347.096262, 17.106313
2058.207, 347.200503, 17.240644
8258.288, 347.054416, 17.055191
25839.976, 347.041262, 17.042179
10249.447, 347.058009, 17.063853
8209.419, 347.174348, 17.213698
16800.828, 347.080252, 17.095434
3718.524, 347.077821, 17.091899
15474.052, 347.112135, 17.137376
5407.137, 347.158338, 17.195174
4134.176, 347.102427, 17.123961
17411.296, 347.160317, 17.200681
10198.202, 347.236180, 17.296974
20868.013, 347.056542, 17.068307
7874.859, 347.086284, 17.107280
7919.927, 347.194317, 17.245249
6150.350, 347.097809, 17.123002
10982.481, 347.089322, 17.112959
2055.879, 347.203035, 17.257618
10264.036, 347.063631, 17.081715
6608.583, 347.226344, 17.288840
3749.434, 347.272332, 17.347448
16781.804, 347.024210, 17.031956
68926.420, 347.058214, 17.077989
8152.856, 347.098238, 17.125838
9018.171, 347.135809, 17.175280
6123.516, 347.220329, 17.283072
8155.166, 347.067061, 17.087751
97195.353, 347.042738, 17.064255
87493.820, 347.193473, 17.254792
16809.473, 347.069322, 17.096797
4540.531, 347.084761, 17.112579
87625.142, 347.090419, 17.124823
4499.918, 347.117384, 17.154132
5778.422, 347.216151, 17.281128
7774.387, 347.264618, 17.343913
2037.654, 347.256018, 17.332764
7489.412, 347.173987, 17.230639
2839.141, 347.035531, 17.052399
8204.286, 347.076146, 17.105455
5338.840, 347.135309, 17.180674
7350.414, 347.146422, 17.194398
2899.671, 347.016896, 17.030306
9396.873, 347.124656, 17.168840
7765.551, 347.216776, 17.286994
3689.888, 347.020668, 17.036035
11081.343, 347.060617, 17.088273
2493.025, 347.205873, 17.272305
25465.426, 347.033094, 17.057523
3749.340, 347.094176, 17.130357
3325.073, 347.148764, 17.200895
16292.019, 347.022724, 17.041972
200972.122, 347.104017, 17.151650
30697.011, 347.096182, 17.138164
6568.661, 347.148613, 17.203923
8145.714, 347.194355, 17.263308
2893.835, 347.203412, 17.274565
9409.650, 347.035757, 17.062401
6904.253, 347.204801, 17.278196
2876.552, 347.060785, 17.094153
2529.572, 347.138061, 17.192513
14386.392, 347.154581, 17.215413
2932.785, 347.126165, 17.179220
2055.935, 347.132589, 17.187392
7882.988, 347.040105, 17.069918
5710.605, 347.060571, 17.097033
4103.351, 347.043714, 17.075227
5391.895, 347.051051, 17.084699
2516.347, 347.209979, 17.287287
9015.572, 347.011667, 17.035373
4136.152, 347.142755, 17.202813
6510.512, 347.020670, 17.047158
8163.433, 347.088688, 17.137213
2464.934, 347.014729, 17.041489
8998.937, 347.083139, 17.129649
4469.083, 347.108858, 17.161998
6617.034, 347.022384, 17.052088
7018.995, 347.050839, 17.089452
22088.284, 347.176554, 17.250977
27081.874, 347.072226, 17.119375
7838.880, 347.118233, 17.176232
3745.822, 347.125028, 17.184582
8606.656, 347.036998, 17.074193
3296.437, 347.026778, 17.060931
30925.235, 347.166587, 17.242295
2504.051, 347.023050, 17.056871
7394.187, 347.120942, 17.182228
2887.689, 347.135097, 17.200192
12843.676, 347.251959, 17.350313
10275.919, 347.056288, 17.101034
7832.670, 347.074292, 17.124265
2117.892, 347.150439, 17.221345
5329.855, 347.106302, 17.165689
3306.071, 347.214077, 17.304779
2501.485, 347.022668, 17.060440
15529.087, 347.130346, 17.200292
6949.202, 347.025162, 17.064554
2054.318, 347.184453, 17.268067
2873.739, 347.006057, 17.040555
8222.165, 347.188153, 17.273908
39631.363, 347.252049, 17.358773
8662.300, 347.008362, 17.044692
2905.646, 347.013289, 17.050427
2037.111, 347.089185, 17.147404
3787.744, 347.174138, 17.257067
3350.331, 347.085698, 17.144435
11162.791, 347.051410, 17.103136
6595.231, 347.056989, 17.108686
2919.511, 347.248265, 17.353289
42903.540, 347.215307, 17.314124
4912.786, 347.011240, 17.051433
9063.646, 347.081760, 17.142649
111606.450, 347.001745, 17.045468
8190.658, 347.096070, 17.161288
14790.360, 347.098324, 17.164884
7336.588, 347.020812, 17.066533
2077.101, 347.029702, 17.076817
15621.598, 347.062244, 17.119912
9130.096, 347.073998, 17.135320
6548.153, 347.130126, 17.206767
9864.180, 347.033887, 17.085235
2508.660, 347.103149, 17.172389
34700.102, 347.217714, 17.321296
10348.520, 347.010625, 17.055871
2028.065, 347.107872, 17.179098
2125.481, 347.138091, 17.217488
3815.325, 347.113842, 17.187658
29887.024, 347.130023, 17.210509
3285.974, 347.254161, 17.367175
11917.339, 347.065698, 17.128034
20225.001, 347.016877, 17.066805
5794.075, 347.049757, 17.107752
2898.911, 347.147621, 17.232684
5376.432, 347.074698, 17.140095
39696.535, 347.179581, 17.277145
105878.686, 347.020105, 17.075560
6200.264, 347.026255, 17.078284
7047.517, 347.169846, 17.262708
9625.514, 347.070698, 17.137673
12338.380, 347.079796, 17.148427
4096.624, 347.109712, 17.186810
5715.890, 347.093135, 17.166594
19748.865, 347.148967, 17.240607
4588.011, 347.118302, 17.200303
3265.694, 347.214912, 17.324438
30050.650, 347.244345, 17.364195
5818.519, 347.025155, 17.082241
13596.925, 347.049332, 17.115333
7043.313, 347.041158, 17.105823
38291.136, 347.104826, 17.190651
2855.941, 347.001894, 17.055900
2511.385, 347.044578, 17.110386
2026.603, 347.124420, 17.212516
6200.650, 347.211976, 17.325692
2955.695, 347.173921, 17.277152
2474.542, 347.209758, 17.322463
11061.565, 346.997969, 17.053479
3752.553, 347.166076, 17.268693
3720.296, 347.095665, 17.179542
12306.383, 347.033319, 17.102789
2949.768, 347.244215, 17.370564
7039.533, 347.015325, 17.079496
4144.391, 347.110239, 17.200073
6570.710, 347.041928, 17.113654
74606.658, 347.138956, 17.242821
16413.402, 347.004558, 17.070283
2431.367, 347.048603, 17.123752
9536.989, 347.162906, 17.270456
257474.239, 347.184443, 17.305065
8625.943, 347.182954, 17.296966
5357.510, 347.195878, 17.313236
17554.973, 347.055989, 17.136494
4125.555, 347.153352, 17.259687
4956.244, 346.998349, 17.062533
3229.386, 347.143736, 17.248249
4565.243, 347.197039, 17.316724
11097.247, 347.008938, 17.078459
8169.563, 347.026838, 17.100720
9129.356, 347.118268, 17.217536
2933.874, 347.176051, 17.290831
5339.247, 347.018551, 17.090191
5769.046, 347.101846, 17.197599
18452.218, 347.038595, 17.118514
14788.697, 347.071273, 17.161180
4063.752, 347.021712, 17.096262
5338.287, 347.171951, 17.289388
2010.723, 346.994253, 17.061166
13625.357, 347.131475, 17.237508
10662.999, 347.003144, 17.075230
8669.137, 347.076989, 17.168912
18131.669, 347.107583, 17.208776
3305.232, 347.229625, 17.363770
24187.643, 347.152009, 17.267853
9872.203, 347.200181, 17.327530
5344.344, 347.176440, 17.297244
11957.064, 347.012840, 17.088961
8210.881, 347.025834, 17.105992
4512.834, 347.053651, 17.140376
2071.078, 347.163615, 17.280752
11152.269, 346.985890, 17.055883
4926.596, 346.988997, 17.058504
110068.893, 347.058051, 17.155908
6557.178, 347.067909, 17.160202
9005.354, 347.196023, 17.324776
4594.893, 347.108167, 17.212612
4175.656, 347.231724, 17.370386
4579.188, 347.043866, 17.131430
5745.646, 347.025688, 17.109042
9849.047, 347.006051, 17.085718
3304.975, 347.034205, 17.120570
21266.063, 347.039107, 17.128312
70836.245, 347.186038, 17.319007
6537.747, 347.175638, 17.303145
5343.985, 347.209374, 17.345258
8726.835, 347.214020, 17.352202
12377.979, 347.016392, 17.100764
5790.475, 347.070749, 17.168511
2479.622, 347.197805, 17.331509
23530.234, 347.000219, 17.084122
3285.153, 347.043036, 17.134408
15742.650, 347.205316, 17.344026
2108.820, 347.007451, 17.089482
6530.664, 347.052321, 17.147715
115546.593, 347.133593, 17.257217
5334.861, 347.044764, 17.138564
25817.504, 347.018008, 17.106724
2496.925, 347.034359, 17.126384
15481.758, 347.040116, 17.135043
17259.468, 347.075879, 17.182591
26128.790, 347.026726, 17.122406
14770.762, 347.052685, 17.152789
21832.724, 347.207160, 17.350973
15029.096, 346.991159, 17.074553
5015.139, 347.035185, 17.129820
3736.618, 347.201144, 17.342159
3332.135, 346.994214, 17.077439
5380.243, 347.043960, 17.141928
10694.687, 347.104649, 17.220382
9098.992, 346.995681, 17.082741
10681.972, 347.101797, 17.217619
7795.309, 347.116849, 17.236807
96566.341, 346.998437, 17.092120
63098.103, 347.021796, 17.118593
2458.466, 347.066368, 17.172343
2487.194, 347.029430, 17.126103
7376.544, 347.043578, 17.144640
39930.065, 347.140198, 17.270652
12259.292, 346.979290, 17.063172
4138.679, 346.985091, 17.070157
13569.486, 347.092025, 17.208487
7350.662, 346.988973, 17.077848
2057.752, 347.002865, 17.093474
6988.319, 347.016423, 17.112067
2845.412, 347.088601, 17.204155
4137.508, 347.009267, 17.103420
17922.252, 347.152690, 17.289038
2046.381, 347.166572, 17.304269
2110.514, 347.055612, 17.162953
11875.095, 347.173512, 17.316313
5295.523, 347.027053, 17.128297
2105.256, 347.235673, 17.395029
2065.066, 347.103099, 17.225560
18385.032, 346.986913, 17.080593
4097.734, 347.171057, 17.313635
4591.144, 347.181285, 17.327664
9001.162, 347.189521, 17.338580
5410.985, 346.983050, 17.075036
8724.630, 347.007793, 17.108270
57759.847, 347.046598, 17.161449
2041.773, 347.097238, 17.221529
7412.962, 347.219817, 17.379762
39374.773, 346.973544, 17.067121
19282.413, 347.057138, 17.173074
15114.477, 347.074997, 17.195373
13977.872, 347.053255, 17.168145
4926.115, 347.178762, 17.328180
3742.887, 347.035920, 17.146387
2900.142, 347.203739, 17.361005
75713.597, 347.126958, 17.267715
4897.816, 346.990571, 17.089545
2053.393, 346.992348, 17.091546
6181.696, 347.037738, 17.151067
6598.721, 347.041350, 17.155963
11479.255, 347.173062, 17.324909
3725.505, 346.983380, 17.082268
7014.222, 346.973558, 17.071401
6974.436, 346.979564, 17.078965
21579.859, 346.991335, 17.095460
4915.647, 347.018763, 17.128781
4903.669, 346.996148, 17.100513
3778.609, 346.999610, 17.105067
7817.947, 347.094629, 17.226544
2860.849, 347.205785, 17.368676
64691.846, 347.047423, 17.170461
10619.995, 347.119288, 17.260487
3306.466, 347.130913, 17.274002
47165.503, 346.966059, 17.069144
2427.671, 347.016708, 17.128337
9764.555, 347.029851, 17.146533
57505.794, 347.077534, 17.210058
7427.353, 347.161749, 17.314513
7373.670, 347.003121, 17.112668
22152.713, 347.052554, 17.177416
6200.937, 347.219022, 17.388486
8593.271, 346.999933, 17.109414
3669.284, 347.019707, 17.134273
19179.494, 347.096659, 17.234180
6174.003, 347.135125, 17.281975
2046.177, 347.035040, 17.154710
15151.505, 346.982536, 17.089791
8165.238, 347.021756, 17.139025
11017.756, 347.008143, 17.123493
2035.261, 347.171066, 17.329909
4529.239, 347.082404, 17.218067
11569.455, 347.215494, 17.389277
11802.437, 346.971775, 17.079072
5776.211, 347.002655, 17.118027
2930.282, 347.141907, 17.296491
5767.675, 347.033746, 17.159673
9904.228, 347.066556, 17.203291
5379.158, 347.116581, 17.265742
3726.449, 347.028263, 17.153112
5400.268, 347.005931, 17.126336
3353.798, 347.057716, 17.192643
2877.944, 347.120182, 17.272170
9019.697, 346.989536, 17.105879
2912.181, 347.207080, 17.384062
11440.444, 347.009806, 17.132633
6126.840, 347.012826, 17.136720
1993.557, 347.129032, 17.284754
4559.613, 347.166656, 17.333096
6099.895, 347.078968, 17.221975
3315.533, 347.141970, 17.302242
4982.216, 347.071542, 17.213162
2464.773, 347.074684, 17.216715
6109.375, 347.209056, 17.389603
9485.031, 347.219780, 17.402699
31544.816, 347.040483, 17.177259
3277.450, 347.045260, 17.179821
2008.659, 347.164562, 17.332580
2846.068, 347.020130, 17.148763
5770.035, 347.028829, 17.160149
4553.184, 347.057567, 17.196454
6612.913, 347.112617, 17.267227
2873.348, 347.145057, 17.308697
7426.719, 347.014126, 17.141537
5381.987, 347.034500, 17.168322
5409.385, 346.962081, 17.075999
3743.331, 347.159859, 17.328280
77789.340, 346.975911, 17.100263
2858.832, 347.083183, 17.230779
2030.935, 347.049711, 17.189354
18756.212, 346.957314, 17.073522
5368.655, 347.025047, 17.158084
6159.142, 347.045184, 17.184420
5348.601, 347.095026, 17.248422
38480.767, 347.180860, 17.360076
6180.286, 346.971193, 17.090357
55348.505, 346.968549, 17.092544
4959.427, 347.013280, 17.145524
2941.094, 347.187101, 17.367533
31312.559, 347.187864, 17.373345
5787.633, 346.984934, 17.110142
14687.402, 347.001753, 17.131907
33587.695, 347.031401, 17.170824
19635.789, 347.019602, 17.156719
4561.834, 347.035158, 17.175158
2481.287, 346.987621, 17.114967
196790.457, 347.067896, 17.223714
5325.457, 347.127720, 17.294617
15590.647, 346.992150, 17.123926
3297.984, 346.960239, 17.081637
11113.970, 347.045164, 17.191252
3280.880, 347.098974, 17.259286
10711.101, 347.109660, 17.273420
4503.676, 347.216468, 17.409410
19709.872, 346.987655, 17.119436
9856.963, 347.087587, 17.245975
7823.828, 347.191384, 17.378252
39722.692, 346.978706, 17.111833
10588.107, 347.166234, 17.347807
30784.731, 346.995714, 17.131195
10192.648, 347.035611, 17.182215
21153.672, 347.053351, 17.204870
10264.021, 346.953442, 17.077353
17668.927, 347.006320, 17.145009
7885.797, 346.959762, 17.086134
17620.555, 346.962566, 17.091905
58840.071, 347.019245, 17.165746
4143.851, 347.050815, 17.201827
4954.523, 347.060437, 17.213948
5750.395, 347.080419, 17.239701
25453.961, 347.092413, 17.257635
4599.350, 347.192478, 17.383894
8195.015, 347.041517, 17.192675
16398.051, 347.055822, 17.209605
16040.311, 346.997282, 17.135832
5668.758, 347.031283, 17.178176
9912.837, 347.134466, 17.311389
3725.860, 347.100887, 17.268423
4149.581, 347.140776, 17.319586
22163.477, 347.023140, 17.173451
9439.153, 347.094442, 17.262027
2080.829, 346.966140, 17.097068
15091.334, 346.970855, 17.104349
164529.721, 346.994469, 17.147254
20582.856, 347.007710, 17.152093
23666.297, 347.058962, 17.220087
3358.920, 347.168996, 17.357681
5325.217, 346.989677, 17.128997
2039.296, 347.027865, 17.177352
3347.762, 347.143209, 17.325205
9457.860, 346.954548, 17.085636
4935.430, 346.963731, 17.096407
4127.739, 346.991019, 17.131980
11920.179, 347.135898, 17.317581
2048.029, 347.170881, 17.360975
11088.008, 347.040459, 17.196356
9928.474, 347.173546, 17.366091
37867.002, 346.948677, 17.081976
8641.918, 346.981752, 17.121284
9081.773, 347.032891, 17.188084
3273.298, 347.110838, 17.287417
2940.998, 347.131464, 17.313935
6537.317, 347.048031, 17.208416
3706.013, 347.152703, 17.341912
9503.150, 346.977135, 17.118221
4137.145, 347.087266, 17.258550
5391.216, 347.169549, 17.364418
27389.993, 347.018674, 17.173781
4086.784, 347.095046, 17.269353
4131.227, 347.105535, 17.282563
10717.407, 347.189111, 17.390455
11035.858, 347.042574, 17.204500
14271.759, 346.969905, 17.113821
6599.149, 346.973264, 17.116228
44752.295, 347.067879, 17.240103
24209.182, 347.160043, 17.358568
61752.075, 346.974682, 17.127065
2439.819, 347.009257, 17.162956
2500.705, 347.013417, 17.167832
3722.459, 346.975637, 17.120717
9937.094, 347.023501, 17.183110
7017.557, 347.080721, 17.256105
31027.965, 346.998853, 17.153772
7331.963, 347.099395, 17.281349
13519.500, 347.050244, 17.220025
9439.916, 346.961922, 17.107484
4874.174, 347.181205, 17.386847
3293.146, 347.192091, 17.400702
8716.903, 346.944172, 17.084045
2077.207, 347.001757, 17.157285
8269.629, 347.035718, 17.201530
14693.397, 346.978071, 17.130085
4128.135, 347.057435, 17.230453
2926.332, 347.063605, 17.238499
8594.820, 347.126254, 17.319325
23810.109, 346.968673, 17.120894
7732.411, 346.966169, 17.115412
17180.518, 347.050968, 17.225200
2072.511, 347.139050, 17.335815
6222.092, 346.985418, 17.140012
29554.203, 347.086334, 17.271247
10274.508, 347.181592, 17.392465
6280.387, 347.004885, 17.166420
3350.202, 347.191868, 17.405279
3724.256, 347.032157, 17.201830
7057.304, 347.073155, 17.255179
2860.431, 347.113193, 17.305540
4455.906, 347.043378, 17.217081
2489.382, 346.978470, 17.134197
76481.075, 347.087662, 17.282515
13571.397, 346.945743, 17.094928
11108.738, 346.960809, 17.114243
11917.444, 347.055571, 17.235811
3742.980, 347.109810, 17.303024
2866.614, 346.982172, 17.141178
5736.637, 347.059620, 17.241898
15701.013, 346.947955, 17.100671
56096.416, 346.955075, 17.113448
11842.571, 347.034956, 17.209817
2921.533, 347.096283, 17.288189
16881.719, 346.939509, 17.088989
6243.004, 347.006605, 17.174470
2858.408, 346.999716, 17.166426
7027.455, 347.180007, 17.397337
13193.847, 347.190204, 17.412301
40192.236, 346.940498, 17.095381
2887.030, 347.002461, 17.170833
3706.194, 347.029161, 17.206029
12271.235, 346.975434, 17.139420
19251.333, 347.016749, 17.191661
7873.471, 347.043845, 17.225548
4081.826, 347.046963, 17.229212
3705.586, 347.062824, 17.249453
14007.586, 346.979859, 17.145725
44365.494, 346.996327, 17.171958
10712.605, 346.951133, 17.108765
5731.949, 346.971730, 17.135244
6553.971, 347.010158, 17.184126
9067.902, 347.055155, 17.242910
9075.362, 346.960636, 17.122732
2492.713, 347.039508, 17.221643
6571.024, 347.058161, 17.248124
16009.185, 347.028151, 17.210510
2952.171, 347.151055, 17.366156
3709.928, 347.045959, 17.232717
10794.915, 347.067491, 17.262056
6582.932, 347.075034, 17.270026
2068.923, 347.010400, 17.187817
5302.167, 347.076235, 17.272693
135571.276, 347.123977, 17.338837
8611.952, 346.984623, 17.156205
10654.184, 347.012322, 17.192101
13121.017, 347.038047, 17.226201
4538.447, 347.096355, 17.299787
33882.403, 347.169419, 17.395676
6200.927, 347.029387, 17.215101
147758.883, 346.986145, 17.169028
7855.064, 347.000854, 17.179354
11059.537, 347.039978, 17.230701
4939.089, 347.192464, 17.427165
5314.599, 346.942274, 17.107651
2479.080, 346.952400, 17.119687
9431.323, 346.996492, 17.177358
6630.094, 346.982530, 17.159695
2894.718, 346.929943, 17.092236
112769.213, 347.007849, 17.198543
6955.976, 347.068923, 17.271737
9091.821, 347.042456, 17.239680
6113.155, 346.935190, 17.102003
2465.022, 346.938197, 17.104861
19791.378, 346.943663, 17.115450
24724.063, 347.049295, 17.250062
40014.891, 346.966029, 17.143839
10346.670, 346.947066, 17.119259
4531.863, 347.158861, 17.389781
7392.725, 346.958980, 17.134295
3386.113, 346.998761, 17.184956
5752.574, 346.975841, 17.156311
4162.534, 347.027672, 17.222581
11928.358, 346.927464, 17.096461
11085.940, 346.936961, 17.107589
6672.120, 347.022415, 17.217514
2923.190, 346.930458, 17.100158
3327.325, 347.019673, 17.214438
22231.026, 347.118799, 17.343712
9137.289, 347.057287, 17.263937
18554.680, 346.966661, 17.149472
2863.554, 347.045976, 17.250914
14754.068, 347.062264, 17.273208
4528.309, 346.961176, 17.144247
13123.443, 346.972038, 17.158815
7052.839, 347.133247, 17.364759
33174.944, 346.937376, 17.117235
2115.071, 347.102769, 17.325988
20873.842, 346.928443, 17.106106
29325.689, 346.933208, 17.111228
7444.532, 347.045375, 17.254390
4558.478, 346.946099, 17.127341
2438.678, 346.968390, 17.155361
18872.496, 347.010721, 17.213125
4476.991, 346.922789, 17.098169
7364.040, 346.961860, 17.148585
8259.576, 346.977999, 17.170164
8216.846, 347.008699, 17.208931
29884.623, 347.019083, 17.225572
2465.279, 347.024012, 17.227753
4972.112, 347.119634, 17.351370
361750.686, 346.970493, 17.170423
5357.717, 346.989084, 17.183983
4950.105, 347.078422, 17.299428
2915.069, 347.139301, 17.375941
9015.165, 346.989365, 17.186813
2484.008, 347.062298, 17.279449
6594.886, 346.983471, 17.179597
46785.415, 346.943313, 17.135975
2094.020, 347.006550, 17.209323
2088.187, 347.116387, 17.350103
10596.282, 346.980268, 17.177306
6940.879, 347.002871, 17.206052
4149.252, 346.928891, 17.111491
4929.216, 347.085625, 17.312746
39672.332, 346.939258, 17.128300
4510.624, 347.078292, 17.303862
19653.840, 346.922001, 17.104987
2897.883, 346.990015, 17.191252
6502.827, 347.013769, 17.221906
10687.810, 347.124706, 17.364222
7853.842, 346.931760, 17.118552
25835.866, 347.058753, 17.281309
4077.967, 347.122099, 17.361181
4975.152, 346.952099, 17.144390
4544.990, 346.987324, 17.189258
18886.707, 346.945696, 17.140063
2063.114, 347.039251, 17.256215
11101.708, 347.131927, 17.375639
5332.281, 347.009471, 17.219894
10676.235, 347.061125, 17.286052
3320.732, 347.103616, 17.339927
40113.991, 346.916108, 17.103865
16492.476, 347.004849, 17.216846
2880.111, 347.117594, 17.358201
2935.113, 346.962461, 17.160238
14716.864, 346.997623, 17.209197
2869.148, 346.928847, 17.119655
13996.872, 346.985556, 17.193962
3277.258, 346.930281, 17.122350
47575.829, 346.950858, 17.153999
38596.759, 347.013116, 17.232013
6203.821, 347.071995, 17.305271
7820.997, 347.130613, 17.380201
23378.287, 347.153185, 17.410446
8554.328, 346.992892, 17.204674
11080.094, 347.061293, 17.292551
5739.216, 347.101521, 17.343747
7391.695, 346.920987, 17.113272
51528.543, 346.931259, 17.128879
2498.099, 346.962951, 17.167173
10230.623, 346.922353, 17.117519
15190.454, 346.959704, 17.165024
3727.157, 347.019854, 17.241578
2839.266, 347.120435, 17.369894
2112.504, 347.032022, 17.257106
11476.896, 346.978650, 17.190869
4510.454, 347.055587, 17.288506
13994.872, 347.051774, 17.286244
3256.373, 347.021911, 17.247569
