# Source Fluxes and Coordinates
# Flux (e-/s), RA (deg), Dec (deg)
4817.334, 347.248384, 16.903351
5308.446, 347.289213, 16.959015
18191.417, 347.256322, 16.920033
2214.891, 347.298115, 16.972631
4423.612, 347.301871, 16.977991
131332.195, 347.261416, 16.932821
2265.985, 347.245987, 16.909381
2704.237, 347.251248, 16.916322
33701.722, 347.272901, 16.948604
4937.411, 347.335219, 17.032118
6157.669, 347.241205, 16.913925
2626.840, 347.269352, 16.951063
6581.172, 347.280217, 16.966882
39057.671, 347.234733, 16.912589
3147.179, 347.290696, 16.980542
35407.091, 347.280999, 16.976723
42528.621, 347.300871, 17.004278
51831.833, 347.258027, 16.948958
13237.003, 347.249934, 16.937069
4941.452, 347.341393, 17.054412
29901.253, 347.456454, 17.202556
10614.227, 347.230742, 16.915185
74489.324, 347.488839, 17.251426
3519.490, 347.241359, 16.931247
62518.557, 347.332066, 17.052881
23587.024, 347.477929, 17.237542
44931.922, 347.411820, 17.156658
13158.939, 347.457944, 17.214672
3107.006, 347.421791, 17.170112
7566.622, 347.293691, 17.007861
3111.282, 347.296917, 17.012892
3104.105, 347.332427, 17.058711
2176.203, 347.312142, 17.037085
3110.755, 347.431549, 17.189299
39684.813, 347.371987, 17.117549
73687.577, 347.243607, 16.955277
2200.346, 347.287204, 17.007660
3077.743, 347.231555, 16.939668
7955.833, 347.235576, 16.948066
3548.918, 347.261749, 16.983660
12188.616, 347.372298, 17.127069
4011.018, 347.222281, 16.936523
8914.313, 347.212448, 16.928398
7592.793, 347.219099, 16.936400
3572.816, 347.234946, 16.957510
7005.374, 347.224008, 16.944624
2247.553, 347.253555, 16.981978
17260.993, 347.466776, 17.257567
4058.822, 347.293769, 17.036803
7952.813, 347.261738, 16.996320
2679.285, 347.305656, 17.051900
2209.034, 347.213309, 16.935032
3553.254, 347.226674, 16.953434
5758.668, 347.375318, 17.151155
2183.301, 347.205116, 16.933412
3546.774, 347.243673, 16.984645
3556.069, 347.376212, 17.156211
18941.977, 347.451204, 17.254374
4153.713, 347.358824, 17.140090
4532.643, 347.213793, 16.957795
17983.081, 347.206279, 16.952946
5281.737, 347.220571, 16.969805
2618.167, 347.349992, 17.134928
2715.243, 347.243378, 16.999752
7047.281, 347.302595, 17.077778
20198.302, 347.335501, 17.120316
2195.675, 347.225775, 16.980435
25548.693, 347.210640, 16.965018
14095.943, 347.240658, 17.001217
2239.626, 347.261179, 17.028248
13239.317, 347.382679, 17.186940
9312.260, 347.234939, 16.999442
32599.198, 347.323415, 17.113918
14105.820, 347.205611, 16.962809
73621.656, 347.339870, 17.137349
3142.610, 347.397742, 17.211342
7061.585, 347.220971, 16.987400
31639.922, 347.190077, 16.950406
3517.447, 347.202764, 16.966044
2665.613, 347.216748, 16.984179
6184.208, 347.200288, 16.964959
77420.470, 347.328763, 17.135873
174098.588, 347.340330, 17.155740
4000.879, 347.213561, 16.987232
15488.331, 347.237802, 17.022593
4403.860, 347.220240, 16.999872
3572.359, 347.254008, 17.043712
3059.839, 347.213760, 16.992978
8398.302, 347.215399, 16.996641
3080.005, 347.194687, 16.969745
12867.377, 347.182921, 16.958737
3126.392, 347.208186, 16.990503
4430.926, 347.228983, 17.021561
6690.567, 347.288024, 17.097808
39267.816, 347.324299, 17.145934
6627.869, 347.200422, 16.987552
6200.419, 347.286180, 17.096001
21582.687, 347.219188, 17.013247
2265.028, 347.181216, 16.962961
2680.912, 347.186021, 16.969957
11557.956, 347.246065, 17.050105
74563.374, 347.295681, 17.118767
10563.091, 347.183087, 16.974797
7021.331, 347.241321, 17.048050
51194.819, 347.374248, 17.221565
13769.904, 347.216033, 17.016869
2675.034, 347.174618, 16.964255
5275.267, 347.176541, 16.968117
3089.070, 347.180665, 16.973004
28745.181, 347.359916, 17.205323
3085.365, 347.218390, 17.022523
5289.305, 347.190218, 16.987725
65108.240, 347.351896, 17.198995
14169.865, 347.190891, 16.991731
3577.711, 347.212432, 17.018263
3963.973, 347.246104, 17.061984
21162.763, 347.183035, 16.983026
8733.455, 347.295858, 17.126026
3999.623, 347.208353, 17.014830
2712.866, 347.166506, 16.962439
4050.136, 347.203857, 17.010086
40781.362, 347.192009, 17.001456
12436.423, 347.168958, 16.975914
15014.895, 347.160618, 16.968182
3985.284, 347.194088, 17.009452
7998.229, 347.204084, 17.023621
11041.395, 347.170257, 16.980995
4856.000, 347.198472, 17.016820
17638.780, 347.365386, 17.231684
7103.234, 347.187974, 17.009084
2217.080, 347.417684, 17.302754
3998.699, 347.197046, 17.021878
7963.958, 347.190703, 17.017813
4886.928, 347.184528, 17.010721
2640.487, 347.159449, 16.979330
2248.977, 347.233972, 17.075511
13743.629, 347.162902, 16.986833
5331.436, 347.172651, 16.998023
19432.418, 347.173616, 17.003623
6597.229, 347.196510, 17.030661
6159.411, 347.180477, 17.010776
3570.055, 347.193258, 17.026367
27212.558, 347.249822, 17.101675
3509.483, 347.370397, 17.253992
4494.897, 347.231055, 17.076913
4412.626, 347.335153, 17.210158
8787.211, 347.176145, 17.009223
485855.402, 347.271351, 17.138888
5387.260, 347.155825, 16.984767
7484.446, 347.236617, 17.088565
3580.642, 347.188220, 17.028153
4037.283, 347.148934, 16.979325
11501.055, 347.359732, 17.250596
4427.839, 347.223252, 17.076520
11457.233, 347.150466, 16.984442
8906.557, 347.172294, 17.012733
3083.881, 347.214169, 17.066913
3531.735, 347.168285, 17.009416
7099.275, 347.155414, 16.993618
3102.810, 347.227030, 17.084559
2270.284, 347.160707, 17.000750
6585.247, 347.173989, 17.020165
34138.647, 347.162825, 17.010117
7972.119, 347.151634, 16.994105
16300.915, 347.143190, 16.986542
35881.085, 347.176994, 17.029549
55151.796, 347.232992, 17.104584
5384.761, 347.149032, 16.995620
54327.146, 347.237996, 17.111702
6627.592, 347.179877, 17.036440
190303.344, 347.195943, 17.063371
3594.115, 347.244760, 17.119360
4440.762, 347.150579, 16.999927
2206.452, 347.156963, 17.007889
2664.625, 347.175829, 17.033297
149548.824, 347.205186, 17.077517
11096.482, 347.226805, 17.099899
2168.280, 347.162851, 17.019464
4949.106, 347.223445, 17.097662
2669.605, 347.265978, 17.153187
2702.995, 347.348121, 17.258492
2606.183, 347.133218, 16.984283
4079.327, 347.171932, 17.034724
5368.769, 347.257769, 17.145464
27614.722, 347.381025, 17.304316
2191.693, 347.146463, 17.003753
22864.923, 347.306085, 17.211573
13272.858, 347.131446, 16.988539
14014.293, 347.141937, 17.003436
9306.191, 347.152439, 17.016291
7529.333, 347.197753, 17.074541
4415.481, 347.217914, 17.099892
4412.090, 347.249056, 17.140359
2711.646, 347.169235, 17.038870
5759.314, 347.171221, 17.041721
4457.152, 347.242189, 17.132127
4474.983, 347.310043, 17.219021
15864.837, 347.132477, 16.994730
6183.246, 347.199776, 17.081233
3114.581, 347.197306, 17.079841
3589.047, 347.190226, 17.071097
30848.754, 347.356204, 17.285754
171077.672, 347.182876, 17.071898
3499.727, 347.174687, 17.054157
17167.693, 347.127222, 16.995253
7983.205, 347.165670, 17.044385
5768.270, 347.156669, 17.032973
2708.866, 347.299508, 17.215033
3045.654, 347.147497, 17.021521
5796.343, 347.248923, 17.151646
18469.358, 347.140827, 17.016989
5697.463, 347.128764, 17.000392
5375.007, 347.135180, 17.009489
7926.866, 347.192799, 17.084015
3541.562, 347.200331, 17.093145
6214.963, 347.160486, 17.043725
8320.658, 347.151624, 17.033676
10519.825, 347.197319, 17.093644
3529.892, 347.225592, 17.128699
3505.050, 347.122362, 16.996850
2227.157, 347.165918, 17.052154
6251.635, 347.160254, 17.047155
32979.362, 347.142816, 17.029774
25792.938, 347.161101, 17.051099
2678.397, 347.186177, 17.081969
4885.852, 347.154110, 17.043208
11562.871, 347.171307, 17.064855
2276.973, 347.284547, 17.209617
17620.271, 347.211960, 17.120571
8896.904, 347.144940, 17.033717
13647.056, 347.187789, 17.088843
9177.937, 347.147037, 17.036821
12005.596, 347.209135, 17.116447
39191.563, 347.313024, 17.251435
8837.064, 347.122999, 17.007205
3588.617, 347.265458, 17.190197
4414.173, 347.199222, 17.105763
22939.150, 347.127399, 17.016354
4055.539, 347.115374, 16.999705
15395.761, 347.134400, 17.025540
9811.513, 347.166667, 17.065783
37418.058, 347.291371, 17.227210
4057.278, 347.205452, 17.115694
7147.183, 347.116567, 17.004373
3538.036, 347.178235, 17.083015
2678.402, 347.211019, 17.124773
2209.708, 347.155615, 17.054521
2255.034, 347.166585, 17.069534
4432.942, 347.129056, 17.022023
6663.227, 347.168621, 17.073026
14529.157, 347.116944, 17.008545
3529.528, 347.134654, 17.030236
14918.418, 347.149584, 17.050292
8033.975, 347.194436, 17.107809
10684.160, 347.185794, 17.096087
7039.274, 347.199298, 17.114056
22405.740, 347.179892, 17.092464
16274.551, 347.191400, 17.105187
2615.993, 347.110538, 17.000728
2628.841, 347.119905, 17.012736
14485.544, 347.129817, 17.028795
4050.348, 347.135904, 17.038516
7131.152, 347.183924, 17.100757
10621.359, 347.353381, 17.318202
23659.079, 347.148861, 17.056943
16816.264, 347.171863, 17.088227
3109.739, 347.206717, 17.131402
6647.173, 347.174697, 17.091826
2641.860, 347.315245, 17.270303
5252.638, 347.162862, 17.077024
4903.853, 347.274873, 17.220065
3982.083, 347.151754, 17.062845
35146.926, 347.215345, 17.147072
11427.865, 347.203615, 17.134727
5733.831, 347.164006, 17.083626
4026.700, 347.167951, 17.087911
2203.763, 347.185611, 17.110015
44414.133, 347.285191, 17.241334
4870.033, 347.145208, 17.060398
14609.281, 347.103348, 17.008581
10075.881, 347.118245, 17.028711
7906.094, 347.130550, 17.044435
9715.306, 347.161706, 17.085168
8836.101, 347.184777, 17.113915
2216.130, 347.156475, 17.077570
3106.733, 347.350369, 17.326430
3967.777, 347.105629, 17.014324
51429.232, 347.108309, 17.024759
5740.069, 347.166460, 17.095856
7123.536, 347.118724, 17.036238
6228.712, 347.169726, 17.102071
13252.972, 347.112422, 17.031265
17227.404, 347.150364, 17.078462
54386.234, 347.128127, 17.052789
4850.852, 347.113903, 17.033953
93017.896, 347.118941, 17.047523
30035.160, 347.097034, 17.013412
6103.181, 347.210294, 17.157633
54619.330, 347.153751, 17.088721
4926.353, 347.190274, 17.134960
2667.925, 347.210934, 17.160551
2255.055, 347.178391, 17.119530
26414.340, 347.174423, 17.118016
8338.187, 347.169329, 17.111336
15904.764, 347.163735, 17.105908
190244.053, 347.215188, 17.180285
3074.686, 347.179487, 17.128499
8841.258, 347.095475, 17.023817
3982.130, 347.191126, 17.144589
21332.088, 347.202739, 17.160960
66209.414, 347.238819, 17.209150
70486.193, 347.278117, 17.259231
89957.512, 347.100843, 17.038212
2617.597, 347.110318, 17.042390
2587.884, 347.168828, 17.116382
2186.146, 347.101319, 17.030549
18073.224, 347.123671, 17.061131
4828.109, 347.173448, 17.124464
6176.993, 347.111569, 17.045924
144054.213, 347.123349, 17.067303
7094.277, 347.173872, 17.127198
16788.456, 347.107010, 17.046952
118414.504, 347.289966, 17.283262
2213.029, 347.166994, 17.121747
2620.198, 347.168510, 17.123625
5324.002, 347.178099, 17.136537
6235.113, 347.204077, 17.169847
4466.567, 347.162907, 17.118535
2228.433, 347.180708, 17.140702
2650.469, 347.152312, 17.105425
79658.107, 347.138174, 17.093329
3058.454, 347.178016, 17.139407
5419.121, 347.168234, 17.128701
10993.911, 347.115187, 17.061241
256867.773, 347.168824, 17.137040
11543.049, 347.099954, 17.043721
5327.649, 347.133443, 17.085319
6133.034, 347.083006, 17.024020
10684.195, 347.092941, 17.036807
2222.068, 347.303667, 17.305422
5736.132, 347.100391, 17.047997
4840.614, 347.084615, 17.028068
2258.806, 347.103805, 17.053466
4832.720, 347.157053, 17.122755
14903.909, 347.092021, 17.042966
2792.654, 347.132313, 17.091661
5293.890, 347.176950, 17.152017
7937.148, 347.296839, 17.305361
7065.370, 347.106748, 17.062590
26764.858, 347.200928, 17.184755
2212.018, 347.236895, 17.228974
11021.776, 347.077833, 17.026352
397528.500, 347.214596, 17.214901
4882.511, 347.079249, 17.030014
2697.212, 347.095033, 17.049657
12745.116, 347.100397, 17.057208
8857.489, 347.110965, 17.072024
2175.359, 347.210203, 17.198314
8821.514, 347.087886, 17.043312
40306.531, 347.168381, 17.150624
2209.361, 347.258416, 17.263004
3531.974, 347.093222, 17.052899
2251.999, 347.206046, 17.196597
3990.834, 347.300437, 17.318143
2697.447, 347.236908, 17.237051
41571.522, 347.072957, 17.031235
4441.654, 347.158158, 17.137328
14542.016, 347.104186, 17.069489
10187.964, 347.151386, 17.130293
4875.694, 347.123925, 17.097133
3947.054, 347.126406, 17.102005
2199.541, 347.158751, 17.143702
12396.242, 347.072017, 17.035762
19917.754, 347.180138, 17.175297
2255.013, 347.104095, 17.075790
3949.541, 347.117346, 17.093646
60631.519, 347.280263, 17.305787
4438.047, 347.091079, 17.062022
7574.457, 347.143340, 17.128915
72024.897, 347.297234, 17.329710
30386.774, 347.116547, 17.100061
2243.048, 347.100833, 17.076342
31003.806, 347.109843, 17.090257
3973.117, 347.185391, 17.184472
10626.792, 347.194474, 17.196818
4451.600, 347.123175, 17.105863
16223.691, 347.245171, 17.263183
7035.058, 347.083741, 17.056250
5312.012, 347.089420, 17.063946
4435.248, 347.085649, 17.059869
3604.104, 347.143004, 17.134207
2635.782, 347.174459, 17.174286
3112.510, 347.207078, 17.215694
7101.902, 347.074296, 17.047064
7053.614, 347.066798, 17.038057
10623.578, 347.123167, 17.110693
4017.762, 347.145324, 17.138670
12798.105, 347.102108, 17.085500
3514.506, 347.079167, 17.056944
5750.904, 347.093139, 17.073992
3589.991, 347.083348, 17.064138
2223.134, 347.086113, 17.068044
39427.686, 347.314196, 17.364358
3971.005, 347.073879, 17.054869
8451.525, 347.145374, 17.147551
3143.297, 347.099201, 17.088710
47942.798, 347.117001, 17.115080
3957.367, 347.086973, 17.075120
4853.666, 347.192701, 17.211459
4428.264, 347.065585, 17.049100
9215.907, 347.071256, 17.057827
20663.690, 347.061589, 17.047628
10163.984, 347.074409, 17.064297
51641.913, 347.093749, 17.090729
24618.885, 347.121994, 17.126264
11486.639, 347.136810, 17.144392
5273.380, 347.151287, 17.162136
47292.930, 347.306122, 17.362714
2660.564, 347.083406, 17.075063
2228.189, 347.142996, 17.152023
37547.823, 347.160065, 17.177202
2241.291, 347.174370, 17.192732
3565.581, 347.300207, 17.353563
5243.718, 347.065638, 17.054904
2199.343, 347.087576, 17.082562
29945.309, 347.115228, 17.121020
10561.684, 347.074611, 17.070026
7553.455, 347.079147, 17.073766
19378.491, 347.282849, 17.335806
15110.633, 347.062095, 17.054015
3996.296, 347.052340, 17.042254
3069.146, 347.179547, 17.205380
3113.147, 347.084689, 17.084001
4833.508, 347.075858, 17.074640
10148.803, 347.095827, 17.100902
9702.403, 347.058246, 17.054385
16326.837, 347.060489, 17.058980
10966.505, 347.099936, 17.107546
6615.404, 347.078156, 17.082498
91134.554, 347.133170, 17.155932
22925.642, 347.142430, 17.165132
2266.433, 347.209270, 17.248783
14453.828, 347.048896, 17.046047
4898.987, 347.072245, 17.074567
3115.825, 347.112757, 17.126920
2659.872, 347.053451, 17.051265
2270.003, 347.153364, 17.179185
7526.916, 347.178903, 17.212456
54222.274, 347.218486, 17.266171
2201.663, 347.149174, 17.174792
18062.718, 347.155608, 17.184877
2200.918, 347.074261, 17.079399
21206.393, 347.093450, 17.106428
4973.674, 347.210272, 17.254955
8360.655, 347.127266, 17.150758
4877.786, 347.063320, 17.069128
3052.475, 347.136342, 17.161694
4504.966, 347.147886, 17.178369
8840.101, 347.045527, 17.048576
3560.061, 347.057327, 17.063616
5374.919, 347.066764, 17.076375
2216.027, 347.127671, 17.155477
6633.682, 347.120424, 17.148840
6222.031, 347.100478, 17.122998
6227.474, 347.146365, 17.182301
2231.257, 347.152424, 17.188977
6596.293, 347.132857, 17.165081
3999.875, 347.048478, 17.058897
3530.573, 347.152336, 17.191157
10586.551, 347.099668, 17.126581
2667.426, 347.106574, 17.133254
2196.931, 347.113427, 17.142376
2619.242, 347.054061, 17.067691
9335.856, 347.096500, 17.122787
15453.780, 347.058458, 17.077317
3555.537, 347.106992, 17.137686
22070.828, 347.039050, 17.053083
130251.883, 347.043219, 17.064067
4398.716, 347.143167, 17.185663
4003.866, 347.193636, 17.249816
89897.147, 347.193437, 17.254990
8527.992, 347.067941, 17.092131
4550.364, 347.084052, 17.111690
91186.067, 347.090602, 17.124608
10132.857, 347.073673, 17.100390
43003.221, 347.129834, 17.177275
2221.547, 347.155920, 17.206505
60264.421, 347.096778, 17.138650
14601.334, 347.134528, 17.182745
22425.355, 347.121742, 17.168213
19904.117, 347.053584, 17.080366
173188.617, 347.104609, 17.151969
9681.037, 347.046759, 17.072575
7941.999, 347.150992, 17.205669
2248.036, 347.071969, 17.104679
21125.647, 347.053762, 17.086074
18949.573, 347.036073, 17.062580
16703.424, 347.078140, 17.115832
7084.083, 347.193630, 17.262835
6223.054, 347.109988, 17.157317
8331.873, 347.265975, 17.356931
3499.144, 347.140167, 17.196324
18515.981, 347.039901, 17.070592
14652.477, 347.153082, 17.215541
11487.323, 347.067424, 17.105465
8324.917, 347.135437, 17.193851
4859.249, 347.167768, 17.236953
3569.651, 347.191211, 17.266858
36244.001, 347.235619, 17.326049
11458.713, 347.138736, 17.201886
7156.185, 347.205263, 17.285694
2875.809, 347.146553, 17.211022
4415.719, 347.075276, 17.120736
31346.743, 347.032917, 17.069056
3528.158, 347.072004, 17.117024
2639.638, 347.098488, 17.150682
5349.482, 347.040181, 17.077652
2219.435, 347.052125, 17.092453
2700.911, 347.118302, 17.176767
2210.315, 347.128056, 17.189735
4837.960, 347.047280, 17.087250
2666.624, 347.078554, 17.127694
26510.586, 347.216581, 17.305915
6590.853, 347.137113, 17.204161
6189.775, 347.027564, 17.064650
8813.487, 347.047784, 17.091347
4438.517, 347.057256, 17.102441
11095.865, 347.117701, 17.180538
7954.673, 347.144094, 17.214140
6191.806, 347.040975, 17.083229
4428.396, 347.050930, 17.095998
8454.650, 347.146410, 17.219992
15531.407, 347.062851, 17.114543
19841.013, 347.031543, 17.075673
12392.431, 347.100240, 17.163039
39948.211, 347.252029, 17.358949
19056.362, 347.023847, 17.068315
3558.146, 347.043934, 17.091032
3978.916, 347.138454, 17.211857
7457.715, 347.036073, 17.082207
2197.251, 347.051590, 17.101649
7902.875, 347.067811, 17.122846
13979.478, 347.078384, 17.136363
3959.481, 347.101574, 17.166030
5309.742, 347.171528, 17.255843
10614.888, 347.112286, 17.181418
7485.845, 347.216514, 17.314171
3113.357, 347.021294, 17.064891
4062.747, 347.151388, 17.231442
3939.730, 347.179563, 17.267788
10589.716, 347.071040, 17.129764
33867.327, 347.081832, 17.144812
41233.217, 347.115717, 17.190473
42142.211, 347.130782, 17.210660
9726.888, 347.136668, 17.215871
4794.944, 347.144631, 17.225520
12026.976, 347.027010, 17.076106
14582.504, 347.045973, 17.100605
5695.680, 347.061128, 17.119201
3120.951, 347.019822, 17.066899
9261.271, 347.110319, 17.184818
3958.474, 347.094180, 17.163510
115571.608, 347.020296, 17.075840
4855.460, 347.101313, 17.173539
6131.639, 347.019072, 17.069758
12723.628, 347.025835, 17.079944
43317.881, 347.064586, 17.131604
3073.001, 347.050931, 17.112332
4871.640, 347.053178, 17.116040
2207.448, 347.107195, 17.184977
3994.365, 347.055011, 17.119647
12476.697, 347.084709, 17.159799
5334.767, 347.043597, 17.106764
3089.894, 347.255745, 17.377908
2680.060, 347.045392, 17.109296
22067.511, 347.050245, 17.119448
4408.908, 347.039909, 17.103427
7585.577, 347.221909, 17.337775
57767.943, 347.105168, 17.190998
12332.297, 347.084326, 17.163812
5242.397, 347.173842, 17.276791
4827.810, 347.128135, 17.219445
2218.430, 347.258112, 17.387036
3089.084, 347.093164, 17.176874
7581.727, 347.144137, 17.243041
16276.827, 347.028588, 17.096284
33975.424, 347.039743, 17.111930
5810.800, 347.122419, 17.216150
2637.828, 347.131184, 17.226963
16718.430, 347.014223, 17.078686
4903.393, 347.060294, 17.137104
4473.251, 347.208933, 17.327874
4405.547, 347.068614, 17.148971
278118.946, 347.184644, 17.305310
64409.965, 347.138881, 17.243982
49375.539, 347.039517, 17.121258
14107.715, 347.091861, 17.183573
38884.612, 347.026761, 17.103041
13285.961, 347.053953, 17.134943
41077.011, 347.267741, 17.410930
10131.893, 347.013339, 17.084837
62465.124, 347.044084, 17.126976
7466.188, 347.021592, 17.096690
2197.832, 347.061369, 17.147271
18428.870, 347.106471, 17.208179
23772.693, 347.034106, 17.117519
4881.789, 347.090778, 17.187158
3996.145, 347.205865, 17.334544
2206.912, 347.238750, 17.376067
17564.523, 347.012482, 17.090205
2207.306, 347.053407, 17.139560
21485.850, 347.005238, 17.081716
13301.528, 347.019086, 17.098233
11461.396, 347.064677, 17.156529
2251.335, 347.093810, 17.193263
5749.983, 347.149530, 17.266052
5346.713, 347.156627, 17.274440
6663.385, 347.045342, 17.133545
8888.232, 347.142766, 17.258422
2673.528, 347.068720, 17.163293
3028.450, 347.046429, 17.135758
83085.397, 347.058645, 17.155539
51883.901, 347.186264, 17.318479
7516.341, 347.037425, 17.126756
5339.951, 347.085378, 17.187396
2202.892, 347.078431, 17.178998
7519.450, 347.154900, 17.278076
15914.005, 346.999844, 17.080369
9286.857, 347.091878, 17.197768
126401.398, 347.133693, 17.257256
6684.398, 347.072259, 17.173721
13275.034, 347.107068, 17.218707
11868.328, 347.003946, 17.088328
4402.872, 347.235084, 17.382912
18141.806, 347.207246, 17.350583
3562.312, 347.010343, 17.097496
3561.045, 347.063335, 17.164991
15889.947, 346.997219, 17.084253
4929.592, 347.208317, 17.353531
4466.962, 347.025742, 17.120503
48589.016, 347.021908, 17.119063
8471.432, 347.097739, 17.215113
3079.661, 347.179915, 17.318881
2234.076, 347.011712, 17.104188
7463.250, 347.026021, 17.123102
100355.475, 346.997983, 17.092760
7072.141, 347.012569, 17.106697
11015.721, 347.016225, 17.112033
21199.640, 347.057207, 17.166697
8438.683, 347.066518, 17.177235
2659.489, 347.042079, 17.145608
4885.107, 347.025908, 17.126022
4837.900, 347.082656, 17.200808
16744.875, 347.092902, 17.215028
4009.163, 347.103985, 17.228893
7618.857, 346.991841, 17.085605
3109.593, 346.994710, 17.088526
2229.214, 347.031266, 17.135391
80391.116, 347.046860, 17.160905
6577.717, 347.057477, 17.170547
3110.682, 347.015667, 17.117477
5720.097, 347.143352, 17.281644
31810.948, 347.242261, 17.409762
2261.159, 347.007175, 17.107415
3972.656, 347.074737, 17.194275
2602.909, 347.111036, 17.240784
2253.773, 347.063460, 17.180117
9663.567, 347.133167, 17.270134
9668.262, 347.032473, 17.142113
8377.423, 347.008255, 17.112151
24185.122, 347.035385, 17.147214
91170.623, 347.126577, 17.268072
4449.822, 347.136735, 17.275531
5312.967, 347.013066, 17.118843
30894.385, 347.058165, 17.180519
4438.133, 347.181396, 17.334821
5293.855, 347.055621, 17.175647
4922.215, 347.074303, 17.199730
3572.813, 347.028692, 17.142053
5369.451, 347.038229, 17.155560
52403.638, 347.078162, 17.210076
13607.350, 347.004897, 17.114107
2203.309, 347.068030, 17.193758
32922.886, 347.203292, 17.369771
10224.585, 346.989606, 17.094895
6693.643, 347.011982, 17.123072
34348.638, 347.099801, 17.237500
15587.803, 346.996292, 17.105854
4832.148, 347.084234, 17.216175
2228.907, 347.024936, 17.140612
5727.575, 347.032125, 17.150640
6663.417, 347.034104, 17.153291
3543.978, 347.006887, 17.119397
23906.053, 347.019164, 17.136911
18230.558, 347.025538, 17.145897
19826.115, 347.038759, 17.162443
6747.102, 347.063947, 17.193480
2684.210, 347.071489, 17.202288
9638.625, 347.162394, 17.319570
11872.526, 346.984274, 17.092022
11856.808, 347.036497, 17.159493
25129.582, 346.990090, 17.101884
2199.400, 346.997853, 17.111870
8844.288, 347.093226, 17.236106
14117.818, 347.012383, 17.133436
2655.370, 347.021088, 17.143260
11456.000, 347.030218, 17.157207
7963.630, 347.065147, 17.201157
7925.724, 347.144384, 17.302678
11899.070, 346.994781, 17.112376
6213.925, 347.131372, 17.286699
2642.057, 347.141924, 17.299411
2200.682, 347.002186, 17.122694
17155.887, 347.036244, 17.167814
4386.476, 346.988712, 17.106400
11491.822, 347.080983, 17.225669
3572.240, 347.163057, 17.330445
6227.076, 347.059190, 17.198335
8781.828, 347.063316, 17.204316
11881.997, 347.104961, 17.257514
5297.085, 347.007816, 17.132903
5768.920, 346.999552, 17.124342
7899.542, 347.012472, 17.141715
25558.528, 346.993736, 17.120347
5758.947, 347.059326, 17.203360
18483.235, 346.989318, 17.115985
5784.940, 347.021507, 17.156227
4914.099, 347.114918, 17.276072
11028.175, 347.148502, 17.319205
30549.340, 346.973615, 17.099290
33801.198, 347.002356, 17.136021
6199.720, 347.011606, 17.144771
7897.916, 347.040065, 17.181608
204377.128, 347.067895, 17.224569
39164.694, 346.996501, 17.130603
24770.257, 346.985921, 17.117227
3077.364, 347.016799, 17.155184
11928.214, 347.022330, 17.164148
2237.469, 346.989726, 17.121476
4514.516, 347.169164, 17.351979
5721.889, 347.041371, 17.189495
4028.507, 347.003636, 17.141311
2249.746, 347.130280, 17.303754
2661.281, 347.097744, 17.262672
4865.118, 347.009433, 17.150602
33052.598, 347.092504, 17.259372
2221.513, 347.221103, 17.420738
8827.266, 347.159216, 17.345259
5731.599, 346.990880, 17.128356
15154.169, 347.028476, 17.179156
5375.802, 347.057665, 17.214288
11957.498, 347.078286, 17.241747
17131.664, 346.974527, 17.111101
3076.470, 347.059701, 17.218814
9215.624, 346.968219, 17.102935
3505.742, 346.983191, 17.121854
4479.733, 346.992292, 17.133660
5768.401, 347.017014, 17.165085
3944.977, 347.182000, 17.376804
18959.055, 346.970217, 17.108500
4017.323, 346.996543, 17.139958
7601.150, 346.993440, 17.137442
27397.185, 347.001180, 17.150554
2657.120, 347.007593, 17.156214
7954.231, 346.976004, 17.117434
7981.940, 346.965954, 17.105505
5396.303, 346.979606, 17.122587
98660.420, 346.993336, 17.147605
12374.265, 347.061948, 17.229198
63011.685, 347.067578, 17.239762
3137.970, 347.079534, 17.250483
2188.885, 347.132429, 17.319434
23803.571, 347.005300, 17.158405
7548.738, 347.027426, 17.186289
8435.858, 347.055289, 17.222378
5364.265, 347.218451, 17.430375
16301.863, 347.023335, 17.181874
3117.016, 347.016460, 17.173133
3586.236, 347.165336, 17.363670
11949.827, 346.979031, 17.127097
18544.403, 346.982332, 17.132671
3124.286, 347.095830, 17.276593
24801.895, 346.972934, 17.121942
9756.350, 347.120649, 17.310020
6230.853, 347.168155, 17.370486
4010.126, 347.079691, 17.257619
2680.140, 347.091323, 17.272170
4030.613, 347.038099, 17.205115
5313.609, 347.043171, 17.212574
4468.944, 347.101874, 17.286586
37257.228, 347.125608, 17.319188
14504.474, 347.027782, 17.193267
2248.622, 347.018364, 17.181274
6169.968, 347.098927, 17.285780
2707.825, 347.039819, 17.210025
6223.326, 347.056229, 17.232384
20749.904, 347.108900, 17.301856
7102.044, 346.968872, 17.121970
3553.098, 347.204175, 17.422790
33684.245, 346.958733, 17.113103
27383.745, 346.976522, 17.135805
7053.246, 346.973238, 17.129270
16346.583, 346.984783, 17.145055
14989.417, 346.963598, 17.119493
4459.026, 346.999376, 17.164445
5269.501, 347.058827, 17.240101
11048.700, 347.003040, 17.169781
4422.648, 347.032953, 17.210248
73217.550, 347.087552, 17.283123
6239.837, 347.030590, 17.207729
10158.033, 347.156809, 17.369496
4908.135, 347.075648, 17.265771
13251.847, 346.964699, 17.124424
3127.455, 346.972929, 17.134593
6153.735, 346.985108, 17.150863
6714.149, 347.058802, 17.245418
3142.726, 347.113545, 17.314564
4869.924, 347.069575, 17.259714
15348.365, 346.953505, 17.112930
273676.408, 346.990027, 17.171130
4476.375, 347.001629, 17.173250
9265.088, 346.976745, 17.142606
10182.335, 347.022445, 17.202538
156975.246, 347.124148, 17.338489
3102.980, 347.150438, 17.365544
4785.810, 346.965937, 17.131304
8882.636, 347.141451, 17.356492
20185.041, 346.958514, 17.122489
14629.301, 346.967506, 17.135803
15440.275, 347.102067, 17.307618
5357.889, 347.064646, 17.259730
3545.920, 347.129400, 17.342792
7052.467, 346.952439, 17.119462
53283.837, 346.968899, 17.142914
7509.128, 346.948709, 17.115885
2692.660, 347.116946, 17.330221
2213.847, 346.979270, 17.154935
10979.574, 346.981136, 17.158723
2191.290, 347.001627, 17.184150
2802.512, 347.103236, 17.314210
8010.184, 346.952998, 17.122688
4463.825, 347.029795, 17.220406
14104.553, 346.954369, 17.126371
5346.808, 346.947907, 17.118482
105914.064, 347.007018, 17.198294
8353.509, 347.014668, 17.205815
3960.708, 346.981792, 17.163688
9251.009, 347.073627, 17.281899
18573.157, 346.960425, 17.139916
4381.455, 347.025521, 17.221593
29534.999, 346.946073, 17.122173
20229.839, 346.992674, 17.183160
15135.878, 346.954078, 17.133737
3581.765, 347.181895, 17.424450
3536.739, 346.978337, 17.167276
3154.926, 347.032039, 17.235505
3152.492, 347.073745, 17.288941
3257.355, 347.166978, 17.408045
3081.590, 347.105956, 17.331869
100806.309, 346.940940, 17.126749
4431.097, 346.993577, 17.188298
11875.286, 346.997251, 17.194402
5319.301, 347.086390, 17.308189
14582.565, 346.970911, 17.161644
404378.658, 346.969856, 17.170310
53565.988, 346.987662, 17.187290
2270.427, 347.052061, 17.264504
25468.489, 346.949759, 17.136997
2177.882, 346.957710, 17.144533
42338.176, 346.964959, 17.156695
9273.084, 347.031332, 17.239488
3569.445, 346.960829, 17.149260
3542.487, 347.010474, 17.212742
5348.714, 347.057406, 17.273107
4909.071, 346.994594, 17.195031
7551.951, 346.952875, 17.143082
4466.961, 347.060251, 17.279307
5343.916, 346.960297, 17.152703
10139.982, 346.997259, 17.200366
4004.124, 347.040973, 17.255533
2666.331, 346.944525, 17.132926
3519.834, 346.946515, 17.136818
4910.573, 346.990956, 17.193737
21627.597, 346.977491, 17.178551
4386.983, 346.980584, 17.180903
8773.371, 347.043489, 17.261999
10740.318, 347.066715, 17.292092
2210.501, 347.026388, 17.240246
7492.822, 347.029987, 17.245927
9629.113, 347.007753, 17.218185
154876.780, 346.951306, 17.154280
4869.070, 346.997330, 17.204807
4840.621, 346.999908, 17.207548
3984.021, 346.946612, 17.140128
5766.401, 347.017564, 17.231202
3988.217, 347.145063, 17.394090
3985.470, 347.185935, 17.448444
8380.783, 346.996935, 17.208235
10551.268, 346.935951, 17.131574
31216.197, 346.941468, 17.138896
5289.726, 346.959037, 17.159255
27152.841, 346.989505, 17.199912
24086.179, 346.933244, 17.129093
47378.441, 347.012603, 17.232121
5358.079, 347.136955, 17.387839
3551.972, 346.974920, 17.181172
2201.982, 347.038389, 17.261991
18531.938, 346.980220, 17.190939
6576.883, 347.088357, 17.328400
32230.116, 346.944926, 17.148119
4890.995, 346.998929, 17.214886
8907.783, 347.043636, 17.272491
4891.832, 347.152516, 17.411532
45970.114, 346.938341, 17.145014
10991.184, 346.969169, 17.179538
7118.949, 347.007063, 17.227790
23837.723, 346.936886, 17.139522
7594.071, 346.958247, 17.165667
18119.325, 346.960905, 17.169964
3656.777, 346.992638, 17.209789
4972.824, 347.044928, 17.276295
13664.908, 347.055613, 17.291341
4436.724, 347.021894, 17.247901
4473.237, 347.068127, 17.307812
2200.136, 347.172457, 17.440525
41065.743, 346.998973, 17.223770
32775.653, 347.012837, 17.241210
5289.848, 347.112111, 17.365556
7559.539, 347.120028, 17.376433
5348.303, 347.146052, 17.408508
15089.339, 347.034791, 17.268612
30878.339, 347.036589, 17.272447
10224.351, 346.929519, 17.134566
2641.629, 346.932500, 17.137665
8826.290, 347.045321, 17.283823
5354.770, 347.123305, 17.382774
15431.792, 346.968058, 17.186240
123949.356, 347.072026, 17.323020
34171.754, 346.972981, 17.193079
7597.577, 346.964967, 17.182537
2652.550, 347.017147, 17.248423
24543.326, 346.954081, 17.170532
122403.660, 347.103246, 17.364346
3525.940, 346.948727, 17.162770
3105.202, 346.970200, 17.189621
12792.414, 346.975940, 17.198492
2678.035, 347.057742, 17.301463
32657.956, 346.957075, 17.175735
15022.142, 346.982123, 17.206838
3072.835, 346.995144, 17.222101
20384.732, 346.932442, 17.144315
14603.377, 346.939931, 17.152806
3556.867, 347.087910, 17.341829
3550.139, 347.174671, 17.452885
5309.640, 346.928507, 17.138688
9418.229, 347.044204, 17.287253
5783.529, 346.988397, 17.216003
13258.044, 346.975481, 17.202021
14519.491, 346.982781, 17.211400
40921.635, 346.943911, 17.164812
63070.920, 346.939514, 17.161120
2656.111, 347.007459, 17.242602
103824.508, 346.923191, 17.141862
2661.653, 346.966922, 17.192352
2643.929, 347.033706, 17.277862
13311.222, 347.037631, 17.286054
49159.061, 347.121192, 17.393175
4837.797, 346.936159, 17.153861
8868.010, 346.957807, 17.182557
3151.924, 346.968147, 17.195741
7958.629, 346.972409, 17.202012
4424.127, 347.003888, 17.241925
68789.212, 347.011882, 17.255354
2196.711, 346.979344, 17.210951
14497.416, 346.986401, 17.222614
2660.106, 347.048559, 17.299439
3182.157, 347.057939, 17.311790
8432.680, 346.930623, 17.149287
4412.651, 346.960606, 17.188646
8368.976, 346.995026, 17.232065
30634.404, 347.148303, 17.430061
8800.761, 346.975448, 17.208904
5313.687, 347.166313, 17.452888
10578.420, 346.946028, 17.171233
28285.362, 347.074541, 17.339406
9702.857, 347.013898, 17.261729
16750.775, 346.978301, 17.217298
2201.134, 346.967548, 17.202641
6584.920, 346.943979, 17.174452
8834.848, 346.986406, 17.228872
3538.169, 347.005474, 17.252754
2228.674, 347.034060, 17.288588
39402.670, 346.938295, 17.170647
6142.766, 346.971891, 17.210375
7504.521, 347.010171, 17.259266
38492.987, 346.965619, 17.206526
10134.326, 347.067746, 17.334836
3564.770, 347.171424, 17.465942
26447.876, 346.992099, 17.240294
6695.047, 347.042210, 17.302183
3540.118, 347.060643, 17.325170
2266.857, 346.923827, 17.150037
37874.624, 346.930884, 17.163969
93809.871, 346.976487, 17.222114
2231.729, 346.948180, 17.182802
15508.855, 346.955399, 17.194187
11963.803, 347.053905, 17.321716
4918.892, 346.946196, 17.183761
3090.369, 347.034097, 17.295859
3983.756, 346.919635, 17.149881
14180.307, 346.923338, 17.155527
4884.523, 346.933195, 17.167137
4919.809, 347.024067, 17.284133
35801.010, 346.914589, 17.146247
31664.651, 346.949858, 17.192471
2614.695, 346.959349, 17.201090
9620.004, 346.926361, 17.160696
6229.908, 346.997949, 17.252424
7600.593, 346.942870, 17.181698
3943.044, 347.009273, 17.267450
21564.667, 347.049376, 17.322061
146462.720, 346.952305, 17.203311
3094.700, 347.152638, 17.452423
7100.451, 346.931087, 17.169405
20016.465, 346.958710, 17.208808
44221.182, 347.000458, 17.264741
20689.211, 346.918158, 17.155756
2247.567, 346.949442, 17.194447
7908.828, 346.969651, 17.220480
10216.049, 346.977252, 17.230716
3103.429, 346.937385, 17.179532
5340.539, 347.031910, 17.300588
8883.248, 346.909604, 17.146230
6263.474, 346.944124, 17.189361
2664.085, 347.114061, 17.406687
2274.414, 346.949176, 17.197017
109806.755, 346.965096, 17.223905
23865.596, 346.935584, 17.182942
34826.193, 346.927404, 17.173015
7915.869, 347.007837, 17.274919
28232.066, 346.910832, 17.152685
14137.741, 346.919223, 17.164223
3093.286, 347.016667, 17.286241
2178.579, 347.018302, 17.287856
5740.530, 347.044855, 17.323065
2654.519, 346.970568, 17.227765
7954.536, 346.977168, 17.236750
2635.261, 347.092381, 17.383335
7097.376, 347.020203, 17.292397
4430.874, 346.960394, 17.216006
3955.890, 347.075413, 17.363832
79469.676, 346.928017, 17.182354
50917.632, 346.940442, 17.194976
16800.847, 346.913440, 17.161150
10240.584, 347.045346, 17.328828
6134.554, 347.071055, 17.360913
9748.949, 346.911062, 17.158454
3517.227, 346.951241, 17.207826
2159.825, 346.983789, 17.249345
21258.200, 346.985697, 17.254169
4920.907, 346.969887, 17.232280
3949.367, 347.074532, 17.366180
2667.149, 346.974983, 17.239227
3502.381, 346.976707, 17.241692
23824.362, 347.066018, 17.358261
2648.472, 346.945464, 17.202996
7946.598, 347.011419, 17.288204
9266.546, 346.971156, 17.236413
10661.836, 346.992088, 17.263698
5281.924, 347.034724, 17.317458
34666.948, 346.903886, 17.151605
25099.943, 346.942026, 17.202316
16306.475, 347.002795, 17.279508
23416.778, 346.951638, 17.214814
109840.732, 346.995194, 17.273474
9746.543, 346.907069, 17.157299
4444.256, 346.919463, 17.172668
7036.455, 346.923154, 17.178489
4930.972, 346.954308, 17.218248
22142.375, 346.962432, 17.230330
4427.019, 346.948607, 17.211675
7153.481, 347.041821, 17.331508
64212.339, 346.903824, 17.159683
108998.770, 346.912451, 17.170072
12368.507, 346.922594, 17.181405
3039.324, 346.979692, 17.253353
29924.040, 346.933292, 17.197685
13269.032, 346.964452, 17.236735
6291.381, 346.969866, 17.242557
2669.598, 346.898944, 17.151542
7499.731, 346.940559, 17.205620
10978.385, 346.997585, 17.279287
3952.431, 347.018975, 17.306157
26833.480, 346.943473, 17.210969
6628.300, 346.952893, 17.222802
6253.966, 346.971837, 17.247015
18485.862, 347.015244, 17.303372
7920.333, 346.948793, 17.218167
12351.016, 347.000734, 17.285422
6206.214, 347.138073, 17.462200
4408.636, 346.918849, 17.181552
2224.489, 346.927023, 17.192117
5342.264, 346.964660, 17.240598
2677.747, 346.975163, 17.253947
5704.423, 346.922738, 17.187174
3528.940, 347.024990, 17.318178
