# Source Fluxes and Coordinates
# Flux (e-/s), RA (deg), Dec (deg)
4547.674, 347.088980, 17.370454
11281.286, 346.977715, 17.224046
20470.037, 346.912362, 17.137801
2974.530, 346.974842, 17.220708
25048.966, 346.938181, 17.170530
3475.097, 347.091810, 17.366172
22668.361, 347.074146, 17.340130
42329.650, 347.012080, 17.255252
2587.647, 347.085320, 17.353477
2604.059, 346.961802, 17.190627
2665.117, 347.080479, 17.344361
32221.701, 347.148504, 17.429819
45614.096, 347.121141, 17.392742
7120.148, 346.950239, 17.172047
3783.563, 347.116223, 17.386985
91777.544, 347.103249, 17.364654
2695.776, 347.008309, 17.246146
15754.100, 347.086339, 17.344099
81240.819, 347.072379, 17.323235
2244.383, 347.039514, 17.282256
3419.043, 347.022158, 17.257635
19443.339, 346.915295, 17.115188
20383.337, 347.113445, 17.371710
1916.394, 347.102943, 17.358561
41223.587, 346.950232, 17.156434
2224.807, 347.067265, 17.308426
7875.659, 347.022411, 17.247977
28431.389, 347.012561, 17.231571
2243.983, 347.062949, 17.298827
3413.575, 346.962664, 17.167714
249062.982, 346.970126, 17.170218
17247.628, 346.929783, 17.121906
1871.664, 347.171031, 17.433027
3015.101, 346.935494, 17.125748
10584.450, 347.113758, 17.352753
7096.147, 346.991021, 17.193485
9847.558, 347.059141, 17.280683
4960.937, 347.051518, 17.269677
2984.509, 347.063662, 17.285128
33437.589, 347.034369, 17.242975
9818.325, 346.988389, 17.184982
4585.656, 347.107481, 17.338752
7971.341, 346.939309, 17.118078
6367.499, 347.174521, 17.424497
6026.243, 347.127902, 17.360747
2393.611, 347.016347, 17.214803
61697.363, 347.007006, 17.198530
13959.958, 347.118264, 17.343946
72978.005, 346.986436, 17.169810
3717.755, 347.042977, 17.246254
4591.371, 347.028917, 17.224434
5659.068, 347.189317, 17.431041
1907.840, 347.055364, 17.256275
114953.221, 347.124064, 17.338628
26914.740, 346.995918, 17.173411
3406.055, 347.098127, 17.306905
6052.449, 347.120222, 17.332632
4577.390, 346.937378, 17.093641
1865.283, 347.090773, 17.291146
51243.354, 347.087118, 17.282511
5689.904, 347.151241, 17.367146
2269.881, 347.106077, 17.308810
6350.575, 347.127537, 17.334027
3396.955, 346.972165, 17.130006
4582.449, 347.058727, 17.242072
3774.220, 347.174573, 17.391585
1922.305, 347.190764, 17.411774
12196.143, 347.125545, 17.323610
45339.499, 346.993481, 17.147880
5302.985, 347.048179, 17.220628
4517.529, 347.039977, 17.205576
28363.269, 347.068449, 17.239382
3430.010, 347.079608, 17.255312
7613.170, 347.145768, 17.339473
5639.190, 347.047684, 17.207847
151550.500, 347.067905, 17.224619
1913.253, 347.175725, 17.369640
29242.245, 347.082942, 17.246924
9068.797, 347.092597, 17.258926
17124.400, 346.996066, 17.131919
2185.698, 347.101001, 17.269434
3032.180, 347.079099, 17.239613
1884.574, 346.995292, 17.127750
17535.143, 347.214887, 17.411681
3431.746, 347.005372, 17.139722
2653.324, 347.088452, 17.247229
6378.912, 347.125867, 17.294490
7646.392, 347.092687, 17.246349
1890.071, 346.995720, 17.120448
15406.407, 347.164033, 17.332333
4470.386, 347.051886, 17.186770
5682.164, 347.044900, 17.175391
6468.940, 347.152503, 17.312344
3708.035, 347.052264, 17.181811
30890.554, 347.077891, 17.210232
3828.245, 346.990259, 17.097197
71247.028, 347.126521, 17.268467
3398.404, 347.097758, 17.235382
46038.701, 347.046948, 17.161176
3032.025, 347.054509, 17.174102
3804.424, 346.998676, 17.101231
16550.204, 347.074561, 17.197014
1915.779, 347.145238, 17.290099
1931.372, 347.140794, 17.282907
3807.006, 347.166933, 17.315300
9184.559, 347.132228, 17.269564
1868.547, 347.070568, 17.190615
55842.975, 346.998175, 17.092433
8105.893, 347.138561, 17.276512
22775.057, 347.021662, 17.118777
19530.869, 347.025691, 17.123991
3043.493, 347.115075, 17.238957
81750.896, 347.133394, 17.257395
3406.003, 347.035716, 17.131180
4921.227, 347.094106, 17.204830
49281.372, 347.058145, 17.155176
10666.569, 347.207336, 17.350212
43620.159, 347.185931, 17.318462
6466.912, 347.036469, 17.124897
2247.417, 347.182144, 17.314024
229532.795, 347.184266, 17.305035
22298.568, 347.107517, 17.210007
4853.515, 347.022456, 17.097520
49276.312, 347.138904, 17.243703
3763.137, 347.028515, 17.101979
2242.466, 347.097567, 17.188387
2312.318, 347.229117, 17.358489
19688.616, 347.112339, 17.201199
26585.918, 347.105108, 17.191045
7189.558, 347.211609, 17.328385
63592.632, 347.020175, 17.075673
6780.117, 347.008382, 17.063553
4470.837, 347.155128, 17.254016
54549.207, 347.002243, 17.046328
4183.932, 347.092240, 17.166944
9388.505, 347.019451, 17.068253
25237.129, 347.129754, 17.210484
3430.033, 347.108169, 17.180878
3721.136, 347.172126, 17.263571
42238.259, 347.229184, 17.332607
12243.351, 347.190036, 17.284145
2686.768, 347.208654, 17.307442
4141.019, 347.215938, 17.314614
46044.475, 347.168213, 17.249918
31398.104, 347.252548, 17.358864
3009.096, 347.059151, 17.105373
1890.392, 347.257322, 17.361009
5236.497, 347.147150, 17.216253
5258.232, 347.178051, 17.254668
1913.194, 347.157744, 17.227327
115079.075, 347.104304, 17.151973
4507.305, 347.169812, 17.242054
42111.377, 347.096629, 17.138304
8661.972, 347.257908, 17.349270
58555.702, 347.042744, 17.064251
55607.951, 347.090889, 17.125186
63832.047, 347.193625, 17.254984
3069.915, 347.202006, 17.269049
3839.615, 347.110057, 17.148900
3505.096, 347.189698, 17.250493
2641.356, 347.037823, 17.045471
7227.750, 347.283864, 17.363477
2251.856, 347.263802, 17.338303
4495.308, 347.262814, 17.335968
22488.744, 347.244838, 17.311187
4559.578, 347.134305, 17.168919
15801.950, 347.118484, 17.145830
6816.818, 347.049796, 17.054548
3724.210, 347.140694, 17.173010
10106.995, 347.158187, 17.194329
60796.721, 347.132970, 17.155548
34762.648, 347.286287, 17.355533
43421.396, 347.218671, 17.266198
4864.684, 347.223767, 17.274731
2368.820, 347.201362, 17.246403
4120.765, 347.194783, 17.233556
2619.091, 347.186849, 17.223633
1907.403, 347.141919, 17.164852
7562.447, 347.278409, 17.339929
3389.650, 347.210600, 17.251081
3060.258, 347.151026, 17.173573
4886.987, 347.059334, 17.051580
14831.401, 347.256702, 17.304817
4853.002, 347.133893, 17.146677
2241.406, 347.243670, 17.288058
21064.402, 347.150576, 17.163150
4176.503, 347.279599, 17.334012
3398.973, 347.217833, 17.253788
8237.147, 347.206181, 17.237905
4987.323, 347.297912, 17.355919
4535.733, 347.292115, 17.344861
4123.828, 347.233553, 17.268032
1921.523, 347.189166, 17.210356
1898.471, 347.072902, 17.057329
2724.012, 347.146050, 17.151759
8918.225, 347.173662, 17.186010
2989.957, 347.170748, 17.181263
3396.339, 347.161905, 17.170175
8557.865, 347.276042, 17.316272
7947.543, 347.202390, 17.221493
2625.383, 347.265980, 17.303168
3802.844, 347.121627, 17.114261
8664.822, 347.095893, 17.078732
2232.393, 347.232118, 17.256566
6785.403, 347.187268, 17.196280
7141.004, 347.288343, 17.326991
12745.079, 347.234590, 17.256118
2659.549, 347.292958, 17.331903
3021.893, 347.237621, 17.259665
2299.757, 347.134080, 17.125549
1974.188, 347.260216, 17.289283
34584.309, 347.110321, 17.090881
1915.123, 347.220435, 17.235741
2305.298, 347.229621, 17.246972
66952.073, 347.296632, 17.329355
2638.675, 347.216811, 17.229122
2293.907, 347.153983, 17.147479
2630.177, 347.197682, 17.204034
2643.215, 347.164903, 17.161054
52940.468, 347.279696, 17.306036
388534.239, 347.214340, 17.215059
2259.140, 347.266493, 17.290704
4183.638, 347.108590, 17.084203
2265.355, 347.226773, 17.231700
6348.288, 347.206446, 17.203912
1906.411, 347.261478, 17.275614
7183.671, 347.110467, 17.077782
4509.336, 347.174225, 17.159872
25275.586, 347.085025, 17.042258
2282.902, 347.300958, 17.324257
7944.740, 347.230183, 17.231180
11662.607, 347.178069, 17.162471
11267.339, 347.287006, 17.302416
1890.867, 347.244255, 17.248618
1888.998, 347.190368, 17.178391
11285.248, 347.171918, 17.152505
2663.298, 347.187870, 17.174116
3765.005, 347.093931, 17.050944
25139.265, 347.176334, 17.155973
10526.719, 347.214448, 17.203737
29558.209, 347.211829, 17.199038
3035.649, 347.258689, 17.260926
7486.770, 347.308895, 17.325837
5637.517, 347.216863, 17.206391
179264.881, 347.168831, 17.137348
10623.669, 347.206506, 17.190238
8337.082, 347.296063, 17.307000
3396.303, 347.110951, 17.067089
7196.460, 347.224780, 17.213734
6746.452, 347.241178, 17.234997
13916.401, 347.284143, 17.287430
4121.025, 347.233092, 17.222595
7514.715, 347.130638, 17.089177
4098.648, 347.126281, 17.083839
2715.234, 347.320884, 17.334318
2204.843, 347.175572, 17.145056
14990.186, 347.183263, 17.153194
39799.948, 347.138568, 17.093295
2213.202, 347.206835, 17.184014
11984.127, 347.293885, 17.295618
3336.759, 347.297959, 17.301514
5215.265, 347.246898, 17.234456
6788.919, 347.243588, 17.229877
1932.627, 347.150414, 17.109339
3359.651, 347.202777, 17.176736
8693.192, 347.110343, 17.055875
3792.035, 347.213303, 17.189613
90668.283, 347.289688, 17.283098
41056.796, 347.099796, 17.038514
23526.906, 347.206147, 17.177191
2313.072, 347.195784, 17.165062
60154.859, 347.124646, 17.068913
3405.417, 347.079204, 17.013181
168952.526, 347.214632, 17.180335
8293.868, 347.245341, 17.226981
11758.027, 347.239004, 17.218046
8673.971, 347.227035, 17.203063
4100.930, 347.324147, 17.329713
3419.139, 347.301182, 17.298230
5969.660, 347.217857, 17.189134
2621.619, 347.308567, 17.306806
3325.360, 347.192195, 17.155004
2598.717, 347.286778, 17.277091
108302.808, 347.277045, 17.259330
4548.854, 347.149422, 17.097706
1964.318, 347.323520, 17.323941
80047.706, 347.238627, 17.209444
1902.678, 347.110079, 17.045943
5742.346, 347.303921, 17.296798
1912.617, 347.265657, 17.247814
3376.367, 347.158664, 17.107823
8650.801, 347.182436, 17.137862
9460.413, 347.190793, 17.146451
8620.538, 347.146820, 17.090104
3424.065, 347.271580, 17.252274
10179.503, 347.251010, 17.223595
18511.802, 347.118490, 17.050270
11272.973, 347.165254, 17.110610
3756.415, 347.328967, 17.324192
21346.262, 347.203027, 17.158905
23138.180, 347.118393, 17.045741
3901.232, 347.247335, 17.214719
4898.930, 347.236976, 17.200963
4878.894, 347.284012, 17.261136
2246.288, 347.201823, 17.154803
2639.360, 347.183710, 17.129476
50765.655, 347.153916, 17.088019
7883.591, 347.156645, 17.093149
2296.058, 347.180367, 17.123567
3449.590, 347.277089, 17.248296
24176.267, 347.163377, 17.098854
34638.798, 347.128370, 17.052155
23228.229, 347.310524, 17.288932
3403.768, 347.329110, 17.314551
1912.986, 347.195396, 17.140546
30467.464, 347.108860, 17.025365
7935.974, 347.333593, 17.317947
1867.343, 347.269621, 17.236273
11273.428, 347.243894, 17.198215
16496.737, 347.338539, 17.323298
3720.784, 347.289384, 17.260353
3030.626, 347.237404, 17.192557
6422.636, 347.102393, 17.016194
3370.793, 347.089544, 16.998895
2625.049, 347.284824, 17.252826
4556.404, 347.201058, 17.143025
5652.499, 347.294214, 17.263740
9354.979, 347.220063, 17.166536
6450.423, 347.323526, 17.300211
7157.808, 347.284240, 17.248570
1912.551, 347.197864, 17.137579
3397.230, 347.094475, 17.001959
3337.185, 347.161847, 17.089733
2250.921, 347.101160, 17.011181
4551.786, 347.170020, 17.099488
6428.604, 347.293609, 17.259616
4924.856, 347.271501, 17.230424
4908.024, 347.248306, 17.201017
1880.419, 347.099536, 17.007580
3014.567, 347.193299, 17.128659
9110.536, 347.188092, 17.121077
11950.031, 347.118006, 17.028134
47230.956, 347.094791, 16.996436
2713.141, 347.120187, 17.032340
7181.700, 347.290824, 17.253079
2307.671, 347.181633, 17.111868
57224.417, 347.285110, 17.241744
1895.844, 347.274016, 17.231037
2284.891, 347.254452, 17.204550
9808.522, 347.213411, 17.150073
11363.393, 347.167171, 17.089117
2610.809, 347.218183, 17.156303
12870.169, 347.160563, 17.080029
19859.695, 347.143625, 17.055917
6038.929, 347.089819, 16.988294
8686.444, 347.249037, 17.195016
4892.972, 347.344506, 17.319018
4193.045, 347.338054, 17.310241
4538.118, 347.310203, 17.274509
16959.096, 347.297092, 17.255410
4511.938, 347.105088, 17.007046
6758.707, 347.272820, 17.224768
4876.777, 347.246220, 17.190307
2245.460, 347.231659, 17.172104
9817.730, 347.100389, 16.998037
3821.456, 347.124678, 17.030632
1967.551, 347.344150, 17.316272
24476.422, 347.312225, 17.272216
14241.416, 347.336875, 17.303079
2307.888, 347.200131, 17.128251
4585.948, 347.163977, 17.080452
1853.947, 347.333519, 17.299807
4201.130, 347.157970, 17.070656
3737.205, 347.273158, 17.220459
4479.324, 347.241062, 17.179241
18839.674, 347.119822, 17.018864
4106.124, 347.324037, 17.285071
3422.507, 347.169385, 17.084035
7188.003, 347.221162, 17.150589
13865.672, 347.202610, 17.125451
3380.361, 347.161087, 17.071946
16262.261, 347.344343, 17.309068
3407.956, 347.264572, 17.206387
2306.686, 347.196089, 17.117605
8297.891, 347.268774, 17.211316
4498.377, 347.166437, 17.077782
12392.783, 347.351082, 17.315789
3804.512, 347.316183, 17.272175
2974.998, 347.142241, 17.046493
1875.242, 347.286743, 17.233853
10112.744, 347.257669, 17.195243
3794.820, 347.232759, 17.163340
2285.218, 347.109372, 17.002582
9375.362, 347.098116, 16.986083
9439.039, 347.239085, 17.168847
3025.552, 347.281845, 17.223610
2637.044, 347.231107, 17.157697
6750.868, 347.227530, 17.152133
4548.565, 347.177974, 17.088158
4951.248, 347.158467, 17.062172
3808.264, 347.355454, 17.318697
2302.899, 347.278821, 17.219420
2655.684, 347.268252, 17.205317
2260.631, 347.259741, 17.193893
2298.581, 347.235636, 17.161844
8237.881, 347.127874, 17.020187
2619.236, 347.303274, 17.247831
8983.998, 347.214582, 17.131262
6784.747, 347.168551, 17.071113
3770.311, 347.103289, 16.985640
38973.692, 347.290507, 17.226348
4134.657, 347.191706, 17.098287
20304.682, 347.283786, 17.214055
56374.278, 347.312898, 17.250853
4216.581, 347.354095, 17.306474
2282.779, 347.287302, 17.219904
6378.340, 347.170763, 17.067296
2281.776, 347.128944, 17.013935
36130.958, 347.210252, 17.116458
6492.724, 347.300566, 17.235239
2670.772, 347.243321, 17.161862
2654.529, 347.329697, 17.273254
7848.646, 347.240934, 17.157247
5627.300, 347.123782, 17.004729
10162.141, 347.329090, 17.270125
11245.958, 347.306035, 17.239633
2276.796, 347.138766, 17.023697
12045.009, 347.226511, 17.135871
3321.871, 347.213667, 17.119789
7187.101, 347.207949, 17.110572
7939.724, 347.127364, 17.005800
4149.610, 347.356955, 17.304569
8702.044, 347.353006, 17.297995
14330.544, 347.337933, 17.277394
9001.796, 347.206787, 17.107745
4566.400, 347.159515, 17.047990
2255.186, 347.259400, 17.177549
20528.848, 347.242029, 17.153523
104528.386, 347.182850, 17.072370
3035.605, 347.144430, 17.027125
11625.205, 347.240857, 17.148079
53280.256, 347.199820, 17.091724
3413.394, 347.173446, 17.062708
22721.026, 347.106059, 16.972304
6004.909, 347.335509, 17.272353
6340.195, 347.273594, 17.192002
5254.952, 347.190079, 17.083307
4466.226, 347.142650, 17.021745
7179.998, 347.127859, 17.001431
5269.414, 347.253941, 17.165774
1904.832, 347.164017, 17.048695
5598.212, 347.327634, 17.260108
2284.522, 347.312997, 17.241045
11596.841, 347.282938, 17.200492
5685.714, 347.267353, 17.180766
2306.334, 347.247076, 17.154493
2305.034, 347.210538, 17.106100
2973.032, 347.123936, 16.993024
5306.898, 347.365634, 17.306848
7564.048, 347.133362, 17.004180
10109.815, 347.355941, 17.292776
2649.495, 347.346476, 17.281730
6024.595, 347.298870, 17.218483
2637.671, 347.223882, 17.121095
1839.647, 347.195046, 17.084209
8674.796, 347.138035, 17.007806
43329.474, 347.357141, 17.284881
1922.627, 347.296617, 17.215266
4157.510, 347.359564, 17.295337
6746.897, 347.215785, 17.106829
5710.508, 347.155422, 17.026938
4128.107, 347.294631, 17.208042
5315.552, 347.257784, 17.160427
3414.262, 347.214172, 17.102899
3029.839, 347.324405, 17.246122
7485.663, 347.268079, 17.172465
5625.071, 347.223005, 17.113412
2678.252, 347.119693, 16.979498
2615.722, 347.113429, 16.971522
4533.000, 347.286695, 17.196104
2598.602, 347.265836, 17.167995
1909.625, 347.261056, 17.162706
24804.346, 347.235122, 17.126520
6130.203, 347.164631, 17.035304
16120.722, 347.340814, 17.261865
2282.276, 347.170019, 17.040926
7865.309, 347.185035, 17.058984
3688.151, 347.300421, 17.208790
10120.069, 347.260811, 17.156718
2626.506, 347.151145, 17.014904
5676.998, 347.327850, 17.243844
52395.576, 347.306054, 17.212252
3791.672, 347.315618, 17.227768
7180.203, 347.264963, 17.160202
8663.014, 347.254010, 17.146853
9450.159, 347.250455, 17.141388
146485.209, 347.195230, 17.063257
4513.469, 347.345165, 17.264774
11342.535, 347.293383, 17.197289
2249.208, 347.258922, 17.153065
104586.662, 347.204666, 17.077412
2603.065, 347.277477, 17.176919
2590.386, 347.270836, 17.167287
15835.606, 347.233257, 17.114541
44838.451, 347.172421, 17.035727
2629.734, 347.361221, 17.284264
10475.127, 347.238347, 17.123198
2308.886, 347.298517, 17.202230
3380.635, 347.253235, 17.142368
57115.080, 347.264890, 17.152278
10097.441, 347.250330, 17.135866
3023.693, 347.333737, 17.245560
6709.247, 347.369911, 17.291167
20662.096, 347.183125, 17.046030
10189.046, 347.345987, 17.259041
25673.486, 347.191277, 17.056192
7138.006, 347.128224, 16.976576
10136.413, 347.339748, 17.249698
4161.252, 347.304951, 17.203562
5689.283, 347.274179, 17.163729
62202.767, 347.232204, 17.104522
3740.990, 347.250325, 17.132108
3756.390, 347.211564, 17.080661
8597.745, 347.284939, 17.173791
7153.050, 347.179257, 17.037258
10898.538, 347.293728, 17.185491
1864.113, 347.239369, 17.114956
3805.699, 347.132794, 16.976221
9426.964, 347.280359, 17.166338
3794.055, 347.362276, 17.272800
2636.922, 347.319969, 17.217631
3785.122, 347.183134, 17.039197
11952.493, 347.257295, 17.134446
2688.475, 347.380794, 17.294246
10578.165, 347.360147, 17.266825
2630.058, 347.222366, 17.089472
5634.944, 347.132020, 16.970343
4152.426, 347.330112, 17.227787
25273.261, 347.246715, 17.117418
13528.877, 347.251323, 17.123346
12054.839, 347.212663, 17.073139
4144.185, 347.342554, 17.241789
514076.323, 347.270884, 17.138975
4920.520, 347.161750, 17.006048
2247.533, 347.158465, 17.002668
1885.208, 347.357111, 17.260232
7139.202, 347.340209, 17.237906
9064.295, 347.316427, 17.205238
1909.671, 347.311802, 17.200492
2280.252, 347.305284, 17.192085
2208.175, 347.282105, 17.161947
6110.786, 347.155662, 16.996558
4939.833, 347.150518, 16.989119
2642.334, 347.180842, 17.027631
2258.919, 347.368613, 17.271691
2308.966, 347.208852, 17.063311
5198.253, 347.132639, 16.963430
5223.600, 347.372891, 17.275835
1937.611, 347.345600, 17.240788
6063.042, 347.295547, 17.174550
4875.233, 347.225940, 17.084239
3359.015, 347.344702, 17.237380
13519.721, 347.300938, 17.178873
23341.591, 347.378614, 17.278560
8310.222, 347.353337, 17.246633
1898.685, 347.286187, 17.161577
8259.720, 347.279542, 17.152087
15328.030, 347.235695, 17.092762
2624.931, 347.156631, 16.991855
6410.458, 347.309241, 17.189083
2304.416, 347.179145, 17.020865
24002.035, 347.185371, 17.022862
6777.307, 347.333643, 17.219335
5235.713, 347.257366, 17.120302
4476.240, 347.361188, 17.255330
7883.007, 347.218174, 17.068202
4523.309, 347.209729, 17.058094
6416.721, 347.331236, 17.214883
12425.034, 347.162609, 16.994967
9389.232, 347.369478, 17.262659
12792.250, 347.278405, 17.145448
7994.048, 347.385431, 17.283862
12017.572, 347.344486, 17.229332
5655.907, 347.250922, 17.107093
7859.987, 347.143925, 16.966914
9874.117, 347.340120, 17.220040
2249.752, 347.332106, 17.211991
2688.849, 347.367934, 17.257744
6095.701, 347.393388, 17.290160
7116.496, 347.255791, 17.110595
1865.908, 347.266898, 17.125101
2222.150, 347.244362, 17.095764
7868.316, 347.359935, 17.242943
2653.750, 347.334709, 17.212655
6742.014, 347.317300, 17.188935
4143.138, 347.376293, 17.265016
2264.337, 347.367220, 17.253072
15436.712, 347.292867, 17.154601
2271.322, 347.371625, 17.258566
5950.820, 347.370106, 17.255691
2265.130, 347.189700, 17.021533
3000.604, 347.390820, 17.282627
3426.221, 347.327400, 17.200084
10977.437, 347.213948, 17.051465
13146.202, 347.187674, 17.017074
9821.525, 347.398149, 17.287823
4984.494, 347.363376, 17.244083
11880.781, 347.327772, 17.195407
4604.016, 347.230802, 17.072086
25798.508, 347.157576, 16.974430
8717.030, 347.323194, 17.190776
15368.524, 347.192396, 17.020315
1895.136, 347.385070, 17.271446
80949.422, 347.363690, 17.234391
2301.772, 347.394862, 17.283583
4921.695, 347.309157, 17.171430
4535.732, 347.287134, 17.143126
16266.847, 347.298984, 17.156409
10179.356, 347.284984, 17.138818
7901.819, 347.269480, 17.119421
6446.381, 347.148861, 16.961387
3840.212, 347.140519, 16.950968
3073.236, 347.274094, 17.124349
2269.768, 347.371411, 17.250208
2259.922, 347.367141, 17.244790
4580.661, 347.305842, 17.165126
1876.229, 347.334219, 17.201035
21411.477, 347.197289, 17.018716
1906.962, 347.154649, 16.966662
7173.642, 347.290829, 17.142533
4172.984, 347.266837, 17.112137
4439.650, 347.383307, 17.262569
4874.272, 347.337241, 17.203138
6739.889, 347.334780, 17.198655
4495.775, 347.257589, 17.099523
9063.481, 347.208983, 17.034560
5345.333, 347.205866, 17.030819
2247.293, 347.312278, 17.169632
1881.990, 347.277163, 17.123466
8240.714, 347.194038, 17.014012
5237.157, 347.254285, 17.092475
11631.587, 347.149850, 16.955429
1925.087, 347.382954, 17.260134
2290.480, 347.248873, 17.085036
4881.213, 347.374695, 17.247158
14639.896, 347.309802, 17.161424
8721.759, 347.304230, 17.154661
6765.720, 347.273931, 17.115894
18114.078, 347.242176, 17.073609
7127.791, 347.230992, 17.060095
8914.160, 347.188813, 17.005221
6405.350, 347.184368, 16.998688
11662.478, 347.169373, 16.979028
5652.130, 347.319634, 17.173371
4531.295, 347.284188, 17.127497
3385.173, 347.226255, 17.051707
6321.188, 347.156378, 16.959629
22566.071, 347.271021, 17.106519
3773.520, 347.254637, 17.086920
37791.004, 347.192295, 17.002225
10102.229, 347.407044, 17.282583
7476.926, 347.278382, 17.116524
18383.177, 347.242263, 17.068278
9420.922, 347.382376, 17.248496
2290.908, 347.220081, 17.039806
3079.985, 347.155374, 16.955721
2263.707, 347.239348, 17.064669
2240.118, 347.226638, 17.048351
3060.921, 347.165988, 16.968867
1919.513, 347.375547, 17.239451
9020.097, 347.341566, 17.193939
6018.397, 347.159440, 16.956233
1898.264, 347.349722, 17.205616
4896.583, 347.292588, 17.130494
4900.115, 347.259571, 17.087814
9462.191, 347.227940, 17.044557
1911.829, 347.337561, 17.188686
6738.534, 347.304349, 17.145100
7222.787, 347.177659, 16.979829
11143.213, 347.157612, 16.952658
12713.262, 347.402164, 17.270059
7886.440, 347.390897, 17.255319
7565.627, 347.336908, 17.185689
10602.466, 347.315192, 17.157552
12065.658, 347.398465, 17.263580
7925.638, 347.381661, 17.242650
4911.765, 347.361335, 17.217348
4894.019, 347.239931, 17.059421
10853.655, 347.206655, 17.015172
1917.892, 347.327193, 17.172971
12766.804, 347.211177, 17.020724
3030.049, 347.407077, 17.275259
18005.389, 347.269330, 17.094635
2307.978, 347.208031, 17.017087
71718.682, 347.352138, 17.198491
3762.415, 347.313076, 17.151032
14189.931, 347.382386, 17.238958
4571.043, 347.376543, 17.232987
4478.178, 347.205144, 17.009409
5618.053, 347.278977, 17.103344
5643.025, 347.179269, 16.974221
3049.418, 347.169549, 16.962248
2664.218, 347.258988, 17.078193
3051.082, 347.248771, 17.064807
37377.996, 347.359708, 17.205509
5711.666, 347.342979, 17.186386
5227.938, 347.188383, 16.985461
2244.642, 347.157038, 16.943922
67411.665, 347.295419, 17.119173
5966.585, 347.242818, 17.054182
3345.316, 347.165738, 16.954563
53748.050, 347.374455, 17.221458
23567.393, 347.306989, 17.134153
5217.420, 347.209757, 17.009799
2651.375, 347.379122, 17.230424
5272.593, 347.257106, 17.071126
2638.271, 347.405237, 17.263509
6390.072, 347.270100, 17.087339
3400.080, 347.226199, 17.030099
7903.582, 347.199358, 16.994905
4161.726, 347.284095, 17.104831
4492.738, 347.213071, 17.012775
4092.380, 347.252986, 17.063632
4565.415, 347.249710, 17.058984
12793.906, 347.409835, 17.265436
18378.862, 347.328475, 17.158497
7865.538, 347.322502, 17.152752
11236.805, 347.274723, 17.090211
19117.010, 347.171405, 16.955843
33192.822, 347.344149, 17.174837
3012.084, 347.301081, 17.124913
4494.668, 347.177831, 16.964365
2246.052, 347.331705, 17.164759
40690.489, 347.323231, 17.146174
9743.628, 347.361722, 17.200763
4857.603, 347.349563, 17.185555
3003.684, 347.405001, 17.256552
2627.155, 347.372176, 17.214182
8593.711, 347.368632, 17.208625
4201.786, 347.278234, 17.091534
3040.307, 347.237775, 17.039434
23344.562, 347.219334, 17.014146
10923.946, 347.399872, 17.247922
7561.026, 347.353395, 17.188574
5338.096, 347.331960, 17.160713
2294.983, 347.256404, 17.062914
2667.119, 347.253002, 17.058694
4515.605, 347.215767, 17.009213
7950.404, 347.404151, 17.252419
2661.176, 347.314681, 17.136941
6806.586, 347.180703, 16.962227
3810.931, 347.320588, 17.144462
34794.712, 347.205472, 16.991853
2621.677, 347.190429, 16.974834
2249.212, 347.188074, 16.972116
9010.590, 347.341198, 17.168168
6764.040, 347.292450, 17.105775
6432.423, 347.282362, 17.091764
37434.273, 347.253596, 17.052235
10491.127, 347.362105, 17.195114
1869.327, 347.386888, 17.226846
11653.054, 347.266658, 17.069470
3357.044, 347.260284, 17.061885
43832.588, 347.242717, 17.036215
6726.100, 347.418668, 17.265795
19106.376, 347.397381, 17.237074
11712.629, 347.270686, 17.071198
6040.015, 347.193613, 16.972447
6757.502, 347.184230, 16.960305
9012.041, 347.395131, 17.233730
3003.198, 347.372533, 17.205612
4119.008, 347.238370, 17.030550
13126.908, 347.176619, 16.949441
4140.200, 347.300759, 17.111147
3083.631, 347.351140, 17.176436
139321.146, 347.340284, 17.156194
12752.088, 347.215823, 16.998580
2257.139, 347.388452, 17.223290
6429.637, 347.385817, 17.219127
1903.809, 347.280219, 17.082562
1881.473, 347.167223, 16.935287
8251.678, 347.393389, 17.228364
16858.347, 347.267734, 17.063205
5350.852, 347.201479, 16.977966
4532.728, 347.371465, 17.199304
2661.489, 347.180879, 16.951152
13119.057, 347.377724, 17.205592
1825.836, 347.358578, 17.182076
2215.473, 347.413677, 17.252318
9788.230, 347.315536, 17.124975
1938.070, 347.296041, 17.099071
10818.407, 347.291357, 17.091133
3798.540, 347.363335, 17.184808
68639.290, 347.328494, 17.136594
2639.097, 347.237366, 17.021661
71179.203, 347.179925, 16.942121
3027.964, 347.400691, 17.232894
5673.066, 347.223033, 17.001848
8336.634, 347.198088, 16.968152
5296.281, 347.376344, 17.200682
2643.051, 347.296418, 17.096750
9270.772, 347.423916, 17.260170
2210.255, 347.293938, 17.092483
3769.114, 347.336791, 17.147879
3793.836, 347.314213, 17.117236
5319.240, 347.236188, 17.015867
7592.941, 347.404558, 17.233220
9082.720, 347.333629, 17.140659
9415.008, 347.185683, 16.948875
4963.324, 347.413734, 17.245187
1908.099, 347.297965, 17.094431
10514.515, 347.280045, 17.069453
7247.103, 347.397492, 17.221359
9773.173, 347.359791, 17.171297
2242.485, 347.219747, 16.989885
5255.980, 347.192911, 16.954547
9707.126, 347.300200, 17.092584
1922.171, 347.197868, 16.960954
2258.895, 347.325913, 17.127065
4576.650, 347.261317, 17.042298
7127.237, 347.179980, 16.935810
4158.893, 347.424570, 17.253871
7473.814, 347.347354, 17.153353
1830.838, 347.308581, 17.103461
4833.054, 347.405575, 17.228559
2338.854, 347.375817, 17.190057
7925.678, 347.258593, 17.037143
6742.643, 347.197865, 16.957852
2266.677, 347.395726, 17.214987
6750.965, 347.313098, 17.107085
5319.990, 347.224113, 16.991569
52847.858, 347.339272, 17.137615
6810.487, 347.298474, 17.088170
8672.633, 347.380251, 17.192916
5743.844, 347.275542, 17.057050
5288.452, 347.209162, 16.970371
17062.424, 347.409878, 17.230805
5658.275, 347.385778, 17.199846
4121.748, 347.426163, 17.251431
3358.108, 347.403843, 17.222233
3035.136, 347.366853, 17.173890
4159.961, 347.249729, 17.020779
3400.304, 347.429272, 17.253529
4884.574, 347.419335, 17.240664
12381.691, 347.357246, 17.158556
3399.725, 347.264992, 17.039781
14623.993, 347.188652, 16.938872
2635.774, 347.241393, 17.007583
8658.396, 347.201360, 16.954066
2617.948, 347.321908, 17.111984
12347.546, 347.239157, 17.001314
6035.336, 347.233060, 16.994333
1863.189, 347.326735, 17.117414
38290.140, 347.382984, 17.186981
10491.732, 347.296290, 17.075885
4506.880, 347.288602, 17.066120
8293.158, 347.283220, 17.059555
11611.437, 347.228319, 16.986467
3412.128, 347.207048, 16.960773
3358.105, 347.256993, 17.025150
9350.632, 347.262825, 17.031300
9833.975, 347.421748, 17.236760
3753.127, 347.214620, 16.967747
2667.744, 347.436569, 17.255858
29390.960, 347.347609, 17.138297
1913.889, 347.334565, 17.123662
2654.892, 347.280596, 17.052496
22450.302, 347.440410, 17.255406
8318.876, 347.432164, 17.248580
3068.277, 347.388952, 17.192270
10180.459, 347.305452, 17.083061
6801.107, 347.236136, 16.993577
12144.693, 347.218091, 16.969669
3051.641, 347.330799, 17.116862
7531.127, 347.425998, 17.239289
7536.639, 347.333968, 17.119276
2663.831, 347.254038, 17.016515
3381.421, 347.357384, 17.149868
4925.771, 347.256509, 17.018577
19501.682, 347.245897, 17.002166
2678.957, 347.417454, 17.227237
5231.505, 347.410624, 17.218369
2273.129, 347.367944, 17.163017
5688.375, 347.362932, 17.156289
7855.991, 347.352813, 17.142301
7121.199, 347.250517, 17.009332
4112.098, 347.211329, 16.958612
2211.778, 347.209680, 16.956413
3001.557, 347.193636, 16.935298
6029.442, 347.407922, 17.213103
4457.900, 347.360971, 17.152478
2276.489, 347.338536, 17.123852
6457.791, 347.304798, 17.077736
8752.040, 347.236991, 16.990264
4577.814, 347.196054, 16.937995
5662.841, 347.272823, 17.037012
1863.353, 347.415646, 17.222709
10437.548, 347.401825, 17.203459
2691.409, 347.325015, 17.104499
4967.338, 347.268456, 17.030083
1895.618, 347.394401, 17.194140
6445.516, 347.286503, 17.052900
20957.550, 347.265857, 17.024069
5264.145, 347.215468, 16.959577
1895.086, 347.296211, 17.065355
9335.801, 347.235434, 16.984465
9058.091, 347.188803, 16.923157
4481.647, 347.409918, 17.211982
3715.827, 347.393271, 17.190073
4569.871, 347.328162, 17.104791
3409.225, 347.311355, 17.083850
43277.313, 347.282464, 17.043004
2287.950, 347.241229, 16.992839
5258.806, 347.427837, 17.234106
4587.394, 347.343286, 17.124184
5350.363, 347.214636, 16.956149
7200.904, 347.385480, 17.178504
3070.918, 347.372750, 17.161757
5684.668, 347.444603, 17.253800
2305.094, 347.435767, 17.242454
26221.936, 347.420307, 17.219623
21134.234, 347.241954, 16.987814
8344.229, 347.383020, 17.172336
4579.819, 347.415537, 17.214734
1879.944, 347.287026, 17.047784
6097.391, 347.277767, 17.033569
1866.116, 347.385776, 17.174816
4522.366, 347.275446, 17.030213
7107.006, 347.238164, 16.981372
3747.635, 347.337976, 17.111479
8362.576, 347.221009, 16.958481
2265.094, 347.203206, 16.935904
3053.869, 347.396951, 17.186003
9797.160, 347.355496, 17.130909
14470.298, 347.450652, 17.252498
4920.643, 347.344551, 17.115679
3442.094, 347.226392, 16.962126
4516.455, 347.220654, 16.954093
4540.450, 347.401089, 17.188102
3106.650, 347.337472, 17.105282
7862.487, 347.314684, 17.075377
11673.951, 347.261059, 17.004940
3100.272, 347.429778, 17.225328
9763.638, 347.390900, 17.173678
6377.905, 347.218805, 16.949799
3412.096, 347.414687, 17.204466
6877.321, 347.334640, 17.099976
12852.476, 347.322534, 17.083004
4955.773, 347.194573, 16.917318
7958.914, 347.388168, 17.167780
14398.582, 347.366464, 17.140488
4909.371, 347.350763, 17.119719
1915.094, 347.296466, 17.048986
7197.718, 347.285625, 17.032797
4526.736, 347.282293, 17.029612
4396.026, 347.434823, 17.225714
1847.547, 347.339630, 17.103195
12794.139, 347.373773, 17.146548
2993.386, 347.350647, 17.117160
60337.073, 347.251561, 16.980624
16541.326, 347.455012, 17.249001
8722.231, 347.428009, 17.213461
14165.221, 347.342852, 17.101655
2972.662, 347.236691, 16.965288
7548.864, 347.415419, 17.196421
2611.298, 347.388160, 17.162062
9005.953, 347.452859, 17.244237
10943.720, 347.362450, 17.126618
2339.326, 347.220430, 16.942698
10550.981, 347.418638, 17.199073
10874.649, 347.241839, 16.969109
2270.038, 347.406875, 17.184630
37522.072, 347.362543, 17.121604
9762.780, 347.357105, 17.118306
9071.798, 347.446982, 17.234105
4129.903, 347.351717, 17.111182
9002.957, 347.260206, 16.991132
2994.911, 347.443245, 17.230177
15525.947, 347.304692, 17.048689
4891.332, 347.374274, 17.138531
9813.519, 347.327655, 17.078514
25663.997, 347.276792, 17.010806
3782.389, 347.417381, 17.194784
7498.834, 347.336169, 17.088161
4518.585, 347.212175, 16.927417
5243.878, 347.433507, 17.215010
1961.430, 347.340064, 17.093931
7825.663, 347.287415, 17.024141
19834.217, 347.416414, 17.187956
2632.137, 347.295142, 17.033367
6332.067, 347.229973, 16.948261
3004.598, 347.370723, 17.131096
10969.400, 347.312113, 17.054437
4579.266, 347.308684, 17.048189
3076.059, 347.409982, 17.179998
6663.670, 347.399661, 17.165701
4504.219, 347.386319, 17.148805
11248.273, 347.265514, 16.990011
2984.159, 347.227611, 16.942488
2313.461, 347.223761, 16.937442
2247.452, 347.201629, 16.907982
4481.567, 347.372074, 17.128910
10896.640, 347.348217, 17.097727
3400.110, 347.251419, 16.972207
49910.757, 347.227109, 16.934050
2972.965, 347.402511, 17.165657
32078.132, 347.339586, 17.081570
1863.622, 347.247253, 16.963692
67744.217, 347.243438, 16.954705
2269.218, 347.372677, 17.125728
12841.783, 347.382068, 17.135252
2240.954, 347.464460, 17.242229
1842.234, 347.421033, 17.186136
1885.379, 347.443016, 17.213280
4512.528, 347.393246, 17.148106
6837.514, 347.306654, 17.034948
3839.646, 347.289593, 17.013520
22536.587, 347.406062, 17.162416
7892.015, 347.360976, 17.104072
7599.720, 347.300297, 17.025234
5685.113, 347.286589, 17.007065
21556.002, 347.413299, 17.170256
3051.608, 347.363809, 17.107202
3421.800, 347.341381, 17.077419
8603.908, 347.211000, 16.906866
6032.962, 347.321860, 17.051305
4545.420, 347.240234, 16.946045
10866.499, 347.371885, 17.115083
21351.043, 347.370531, 17.109944
8316.788, 347.339554, 17.072937
6762.830, 347.361147, 17.099981
3046.721, 347.355749, 17.093997
4927.120, 347.237784, 16.940396
9085.579, 347.376190, 17.119640
8911.070, 347.300728, 17.020446
3064.214, 347.401864, 17.152634
4902.133, 347.364924, 17.104099
4595.543, 347.418099, 17.172400
2616.529, 347.381106, 17.124881
2592.962, 347.336747, 17.067375
7498.121, 347.282868, 16.996101
7004.241, 347.263054, 16.970826
5330.854, 347.394436, 17.140343
17510.139, 347.247861, 16.948325
10127.189, 347.229406, 16.925627
2274.680, 347.236153, 16.934749
20288.555, 347.468995, 17.235282
3362.830, 347.407541, 17.157184
3404.209, 347.294902, 17.010762
7124.124, 347.227579, 16.921716
7854.963, 347.465754, 17.230699
3419.678, 347.452844, 17.215249
12480.050, 347.448614, 17.208791
18762.061, 347.361664, 17.093894
4060.715, 347.456475, 17.218118
39734.774, 347.404468, 17.148083
55638.641, 347.331882, 17.052497
13568.120, 347.462163, 17.223359
9804.870, 347.440242, 17.196407
1854.874, 347.397757, 17.141749
6448.684, 347.363953, 17.097336
1881.414, 347.283082, 16.992835
5675.174, 347.264077, 16.967184
3739.026, 347.222970, 16.913910
2658.811, 347.221142, 16.911688
10597.468, 347.295133, 17.006453
6401.694, 347.231321, 16.923461
12119.104, 347.392893, 17.133488
2248.963, 347.447399, 17.204100
1915.474, 347.419807, 17.168011
3799.786, 347.356880, 17.086495
9795.331, 347.339337, 17.062449
1931.227, 347.396639, 17.137066
3031.806, 347.360155, 17.089398
54780.110, 347.257561, 16.949593
6334.867, 347.364984, 17.095160
9369.377, 347.469388, 17.229714
6391.671, 347.419951, 17.165702
2678.590, 347.355988, 17.083101
7154.847, 347.417399, 17.161526
8340.667, 347.354401, 17.079658
7880.083, 347.292700, 16.999454
19892.017, 347.457760, 17.208646
4493.296, 347.372701, 17.102310
98072.009, 347.232583, 16.914033
3058.629, 347.353933, 17.076838
9397.098, 347.306085, 17.013776
48439.194, 347.300968, 17.004953
3456.930, 347.433482, 17.179683
2692.702, 347.410759, 17.150085
15836.236, 347.369535, 17.094515
2300.990, 347.272105, 16.969441
12821.756, 347.252537, 16.940289
4542.823, 347.449876, 17.198210
3843.829, 347.392695, 17.123955
7890.612, 347.363945, 17.086366
7495.315, 347.358138, 17.077783
2268.424, 347.282538, 16.980485
16332.245, 347.280844, 16.976969
27826.112, 347.479269, 17.231869
20709.469, 347.229106, 16.906419
52157.841, 347.290815, 16.983581
6368.539, 347.457269, 17.204013
3042.929, 347.403134, 17.134921
8229.452, 347.255670, 16.941823
6080.911, 347.222789, 16.898895
4517.559, 347.410254, 17.142897
5665.772, 347.408077, 17.139134
12068.497, 347.390512, 17.115213
6780.661, 347.372296, 17.092348
4605.611, 347.357037, 17.073065
11959.301, 347.275477, 16.966267
2764.627, 347.377094, 17.098827
2712.401, 347.473534, 17.223389
2266.566, 347.450044, 17.191675
29903.548, 347.409195, 17.133816
6710.888, 347.396745, 17.121342
1920.952, 347.342730, 17.051831
2338.985, 347.248505, 16.928998
16094.025, 347.440914, 17.176815
34751.998, 347.333074, 17.035645
4921.769, 347.386770, 17.107102
4204.250, 347.345466, 17.053110
14648.488, 347.326791, 17.028234
2648.567, 347.228768, 16.901767
10482.004, 347.443248, 17.180299
3757.123, 347.425901, 17.157232
3037.384, 347.375464, 17.091596
6007.070, 347.396385, 17.117088
3028.722, 347.243834, 16.918988
1856.894, 347.380256, 17.096708
7459.078, 347.436673, 17.167657
4936.303, 347.374939, 17.088486
3373.428, 347.432423, 17.162889
4562.875, 347.228673, 16.897160
2261.026, 347.445975, 17.178204
15404.018, 347.340770, 17.039566
23613.653, 347.330299, 17.026639
5613.150, 347.290941, 16.976179
57266.474, 347.467904, 17.202207
6014.230, 347.416392, 17.138495
10512.158, 347.373613, 17.083067
4873.588, 347.365445, 17.072476
6699.474, 347.453312, 17.185941
4559.243, 347.379448, 17.090308
3055.433, 347.370623, 17.078639
84639.691, 347.262273, 16.932931
5326.650, 347.461887, 17.196685
10873.133, 347.352969, 17.053924
3000.235, 347.441357, 17.169609
6720.753, 347.230511, 16.894806
12066.618, 347.431857, 17.153277
12998.199, 347.266049, 16.938948
5755.187, 347.318303, 17.007091
20978.904, 347.417347, 17.130624
3782.704, 347.328484, 17.018921
3073.480, 347.245049, 16.910212
5230.335, 347.242429, 16.906348
9005.153, 347.484229, 17.220044
4500.252, 347.478322, 17.213132
9431.141, 347.379932, 17.083075
30853.758, 347.301577, 16.978829
4090.001, 347.322913, 17.009534
2635.643, 347.390995, 17.097973
6423.607, 347.387647, 17.093017
4197.319, 347.334521, 17.024008
6763.108, 347.327423, 17.013368
4204.110, 347.475301, 17.205309
2993.559, 347.425352, 17.140504
7156.584, 347.415533, 17.127122
14693.237, 347.367361, 17.063200
2670.740, 347.472089, 17.200312
3048.140, 347.369950, 17.067697
12132.488, 347.320954, 17.002135
14353.936, 347.463866, 17.187773
2640.366, 347.440918, 17.159149
10935.070, 347.392596, 17.095083
12738.300, 347.348567, 17.037592
1864.452, 347.257182, 16.919928
3412.800, 347.353552, 17.044712
2688.472, 347.471331, 17.197218
23356.207, 347.469430, 17.192514
9831.515, 347.452385, 17.170047
5236.084, 347.390595, 17.090197
3007.995, 347.316948, 16.995476
3800.040, 347.239469, 16.894292
11299.490, 347.484738, 17.210999
4528.064, 347.433960, 17.146252
9078.226, 347.381409, 17.077135
5310.801, 347.448556, 17.164860
8663.212, 347.366243, 17.057257
2285.224, 347.270194, 16.932475
111311.524, 347.391847, 17.080047
5347.636, 347.374522, 17.066648
13387.288, 347.332682, 17.011030
2562.040, 347.322643, 16.999540
7163.329, 347.320447, 16.996179
5315.731, 347.303694, 16.974456
2317.374, 347.415566, 17.120256
3378.761, 347.273744, 16.934700
5640.439, 347.370099, 17.059100
5251.739, 347.280327, 16.941261
21782.956, 347.265439, 16.920561
2224.820, 347.479158, 17.198883
4524.232, 347.469813, 17.185978
12052.314, 347.447184, 17.155809
2631.730, 347.403294, 17.099261
6418.400, 347.394842, 17.088139
2985.014, 347.337683, 17.014406
3106.157, 347.489286, 17.210814
5277.078, 347.449400, 17.158610
5245.297, 347.442363, 17.149176
4080.283, 347.417709, 17.117017
13449.364, 347.414653, 17.110367
13557.347, 347.328964, 17.000616
4176.709, 347.315081, 16.983515
6404.757, 347.357072, 17.037203
9772.376, 347.340936, 17.014185
7578.861, 347.318674, 16.986578
2265.587, 347.458591, 17.167966
3822.953, 347.453496, 17.161131
1882.911, 347.341915, 17.016543
2273.125, 347.485454, 17.202617
22557.334, 347.464101, 17.172688
2646.736, 347.371221, 17.053832
12740.523, 347.295196, 16.953008
5666.467, 347.470031, 17.180419
30360.220, 347.451158, 17.153352
13514.943, 347.297870, 16.955655
7186.930, 347.243356, 16.884371
2287.426, 347.490423, 17.206597
3402.019, 347.339022, 17.009541
2268.796, 347.253641, 16.898246
3388.589, 347.433346, 17.131799
2265.513, 347.384736, 17.068969
13900.501, 347.497275, 17.212030
6454.267, 347.400237, 17.087044
8256.411, 347.335737, 17.003680
4166.512, 347.285758, 16.939131
3015.891, 347.326827, 16.991946
5278.116, 347.292433, 16.945853
49240.014, 347.476760, 17.181012
4552.930, 347.461125, 17.163851
41345.533, 347.356774, 17.025875
7277.241, 347.267244, 16.911064
1874.220, 347.246884, 16.885428
5687.990, 347.493839, 17.205901
6750.873, 347.322175, 16.982295
4492.918, 347.409843, 17.094835
6040.773, 347.328190, 16.987898
32786.493, 347.362565, 17.031255
3405.276, 347.309233, 16.964046
2293.646, 347.415387, 17.101808
25156.654, 347.352951, 17.018045
18740.417, 347.333240, 16.992007
5971.584, 347.482461, 17.187959
14226.354, 347.494094, 17.199928
4139.684, 347.367928, 17.038284
3350.484, 347.500635, 17.209652
3016.351, 347.490019, 17.196369
4908.985, 347.453705, 17.148921
18120.375, 347.377210, 17.046779
9496.042, 347.433756, 17.121207
6843.597, 347.406750, 17.086803
2676.746, 347.293361, 16.939655
13970.921, 347.438915, 17.126601
15476.660, 347.311132, 16.960641
12721.494, 347.392198, 17.065189
2284.757, 347.389222, 17.063234
3046.550, 347.346063, 17.007166
3383.871, 347.277861, 16.918016
4113.600, 347.249944, 16.881992
2606.445, 347.412090, 17.092271
2277.124, 347.423085, 17.106195
2702.907, 347.369863, 17.035732
7510.922, 347.343713, 17.001512
3752.714, 347.337054, 16.993400
6474.427, 347.327754, 16.980856
4891.598, 347.318680, 16.967647
3430.894, 347.502337, 17.205575
26161.236, 347.457993, 17.146948
4570.635, 347.403977, 17.077392
5314.582, 347.270258, 16.903394
3735.078, 347.258905, 16.889195
12357.476, 347.493548, 17.193244
2626.939, 347.485275, 17.183128
2247.365, 347.293884, 16.933866
2276.802, 347.278761, 16.914862
8618.477, 347.427465, 17.106490
23106.141, 347.364238, 17.023026
3423.579, 347.464322, 17.153744
9371.295, 347.292574, 16.929089
5997.676, 347.276713, 16.908865
1877.417, 347.261082, 16.889776
22801.449, 347.377520, 17.038859
9014.622, 347.354730, 17.009272
2279.264, 347.491651, 17.188029
2688.920, 347.447538, 17.130620
2664.465, 347.397318, 17.065544
4158.775, 347.349242, 17.002368
6111.448, 347.312016, 16.954075
2986.872, 347.479957, 17.171664
2301.537, 347.462663, 17.149453
3762.595, 347.318167, 16.961631
7493.783, 347.288815, 16.922979
9789.082, 347.502102, 17.200096
4878.904, 347.470834, 17.159369
1925.176, 347.415791, 17.087817
3390.719, 347.410413, 17.080903
2240.652, 347.373538, 17.033024
1862.697, 347.428924, 17.104044
