# Source Fluxes and Coordinates
# Flux (e-/s), RA (deg), Dec (deg)
9421.194, 347.292188, 16.941183
3118.285, 347.301957, 16.954566
2807.213, 347.293881, 16.944911
3207.775, 347.357080, 17.025886
32777.247, 347.476733, 17.181624
93924.038, 347.392047, 17.079426
2725.480, 347.328739, 17.003116
6319.217, 347.248747, 16.904209
32526.141, 347.457477, 17.180076
130908.261, 347.261419, 16.932876
20226.006, 347.300588, 16.979705
8127.659, 347.279230, 16.953561
2262.509, 347.322297, 17.010208
3163.867, 347.230614, 16.894160
31793.151, 347.479033, 17.215279
45891.812, 347.412842, 17.134074
16616.474, 347.458876, 17.192376
3222.619, 347.247863, 16.921133
65173.942, 347.233713, 16.912176
3616.964, 347.348547, 17.057656
2239.976, 347.273034, 16.963042
6871.271, 347.281750, 16.975284
36848.559, 347.373108, 17.094999
49615.583, 347.258022, 16.948487
14415.234, 347.301026, 17.005052
4511.350, 347.223103, 16.904108
2288.226, 347.229741, 16.914624
2271.600, 347.279322, 16.977914
60431.350, 347.332120, 17.052712
3166.984, 347.239208, 16.932472
15441.530, 347.262680, 16.964197
7288.082, 347.226708, 16.922215
5820.938, 347.223847, 16.919127
5928.284, 347.252012, 16.956945
2741.407, 347.244223, 16.949315
2251.038, 347.293465, 17.012560
90269.052, 347.243240, 16.955407
4025.202, 347.298201, 17.023366
9923.979, 347.225221, 16.935719
14388.886, 347.212983, 16.921674
2277.271, 347.246370, 16.963449
15781.382, 347.277011, 17.010759
3168.355, 347.237996, 16.957994
5398.481, 347.233374, 16.955658
2797.756, 347.208177, 16.923582
3732.811, 347.200842, 16.915313
3593.061, 347.210804, 16.928870
2794.068, 347.263180, 16.998734
10043.265, 347.255443, 16.991286
4976.548, 347.233138, 16.963257
3196.904, 347.456707, 17.249284
16176.462, 347.336612, 17.097775
4078.913, 347.279792, 17.024080
8502.696, 347.260792, 17.002202
3208.055, 347.215549, 16.945199
7787.226, 347.211374, 16.942697
16680.176, 347.197677, 16.926217
2763.097, 347.223168, 16.957514
5445.872, 347.271948, 17.020521
2736.417, 347.243864, 16.984742
30275.583, 347.324564, 17.091221
9517.422, 347.193419, 16.922175
2770.776, 347.230832, 16.969539
5920.719, 347.451630, 17.254324
6811.477, 347.202498, 16.938002
8275.919, 347.191169, 16.924506
7254.413, 347.211740, 16.957502
3165.771, 347.258132, 17.020154
7270.252, 347.184991, 16.927192
13484.095, 347.347795, 17.138482
3649.910, 347.242850, 17.001821
4110.068, 347.234211, 16.994691
9901.958, 347.196748, 16.950168
74926.015, 347.339782, 17.137361
4055.587, 347.180701, 16.933923
13915.003, 347.196360, 16.957678
2777.417, 347.238482, 17.010140
3193.742, 347.260070, 17.038003
9897.616, 347.202011, 16.964996
2249.796, 347.219141, 16.985649
7683.760, 347.176421, 16.933302
94379.625, 347.180097, 16.943158
4560.054, 347.241893, 17.018229
12084.149, 347.177480, 16.936702
14918.908, 347.207618, 16.977137
2329.472, 347.222601, 16.994675
7718.647, 347.196694, 16.962342
80176.113, 347.328683, 17.135822
166339.788, 347.340212, 17.156003
12162.648, 347.194919, 16.966204
2222.416, 347.183576, 16.952277
2243.853, 347.219638, 16.999889
3191.433, 347.224277, 17.006205
4140.385, 347.294794, 17.100975
2733.475, 347.233323, 17.022525
13957.409, 347.179526, 16.955400
4087.231, 347.190414, 16.968627
2287.974, 347.303461, 17.114726
24764.462, 347.324551, 17.145976
4122.007, 347.191154, 16.977219
4968.172, 347.219064, 17.015334
10444.236, 347.182345, 16.970069
14441.052, 347.171285, 16.956918
84661.781, 347.295193, 17.118988
2744.130, 347.273241, 17.086542
5446.699, 347.186207, 16.976706
53194.135, 347.374187, 17.221333
4064.799, 347.272804, 17.088623
14521.279, 347.223887, 17.029124
2308.977, 347.165334, 16.953068
7652.272, 347.188995, 16.984431
21769.123, 347.184127, 16.980440
25799.703, 347.359487, 17.205321
13574.821, 347.167648, 16.960077
7626.846, 347.208043, 17.010865
56220.272, 347.352383, 17.199065
9897.637, 347.356389, 17.202124
3163.596, 347.224874, 17.034771
8614.122, 347.154861, 16.947894
16305.444, 347.160851, 16.955666
2236.595, 347.180045, 16.979701
4478.825, 347.176055, 16.975150
4566.792, 347.180890, 16.983379
6795.451, 347.219529, 17.035953
19370.376, 347.192225, 17.002363
23724.979, 347.251128, 17.078814
2696.692, 347.156791, 16.956929
5457.486, 347.150802, 16.951686
10799.053, 347.178650, 16.987691
2777.856, 347.266680, 17.101077
3612.722, 347.238004, 17.066065
23874.307, 347.365456, 17.231604
8165.946, 347.162665, 16.971866
16656.250, 347.201263, 17.025547
3638.297, 347.240029, 17.073680
4049.764, 347.286989, 17.134764
2255.008, 347.148900, 16.959504
4547.075, 347.178827, 16.998511
28528.152, 347.164666, 16.988139
4126.967, 347.178028, 17.001471
2315.506, 347.234113, 17.072819
8156.856, 347.150555, 16.967645
35652.024, 347.178672, 17.006623
15272.211, 347.157985, 16.980971
6788.278, 347.210238, 17.044891
5000.826, 347.145234, 16.962406
3230.447, 347.187579, 17.016839
4933.668, 347.224596, 17.064955
8089.036, 347.146577, 16.965855
17650.433, 347.159601, 16.985748
21619.249, 347.165441, 16.992973
7197.139, 347.171793, 17.000226
60397.341, 347.238886, 17.088835
4109.006, 347.250540, 17.100694
4510.250, 347.235757, 17.082793
469836.706, 347.271397, 17.138782
2716.667, 347.287302, 17.150798
4979.098, 347.200879, 17.040296
17967.337, 347.267659, 17.129314
4948.626, 347.173849, 17.007391
2288.804, 347.256251, 17.113853
3652.269, 347.145112, 16.973159
5434.144, 347.155694, 16.986557
5415.627, 347.162929, 16.997129
12642.071, 347.200160, 17.046200
4486.331, 347.135687, 16.963954
3204.430, 347.322375, 17.204609
3138.320, 347.163121, 17.001168
16268.835, 347.133437, 16.965318
3595.063, 347.137935, 16.969943
4515.266, 347.153535, 16.990413
7670.888, 347.207211, 17.058934
7255.907, 347.181652, 17.028504
3171.149, 347.274861, 17.147016
7154.845, 347.160316, 17.001190
11247.925, 347.169775, 17.014194
11299.750, 347.187860, 17.038667
2289.181, 347.203809, 17.060658
9372.043, 347.137111, 16.978215
2246.284, 347.144955, 16.987116
52774.558, 347.233829, 17.104678
6822.110, 347.161938, 17.010759
164561.022, 347.205373, 17.077136
188043.481, 347.195790, 17.063312
27179.542, 347.127029, 16.970451
6761.248, 347.228841, 17.098999
8087.109, 347.147461, 16.996864
13104.827, 347.154935, 17.006781
7686.691, 347.220252, 17.092178
3180.541, 347.214174, 17.084503
5030.940, 347.141207, 16.992442
4981.957, 347.261010, 17.147401
5022.892, 347.150411, 17.006267
11646.026, 347.189575, 17.057993
17527.622, 347.129291, 16.983698
9090.226, 347.121092, 16.972301
15819.777, 347.145447, 17.006156
6810.652, 347.231155, 17.113092
7771.647, 347.171023, 17.037880
3139.744, 347.224719, 17.106372
2306.975, 347.251986, 17.141186
36818.461, 347.289891, 17.192779
9447.124, 347.307813, 17.213671
4094.286, 347.183515, 17.054473
4501.612, 347.186249, 17.061775
8566.481, 347.127975, 16.988828
14002.788, 347.168199, 17.040440
5401.200, 347.220976, 17.108350
5918.659, 347.133748, 16.997824
9012.570, 347.206734, 17.092429
23888.236, 347.356157, 17.285393
12654.174, 347.195429, 17.080006
2258.794, 347.148581, 17.020000
10365.187, 347.181899, 17.063529
6344.199, 347.136930, 17.005599
164193.970, 347.183233, 17.072285
4998.481, 347.191331, 17.076338
3155.207, 347.148535, 17.022565
3180.660, 347.154539, 17.030189
5862.426, 347.200030, 17.089048
4962.379, 347.150445, 17.028191
33759.712, 347.194861, 17.089625
3663.834, 347.132532, 17.006993
4524.320, 347.151795, 17.031828
8079.750, 347.153990, 17.035844
15793.928, 347.164147, 17.049238
4187.456, 347.110278, 16.980047
5005.768, 347.198002, 17.092723
3156.487, 347.216612, 17.116829
3159.126, 347.156985, 17.041068
7657.328, 347.223813, 17.127333
6400.367, 347.114460, 16.987193
18639.806, 347.150222, 17.034557
70753.974, 347.209705, 17.115979
5935.085, 347.249577, 17.161669
4942.821, 347.172537, 17.065631
2312.049, 347.120321, 16.998470
10390.386, 347.169335, 17.064218
3628.743, 347.120748, 17.001878
9026.531, 347.180536, 17.078849
2313.847, 347.186791, 17.087081
34951.089, 347.313031, 17.251231
4964.553, 347.117089, 16.998980
4559.895, 347.242864, 17.160351
4580.636, 347.127588, 17.013444
3703.106, 347.192172, 17.096536
37096.993, 347.290955, 17.226410
4126.665, 347.136306, 17.027447
4933.042, 347.141254, 17.033514
9552.488, 347.147511, 17.042252
4083.506, 347.152726, 17.048741
5413.697, 347.174874, 17.077685
2719.216, 347.176609, 17.079444
3226.764, 347.362338, 17.317470
3569.630, 347.102946, 16.985809
4956.826, 347.231238, 17.150759
7596.974, 347.117516, 17.005552
12717.239, 347.167960, 17.070583
2265.932, 347.119817, 17.008533
25692.910, 347.213111, 17.130455
2726.335, 347.126280, 17.017316
4524.125, 347.131485, 17.026285
13454.337, 347.179630, 17.089386
4097.865, 347.354877, 17.312714
5448.761, 347.168920, 17.075549
5063.080, 347.133920, 17.030807
8184.541, 347.147979, 17.050169
3182.931, 347.196961, 17.113194
8095.759, 347.150598, 17.057131
3121.369, 347.158363, 17.066486
8077.699, 347.106787, 17.001992
3212.690, 347.245212, 17.178337
5405.340, 347.246715, 17.180528
4069.003, 347.215373, 17.141737
4165.377, 347.255244, 17.193013
4511.236, 347.157464, 17.069505
7401.942, 347.115553, 17.017460
19383.776, 347.183999, 17.108368
3615.235, 347.104101, 17.003126
2248.989, 347.093669, 16.990971
4537.386, 347.124874, 17.031656
4493.759, 347.214080, 17.145433
15263.144, 347.174792, 17.097239
9826.779, 347.106351, 17.010810
8100.438, 347.139609, 17.054601
52227.123, 347.284694, 17.241511
5402.638, 347.126243, 17.035692
8583.581, 347.145245, 17.061179
10305.684, 347.168082, 17.090330
2287.908, 347.101310, 17.004549
3179.154, 347.129132, 17.039699
2244.809, 347.092263, 16.994047
3204.902, 347.147866, 17.066421
4095.134, 347.225986, 17.166327
7259.189, 347.110184, 17.019050
5389.617, 347.211162, 17.148441
9955.555, 347.102810, 17.012080
22473.618, 347.160022, 17.086567
2711.386, 347.110532, 17.021810
2283.604, 347.140028, 17.059919
8146.541, 347.115254, 17.029908
5370.794, 347.183397, 17.117119
5448.417, 347.168252, 17.099157
40080.177, 347.108628, 17.025475
67102.454, 347.120062, 17.043542
64376.568, 347.127948, 17.052023
4519.817, 347.314055, 17.286924
3159.583, 347.112705, 17.029450
65272.918, 347.154466, 17.088789
7682.444, 347.088860, 16.999832
7321.546, 347.103575, 17.019401
3154.345, 347.194761, 17.136411
6321.997, 347.133425, 17.060108
5003.725, 347.096285, 17.012942
3237.143, 347.091392, 17.007860
2324.678, 347.117766, 17.041100
4056.758, 347.309569, 17.288125
11662.800, 347.107758, 17.031690
2280.388, 347.082789, 17.000376
14466.853, 347.204258, 17.158439
4103.059, 347.099417, 17.022681
22992.369, 347.100282, 17.027033
11812.480, 347.177181, 17.124203
85403.943, 347.278277, 17.259184
16691.303, 347.118673, 17.051471
187374.893, 347.214683, 17.180163
68729.915, 347.238515, 17.208932
6330.150, 347.136294, 17.075620
2692.794, 347.142832, 17.083992
27320.647, 347.201881, 17.161943
115760.328, 347.125648, 17.069167
8992.296, 347.139138, 17.080691
3560.025, 347.193849, 17.150935
5957.026, 347.160930, 17.109779
5433.249, 347.093052, 17.024818
3183.670, 347.106926, 17.042210
75070.285, 347.099937, 17.037969
113044.458, 347.289800, 17.283230
15802.429, 347.079101, 17.011071
37676.344, 347.169232, 17.127814
7265.498, 347.193455, 17.157348
33151.292, 347.075377, 17.008563
5445.686, 347.129437, 17.077180
59239.020, 347.138783, 17.093003
3588.330, 347.226069, 17.201477
241932.492, 347.168897, 17.136884
7677.622, 347.158583, 17.118468
4086.728, 347.070926, 17.007761
3646.064, 347.116647, 17.065739
2738.973, 347.111092, 17.059495
14874.022, 347.153363, 17.114603
5827.200, 347.098271, 17.044638
13036.804, 347.082834, 17.026269
8632.033, 347.153377, 17.118203
7645.670, 347.136148, 17.097138
5889.942, 347.212682, 17.195138
5413.391, 347.070875, 17.014157
7638.469, 347.087144, 17.036220
34320.361, 347.103761, 17.059370
5906.099, 347.111318, 17.067209
2272.557, 347.154035, 17.121297
21198.945, 347.246009, 17.240745
5439.581, 347.071552, 17.016991
15383.024, 347.080941, 17.031903
5865.785, 347.158217, 17.128891
6376.885, 347.131027, 17.095046
5925.436, 347.067458, 17.014988
9469.516, 347.088447, 17.041550
2282.465, 347.218432, 17.207782
10415.310, 347.123826, 17.088119
10786.541, 347.144647, 17.114906
367988.815, 347.214441, 17.214989
8996.873, 347.076845, 17.028621
6335.322, 347.073127, 17.025677
3995.307, 347.160452, 17.137086
12233.955, 347.063841, 17.016551
6434.420, 347.066500, 17.019185
5366.239, 347.115843, 17.082812
3141.396, 347.123843, 17.093142
2238.670, 347.155153, 17.133444
2241.948, 347.196043, 17.185334
5937.672, 347.109590, 17.075914
37906.496, 347.315203, 17.342178
5434.647, 347.113197, 17.081617
2774.211, 347.128552, 17.102194
5478.606, 347.173477, 17.160226
3641.095, 347.285245, 17.304079
3636.103, 347.134028, 17.111862
6298.928, 347.086212, 17.051370
3602.158, 347.089723, 17.055356
7245.271, 347.067724, 17.028331
12583.282, 347.075344, 17.039418
3107.576, 347.087727, 17.053648
8542.852, 347.079922, 17.044796
12565.588, 347.168281, 17.159459
3558.809, 347.078128, 17.043236
67022.607, 347.279880, 17.306255
8130.106, 347.057439, 17.018160
22456.712, 347.095119, 17.067617
45005.902, 347.161187, 17.154077
72302.013, 347.297197, 17.329978
31948.339, 347.064476, 17.032311
3632.134, 347.130978, 17.113503
4074.020, 347.082002, 17.051731
5359.546, 347.078432, 17.047839
39993.917, 347.110124, 17.091161
10798.414, 347.223768, 17.235384
2247.308, 347.070796, 17.038140
6331.380, 347.124480, 17.108172
3671.248, 347.065805, 17.034834
6900.995, 347.205577, 17.214237
27015.816, 347.078033, 17.053171
7248.826, 347.180619, 17.182964
23003.449, 347.071396, 17.045008
2220.503, 347.141323, 17.134909
19895.025, 347.054840, 17.026885
10793.240, 347.111620, 17.099139
2243.527, 347.142705, 17.138067
8147.952, 347.093292, 17.076160
3207.451, 347.119431, 17.109144
8216.933, 347.284812, 17.323871
2301.106, 347.136283, 17.134141
9479.441, 347.050594, 17.025502
7664.365, 347.066195, 17.046615
5385.686, 347.165261, 17.172992
4961.804, 347.077052, 17.060927
24296.802, 347.070161, 17.054050
5007.049, 347.141701, 17.143950
5861.218, 347.174647, 17.188219
2650.671, 347.053154, 17.032568
7270.723, 347.098028, 17.090629
26643.776, 347.135361, 17.140482
26585.047, 347.046405, 17.028528
14015.342, 347.084518, 17.076186
10328.362, 347.118278, 17.119671
2259.764, 347.155352, 17.166398
8153.023, 347.058554, 17.043366
7690.204, 347.078281, 17.069008
6330.628, 347.201861, 17.227352
3586.609, 347.279331, 17.326590
8174.360, 347.060614, 17.047046
12639.712, 347.101221, 17.100755
24479.219, 347.305729, 17.363021
4988.349, 347.131662, 17.139924
3570.917, 347.156762, 17.171456
4030.458, 347.118838, 17.124048
5370.185, 347.111768, 17.115517
9841.633, 347.181752, 17.206654
9068.838, 347.125419, 17.134865
2748.808, 347.114725, 17.121781
2724.394, 347.121253, 17.129816
6355.106, 347.042024, 17.030231
9912.635, 347.083874, 17.085243
2233.484, 347.136899, 17.151220
6311.389, 347.064550, 17.060135
8587.509, 347.077484, 17.078257
4518.431, 347.227927, 17.271277
13087.947, 347.041086, 17.033421
3134.337, 347.045495, 17.038805
4064.029, 347.114342, 17.126802
87802.989, 347.132870, 17.155640
7715.408, 347.091573, 17.099904
6384.062, 347.119286, 17.135546
5411.419, 347.172363, 17.202743
2272.279, 347.233293, 17.280543
10080.063, 347.152533, 17.178830
12130.514, 347.040625, 17.036294
2281.079, 347.115335, 17.130513
3691.308, 347.097414, 17.108798
3657.887, 347.142991, 17.167455
43965.626, 347.218614, 17.266304
20358.921, 347.054923, 17.058123
3590.811, 347.079173, 17.085823
3645.528, 347.045494, 17.043455
9981.035, 347.061854, 17.065525
6786.804, 347.154142, 17.183530
3141.046, 347.168792, 17.203074
3160.084, 347.052464, 17.054600
2724.555, 347.083562, 17.095131
8144.778, 347.156880, 17.189866
7723.382, 347.140333, 17.170738
4555.572, 347.074255, 17.084328
4051.558, 347.161342, 17.196661
6333.238, 347.044378, 17.047160
47146.916, 347.039772, 17.045001
6815.560, 347.090198, 17.107622
3608.071, 347.117053, 17.141223
33351.671, 347.134211, 17.167963
4095.626, 347.154349, 17.191559
5848.201, 347.120511, 17.148276
5001.437, 347.061213, 17.074447
10831.187, 347.070786, 17.087609
4531.399, 347.081373, 17.100218
2315.118, 347.291123, 17.368434
42895.173, 347.236827, 17.303405
13567.053, 347.032227, 17.040560
159727.233, 347.042741, 17.062898
2238.162, 347.143252, 17.182471
3769.398, 347.147781, 17.188590
10853.851, 347.060691, 17.078400
11698.571, 347.036656, 17.048541
2805.140, 347.212996, 17.273695
6260.558, 347.033905, 17.045010
109921.335, 347.193756, 17.255585
22995.746, 347.217711, 17.283296
2686.518, 347.050380, 17.067869
90004.531, 347.090825, 17.125007
4910.064, 347.084358, 17.112056
4534.944, 347.055274, 17.076115
9877.361, 347.136560, 17.180861
3227.242, 347.239091, 17.311695
3200.616, 347.084800, 17.114705
12598.041, 347.025691, 17.040831
3600.305, 347.033263, 17.050735
37931.659, 347.096754, 17.138034
4510.955, 347.141746, 17.190911
6792.380, 347.047760, 17.071572
189316.541, 347.104657, 17.151916
7789.524, 347.062865, 17.092498
10324.761, 347.027419, 17.047885
5875.509, 347.032723, 17.054829
4960.627, 347.065174, 17.098628
46587.515, 347.116872, 17.167705
31112.798, 347.032610, 17.061096
24288.526, 347.051403, 17.084377
2765.693, 347.228891, 17.310296
6712.376, 347.191693, 17.263244
4531.970, 347.046713, 17.078270
3668.538, 347.041780, 17.074009
2244.761, 347.092187, 17.139216
2673.696, 347.141569, 17.202965
9942.087, 347.059441, 17.098795
19783.443, 347.127459, 17.187742
4566.990, 347.027076, 17.057800
2241.106, 347.056441, 17.095295
20757.965, 347.086971, 17.137890
7252.914, 347.137356, 17.201398
12579.284, 347.105574, 17.160580
7297.893, 347.053037, 17.095216
4030.521, 347.120115, 17.181130
4987.871, 347.031385, 17.069158
47185.700, 347.021059, 17.059865
2224.700, 347.059438, 17.106099
14466.747, 347.013201, 17.050658
2722.654, 347.121613, 17.188386
39030.160, 347.251813, 17.358535
4068.231, 347.071187, 17.126383
15397.548, 347.082523, 17.142141
6790.576, 347.028482, 17.072941
4495.456, 347.096900, 17.160518
3187.966, 347.155633, 17.235506
3128.196, 347.016222, 17.057101
8118.749, 347.073409, 17.131413
3168.354, 347.218205, 17.316040
4067.328, 347.151744, 17.232228
187122.096, 347.020196, 17.073388
10815.347, 347.051726, 17.105199
14481.667, 347.146054, 17.226435
21106.830, 347.213963, 17.314228
2765.361, 347.071204, 17.129969
9408.348, 347.157803, 17.242141
94014.589, 347.045062, 17.102842
2242.340, 347.237348, 17.345002
6418.548, 347.200964, 17.299257
40048.862, 347.128907, 17.210153
4083.318, 347.233667, 17.342055
3573.965, 347.015776, 17.063606
8117.002, 347.031873, 17.084821
4956.515, 347.054634, 17.113878
24164.459, 347.150474, 17.238778
8098.746, 347.144092, 17.230336
7256.799, 347.027252, 17.080772
3592.085, 347.048128, 17.109054
17066.025, 347.072574, 17.141704
7687.158, 347.080301, 17.151314
5895.848, 347.051212, 17.115462
4515.507, 347.005813, 17.057165
6294.290, 347.069849, 17.140313
7628.221, 347.075865, 17.148067
24808.731, 347.101496, 17.183151
3152.144, 347.024367, 17.083571
3153.943, 347.001793, 17.056277
2734.898, 347.071866, 17.146237
43495.383, 347.104780, 17.190624
2731.351, 347.046874, 17.114411
8505.194, 347.066010, 17.140014
2249.059, 347.127169, 17.218610
18820.872, 347.001743, 17.060778
12153.394, 347.012428, 17.073010
5023.250, 347.090132, 17.171657
14934.200, 347.008502, 17.069362
2302.606, 347.202222, 17.316137
18969.796, 347.026552, 17.093886
3632.801, 347.076829, 17.157031
4041.672, 347.113641, 17.205385
12235.029, 347.019826, 17.087736
5902.059, 347.092389, 17.179695
6765.381, 347.104518, 17.196113
4499.774, 347.017169, 17.083651
2649.313, 347.047866, 17.123103
58492.489, 347.138814, 17.243588
269800.316, 347.184492, 17.305450
13978.578, 347.007711, 17.073564
3651.082, 347.163868, 17.272686
5869.304, 347.012176, 17.078567
32125.912, 347.028914, 17.102684
3182.774, 347.082201, 17.169148
2235.888, 347.074584, 17.160337
4514.796, 347.171530, 17.285484
29290.115, 347.012445, 17.087029
17561.935, 347.032767, 17.111808
5040.344, 347.056690, 17.141015
4545.268, 347.145612, 17.254681
5915.507, 347.064918, 17.152690
22023.826, 347.108310, 17.209523
7257.932, 347.049139, 17.133808
20294.485, 347.024229, 17.103827
12595.580, 347.027591, 17.108311
4046.295, 347.102154, 17.201799
9463.367, 347.004500, 17.078386
22581.737, 347.007549, 17.083016
2264.388, 347.086836, 17.182605
3172.896, 347.125610, 17.232492
4517.387, 347.234139, 17.373968
29247.142, 347.050213, 17.141179
5480.952, 347.069188, 17.163460
4553.372, 347.117839, 17.225312
2202.920, 347.033398, 17.117362
8617.093, 347.034242, 17.120125
114491.577, 347.059294, 17.155631
2750.195, 347.086248, 17.185828
4608.234, 347.087371, 17.188026
17983.057, 347.080724, 17.181344
7252.917, 347.003132, 17.081349
4483.530, 347.043453, 17.133188
4058.778, 347.093482, 17.197318
67397.590, 347.186851, 17.319772
20751.974, 347.067656, 17.167106
2271.942, 347.076370, 17.175739
4083.935, 346.992139, 17.069554
14898.813, 347.052419, 17.149275
123539.322, 347.133773, 17.257289
4995.305, 347.166690, 17.294545
66254.619, 347.205823, 17.348499
3185.536, 347.064268, 17.163332
34294.784, 346.990195, 17.073541
31901.430, 347.010167, 17.098039
7308.470, 347.094189, 17.202980
14805.147, 347.007082, 17.092686
156454.037, 346.999160, 17.091452
2711.563, 347.018084, 17.108312
106086.854, 347.023361, 17.120459
4129.189, 347.053340, 17.153616
2774.336, 347.112138, 17.229021
3224.239, 347.160874, 17.291663
10372.211, 346.997361, 17.084084
2732.610, 347.038642, 17.135526
2244.234, 347.014826, 17.105211
29184.293, 346.993168, 17.080195
3567.997, 347.029962, 17.125412
22482.167, 346.985766, 17.071083
10826.013, 347.166416, 17.302702
9484.822, 347.084822, 17.198470
2706.721, 347.011483, 17.104134
9020.102, 347.018518, 17.113821
2715.993, 347.052284, 17.159284
6334.322, 347.055794, 17.165889
68501.106, 347.046929, 17.161143
4095.799, 347.111446, 17.239168
9959.466, 347.242457, 17.409625
2796.891, 346.993140, 17.089170
6810.698, 347.034928, 17.143355
5005.504, 347.147254, 17.286653
10846.814, 346.983562, 17.077494
2713.088, 347.187938, 17.339580
4059.681, 347.003874, 17.104115
15678.226, 347.061648, 17.178747
5004.991, 347.074444, 17.196525
79149.369, 347.127280, 17.267600
17567.893, 346.977181, 17.074619
3083.219, 346.985173, 17.082476
13471.580, 346.987571, 17.086203
5906.175, 347.131303, 17.270965
3642.164, 347.107447, 17.241328
10371.840, 346.991859, 17.095632
71311.430, 347.078000, 17.209841
4689.176, 347.149208, 17.296710
15888.472, 346.980166, 17.083022
4989.868, 347.022401, 17.135611
5432.845, 347.084772, 17.215551
32887.569, 346.999032, 17.109855
23379.381, 347.018969, 17.133424
3561.976, 347.028626, 17.148078
8029.934, 347.008446, 17.123322
13514.457, 347.030512, 17.151186
7716.480, 346.994929, 17.107154
2719.209, 347.000436, 17.113278
2265.516, 347.020164, 17.138673
5007.053, 347.099351, 17.241038
3638.007, 347.003964, 17.120146
8526.386, 347.052580, 17.183338
12676.215, 346.990905, 17.105980
8992.287, 347.061500, 17.196119
13947.540, 347.139384, 17.296207
6310.451, 347.038219, 17.165956
5445.117, 347.110587, 17.259533
3186.640, 347.200826, 17.374908
8634.147, 346.970923, 17.080761
5847.437, 347.009391, 17.131013
3137.437, 347.029422, 17.157492
18015.972, 347.016061, 17.142730
8622.721, 347.032185, 17.162033
14809.247, 347.038708, 17.171748
12657.986, 347.164104, 17.331563
6766.151, 347.000419, 17.121770
2735.169, 347.040427, 17.172739
2740.270, 347.092888, 17.239948
5873.255, 346.979375, 17.095361
6765.008, 346.980007, 17.097405
36521.768, 347.053454, 17.192669
9416.815, 347.065368, 17.206818
8994.725, 347.115570, 17.271554
2282.822, 347.082433, 17.229184
13912.303, 346.980246, 17.101796
4160.984, 347.019309, 17.151536
3158.027, 347.059565, 17.202953
3662.214, 347.065680, 17.211729
3642.540, 347.076571, 17.225625
4551.319, 347.211386, 17.398890
19825.833, 347.016366, 17.151976
9076.303, 347.023866, 17.161082
9885.204, 346.976519, 17.100656
4945.432, 347.061744, 17.209798
181338.127, 347.067927, 17.224265
4565.660, 347.110338, 17.272226
15397.843, 346.971781, 17.095725
11725.741, 347.007979, 17.142104
22034.060, 347.009478, 17.145876
43250.542, 347.126751, 17.296558
18886.632, 346.961614, 17.085744
4084.710, 346.985505, 17.113480
14898.615, 346.964978, 17.090918
2695.622, 346.982280, 17.110148
65431.095, 346.994584, 17.131386
29818.133, 346.970635, 17.099698
7687.080, 346.976338, 17.103821
9537.590, 346.988948, 17.120344
12129.683, 347.046292, 17.194927
9912.365, 347.012276, 17.151978
7677.404, 346.984542, 17.117090
5813.698, 347.150807, 17.330312
20321.640, 346.965974, 17.095610
17560.553, 346.974613, 17.107564
2756.022, 347.024377, 17.169305
9876.970, 346.971938, 17.104468
9071.281, 347.031868, 17.181804
2278.457, 347.014430, 17.158889
27579.780, 347.091750, 17.259072
6783.717, 347.108137, 17.279566
9918.287, 347.019769, 17.167340
6771.652, 347.057663, 17.216618
4609.942, 347.014855, 17.161382
2297.211, 347.077162, 17.241228
6822.697, 346.960684, 17.093585
28902.603, 347.032315, 17.191461
2734.540, 347.003819, 17.148716
12724.161, 347.037198, 17.193745
6268.835, 347.213996, 17.419737
7730.172, 346.957052, 17.090863
14517.813, 346.993233, 17.139799
10820.898, 347.058748, 17.223763
12217.327, 346.965859, 17.105783
3147.017, 346.990310, 17.135831
60812.308, 347.067978, 17.238974
122807.956, 346.992096, 17.146103
35760.400, 346.979134, 17.125844
5449.584, 347.199701, 17.408348
20706.569, 346.952168, 17.093075
6868.398, 346.955505, 17.095920
22063.381, 346.964812, 17.111618
3127.209, 346.986657, 17.135618
3613.937, 347.059370, 17.229310
17489.177, 346.981210, 17.131246
11233.643, 347.033139, 17.197219
5468.217, 346.969786, 17.116090
14794.940, 347.006392, 17.164150
9477.945, 347.010108, 17.168774
3209.484, 347.061420, 17.234589
18001.064, 347.068350, 17.245866
2710.448, 346.977851, 17.129411
4500.336, 347.043429, 17.214100
2258.034, 346.954511, 17.100306
2815.313, 346.957710, 17.105287
2308.209, 346.951044, 17.097400
9907.955, 346.965492, 17.116412
2286.299, 346.970631, 17.124104
8541.573, 346.973577, 17.129530
5429.176, 347.002382, 17.168361
4507.498, 347.154125, 17.363411
7200.574, 346.950226, 17.102418
3657.418, 346.994482, 17.158822
5417.127, 347.172869, 17.387799
62377.700, 347.087405, 17.282712
9919.551, 346.959429, 17.116508
13556.338, 347.045555, 17.227531
4507.536, 347.069446, 17.257857
4087.281, 347.155962, 17.369150
4114.940, 347.116782, 17.319444
8120.129, 347.052142, 17.237369
9492.969, 347.055800, 17.242667
4564.613, 346.986529, 17.154186
4988.278, 347.152557, 17.367081
6363.312, 346.947564, 17.105605
4512.197, 346.970938, 17.135565
3120.306, 347.072104, 17.264709
75151.809, 346.941283, 17.105766
9515.615, 346.949992, 17.109287
17641.816, 346.982816, 17.153280
164762.111, 347.124560, 17.339326
2718.449, 347.007337, 17.182966
2243.934, 347.089354, 17.288195
8530.435, 346.966923, 17.132642
54095.993, 346.995048, 17.174114
9063.798, 347.002775, 17.178740
4942.786, 347.011326, 17.189455
13522.097, 347.046319, 17.234989
40528.750, 346.958269, 17.124566
2230.700, 347.055121, 17.245390
12223.320, 347.050855, 17.242144
4497.521, 346.940325, 17.100201
2763.413, 346.950706, 17.113016
23777.052, 346.971678, 17.144670
3630.844, 347.031244, 17.216904
9528.743, 347.075273, 17.273759
5014.410, 346.970415, 17.141091
4504.119, 347.023631, 17.208724
9878.944, 347.069501, 17.268775
5425.250, 346.975908, 17.149272
2659.510, 347.151608, 17.373790
2277.576, 346.946014, 17.110164
45108.716, 346.962938, 17.138881
9919.311, 347.052481, 17.248823
4545.476, 347.086790, 17.292727
6371.045, 346.976984, 17.152795
127042.471, 346.985924, 17.169576
3683.728, 347.038211, 17.231582
8625.185, 346.949184, 17.118333
13550.288, 347.003919, 17.188668
103956.008, 347.006656, 17.197706
9971.759, 347.127690, 17.347543
62088.369, 346.933670, 17.106246
4500.162, 346.955999, 17.128694
2760.244, 347.117696, 17.336554
12207.983, 346.979836, 17.160999
4035.938, 347.021707, 17.214909
5441.861, 347.128435, 17.352059
4543.122, 346.943376, 17.115699
42619.084, 346.944044, 17.121772
2719.058, 347.061473, 17.267405
3626.526, 346.955586, 17.131935
8220.061, 347.000089, 17.190638
28006.558, 346.950183, 17.129393
6340.416, 347.151417, 17.385528
13571.723, 346.972039, 17.156196
5906.147, 347.045778, 17.251265
4062.288, 347.051173, 17.256682
10375.879, 347.118797, 17.344716
13961.440, 346.965982, 17.149826
3623.641, 347.187785, 17.432601
2250.946, 346.954582, 17.134266
17070.823, 347.036102, 17.241044
28872.097, 346.936685, 17.116761
8614.592, 346.972622, 17.159568
33759.146, 346.932379, 17.111174
41782.831, 346.995983, 17.192368
2288.151, 347.013570, 17.212526
3128.986, 347.051163, 17.260929
11709.780, 346.960434, 17.146137
44201.135, 346.988617, 17.185152
7696.836, 347.032443, 17.237959
3575.966, 346.966320, 17.153466
3190.542, 347.044630, 17.253939
6323.318, 346.956090, 17.142183
362702.729, 346.970145, 17.169660
9494.013, 346.984258, 17.178518
3572.149, 347.007258, 17.207009
11280.446, 347.008673, 17.209776
26033.227, 347.036069, 17.247807
33622.313, 346.961683, 17.152446
5828.622, 347.115474, 17.347358
3636.929, 347.013413, 17.218311
10469.268, 347.063121, 17.282860
14939.825, 346.945037, 17.134297
8954.134, 346.956795, 17.148147
8159.029, 346.951029, 17.141216
8985.491, 347.009536, 17.217069
3162.151, 347.059239, 17.280157
2772.716, 347.100482, 17.333393
10813.737, 346.953020, 17.145209
2657.126, 346.983634, 17.184102
10841.565, 347.040290, 17.257606
25722.083, 347.086832, 17.318241
10862.585, 346.937704, 17.126723
2232.111, 346.997405, 17.201953
2721.095, 346.933586, 17.120862
3640.211, 347.121348, 17.362745
4527.780, 346.940979, 17.131992
7719.995, 346.963081, 17.161182
15255.809, 347.009265, 17.220686
2237.864, 347.044859, 17.265243
4133.515, 347.049134, 17.271977
28868.468, 346.973559, 17.177887
21193.122, 347.002348, 17.213621
67469.769, 346.940676, 17.138699
78422.993, 346.950308, 17.154695
13452.174, 347.034526, 17.256531
18050.200, 346.997817, 17.209915
2686.510, 347.166672, 17.424332
27529.992, 346.928002, 17.121062
13062.565, 346.986794, 17.196341
14985.110, 347.067426, 17.299722
67095.199, 347.012124, 17.232018
14475.795, 347.074271, 17.308956
5496.584, 346.976782, 17.184354
15354.676, 346.991688, 17.204269
6786.123, 347.094143, 17.335415
79272.236, 346.928459, 17.129884
9514.838, 346.935980, 17.133694
2678.985, 346.980502, 17.189601
5840.314, 347.005093, 17.221671
2296.966, 347.085476, 17.324613
9507.337, 346.955218, 17.158934
20234.227, 346.957493, 17.162602
7726.217, 346.994694, 17.208919
27935.179, 346.998446, 17.217775
22124.135, 346.972453, 17.185291
8768.804, 347.131602, 17.388414
3133.632, 346.920744, 17.117144
3654.318, 347.027857, 17.255143
3153.912, 347.111836, 17.362459
6821.253, 346.975762, 17.189198
9966.492, 346.934073, 17.136413
9919.337, 347.078151, 17.321142
9510.378, 346.986723, 17.204774
4989.992, 346.988988, 17.207122
24867.088, 346.916765, 17.117776
97156.483, 346.933232, 17.142103
14897.963, 346.955400, 17.167123
9964.928, 347.027858, 17.258946
2722.270, 347.061917, 17.301780
2745.920, 346.963801, 17.176278
18104.830, 346.989040, 17.212226
5884.918, 347.010501, 17.237921
11671.577, 347.068857, 17.312835
14809.534, 346.957769, 17.171789
2667.932, 346.992548, 17.215048
5895.715, 346.919037, 17.122178
5857.152, 346.943379, 17.154192
8629.175, 346.951202, 17.164188
3672.820, 346.975005, 17.193871
4124.540, 347.018318, 17.249340
17683.064, 347.059150, 17.304963
102643.734, 347.072453, 17.322973
6359.757, 347.040419, 17.278829
2370.939, 347.145021, 17.412880
2670.810, 347.002542, 17.230569
7640.098, 347.100807, 17.357095
126376.119, 347.103154, 17.364895
117850.299, 346.915468, 17.126991
20359.325, 346.958751, 17.178282
5884.356, 346.969493, 17.189770
4967.055, 346.979405, 17.202667
6317.074, 346.995853, 17.224151
26275.318, 346.938078, 17.152858
18949.893, 347.015312, 17.249998
5449.723, 347.024440, 17.261911
11702.013, 346.924228, 17.134263
17616.190, 346.944963, 17.161276
13940.328, 347.078386, 17.332029
66051.900, 346.947685, 17.170457
5517.233, 347.160009, 17.437376
7135.792, 347.065248, 17.316453
4068.713, 346.986407, 17.216665
42251.921, 347.121597, 17.393563
8613.311, 346.963252, 17.188467
8100.172, 346.999139, 17.234546
2233.575, 347.043447, 17.290317
3173.105, 347.105620, 17.370519
32334.678, 346.938738, 17.161540
9123.737, 346.968654, 17.195786
4555.307, 346.992380, 17.226235
102560.575, 347.011215, 17.254785
44123.372, 347.148684, 17.430217
69462.852, 346.930757, 17.151206
6374.408, 346.980772, 17.212214
18449.420, 347.017947, 17.260583
3639.122, 347.115207, 17.384291
27461.500, 346.943002, 17.165400
20330.902, 346.986333, 17.222330
4979.692, 347.039201, 17.287128
13512.494, 346.922743, 17.138660
8603.459, 347.066402, 17.324005
7265.249, 346.950358, 17.175121
4607.995, 347.030725, 17.278095
5911.087, 347.059262, 17.315319
8169.222, 346.918936, 17.135963
4940.289, 346.951702, 17.177174
4047.123, 346.975507, 17.208297
8957.007, 347.033942, 17.284466
7635.481, 346.923752, 17.144123
10739.847, 346.957297, 17.186996
19767.937, 346.979716, 17.218176
8082.300, 346.972980, 17.207000
5393.737, 346.997370, 17.238774
4985.805, 347.025245, 17.274220
27427.710, 347.074210, 17.339887
2727.552, 347.136908, 17.416800
8629.104, 346.914563, 17.133148
9076.018, 347.000287, 17.242548
17699.783, 346.920631, 17.142118
4523.594, 347.013794, 17.261645
9930.530, 346.960048, 17.193461
65617.471, 346.929632, 17.161653
26225.321, 346.923359, 17.148581
11695.605, 346.950316, 17.183182
4132.929, 347.025256, 17.277763
19027.362, 346.906267, 17.129170
55213.082, 346.937909, 17.169977
5447.208, 347.017533, 17.268855
22592.200, 347.044627, 17.305337
23148.003, 347.121744, 17.404532
26506.704, 346.925203, 17.154847
3312.737, 346.966132, 17.204904
8630.848, 346.973176, 17.214448
55892.736, 346.977466, 17.223625
27426.643, 346.994853, 17.247131
4612.465, 347.021130, 17.275531
8120.771, 346.961396, 17.200527
48192.988, 346.950895, 17.191852
3582.287, 346.955302, 17.192978
2226.649, 347.006566, 17.258857
3227.108, 347.086842, 17.361741
9485.709, 347.102962, 17.383412
4978.378, 347.014514, 17.270918
6314.828, 347.036219, 17.299265
13560.168, 346.902601, 17.128141
43220.365, 346.938869, 17.180578
3629.831, 347.074639, 17.349138
56204.912, 346.918976, 17.153873
2775.006, 346.987188, 17.237324
4579.462, 347.092502, 17.372850
3527.113, 347.120983, 17.408939
5375.923, 347.000633, 17.255332
4056.271, 347.060448, 17.331988
54927.816, 346.910888, 17.145216
20920.237, 347.023626, 17.288957
30182.602, 346.928685, 17.167241
71035.396, 346.954362, 17.201196
5319.076, 346.966142, 17.213427
9059.793, 346.970555, 17.219987
18016.175, 347.009525, 17.271717
5006.456, 347.028858, 17.294239
28176.645, 347.048971, 17.322748
11227.809, 346.902522, 17.136433
7210.740, 346.930925, 17.172491
6770.538, 346.973823, 17.227643
2746.649, 347.067833, 17.348041
3178.606, 346.944798, 17.190544
6767.357, 346.957019, 17.206667
7249.239, 346.961215, 17.212075
2255.326, 346.919234, 17.158114
9938.529, 346.966812, 17.219648
10419.721, 347.001041, 17.263874
