# Source Fluxes and Coordinates
# Flux (e-/s), RA (deg), Dec (deg)
169886.096, 347.257819, 16.863094
9699.610, 347.303564, 16.918828
4184.202, 347.320299, 16.941443
39231.502, 347.483311, 17.152472
23744.044, 347.249288, 16.853961
3302.659, 347.297230, 16.917421
24410.721, 347.251269, 16.862597
22910.313, 347.288790, 16.912799
3697.390, 347.256033, 16.868536
18920.820, 347.351642, 16.993124
26605.161, 347.365440, 17.015003
9238.931, 347.309336, 16.950353
19257.712, 347.365012, 17.022565
2828.743, 347.255144, 16.881233
4604.940, 347.236727, 16.861238
7805.456, 347.305260, 16.950808
2770.410, 347.262944, 16.896312
33165.226, 347.457202, 17.149016
4121.518, 347.241806, 16.873047
14299.117, 347.250021, 16.886039
5129.517, 347.346044, 17.010268
15058.062, 347.356704, 17.025099
62271.613, 347.477787, 17.182695
2349.462, 347.254303, 16.895111
6431.460, 347.294320, 16.947307
45556.866, 347.412504, 17.103072
3301.864, 347.273209, 16.923179
99090.649, 347.391818, 17.079831
4120.946, 347.451791, 17.152899
4120.757, 347.267312, 16.917023
2725.346, 347.236642, 16.880878
3224.071, 347.280817, 16.938184
10990.358, 347.222542, 16.870086
37715.238, 347.372891, 17.064087
6409.711, 347.291190, 16.960087
2293.790, 347.323261, 17.002514
140985.576, 347.261311, 16.932762
4597.478, 347.219877, 16.876521
15603.736, 347.219156, 16.886256
7358.919, 347.233609, 16.905058
7794.850, 347.210747, 16.877074
2298.830, 347.350959, 17.057809
77033.388, 347.233188, 16.912583
3708.660, 347.381398, 17.097813
5512.547, 347.287028, 16.979872
69360.221, 347.257743, 16.948827
5570.512, 347.279991, 16.972371
2301.672, 347.214939, 16.890569
5564.447, 347.279610, 16.976618
3261.102, 347.300146, 17.005316
12849.790, 347.230728, 16.921528
13851.779, 347.261792, 16.960102
4628.678, 347.326005, 17.041402
59342.976, 347.331741, 17.052298
6865.711, 347.235328, 16.928376
4619.836, 347.204778, 16.890652
12431.923, 347.212856, 16.902091
4168.488, 347.243065, 16.939570
3700.331, 347.251520, 16.951741
5082.713, 347.231325, 16.929043
4215.983, 347.221218, 16.916692
2776.962, 347.259947, 16.966413
2369.342, 347.424542, 17.176919
18347.009, 347.336422, 17.066662
15096.099, 347.210693, 16.907633
74800.030, 347.243674, 16.955076
11059.806, 347.197964, 16.894824
11522.244, 347.254298, 16.968005
2243.852, 347.222332, 16.926528
31761.908, 347.324507, 17.060202
8702.453, 347.205683, 16.908227
8223.748, 347.212618, 16.917036
3627.235, 347.232066, 16.941918
7428.416, 347.215363, 16.925506
2764.299, 347.218102, 16.929684
15655.723, 347.187390, 16.894066
2791.467, 347.218145, 16.931814
5104.350, 347.236549, 16.955841
27591.832, 347.190106, 16.900205
5588.781, 347.253452, 16.979004
17358.333, 347.227198, 16.949290
7810.268, 347.219520, 16.938687
9814.274, 347.247523, 16.974879
28885.048, 347.215286, 16.937218
8342.464, 347.227492, 16.955314
7782.756, 347.205738, 16.928455
10131.601, 347.181925, 16.901000
6920.461, 347.293544, 17.044361
2288.333, 347.236311, 16.970651
2727.080, 347.186093, 16.910538
3280.462, 347.199831, 16.929342
3185.029, 347.222457, 16.958728
2357.670, 347.245712, 16.989767
3734.308, 347.286703, 17.042361
4228.547, 347.203957, 16.937643
5101.289, 347.230722, 16.973473
5558.013, 347.215995, 16.954846
9180.513, 347.186368, 16.919400
9302.604, 347.207109, 16.946041
4242.437, 347.234339, 16.980116
7003.670, 347.189346, 16.924178
7375.944, 347.245210, 16.995027
4624.532, 347.193357, 16.929633
8278.408, 347.174543, 16.907956
2357.152, 347.365158, 17.151705
14701.423, 347.187443, 16.927430
5517.465, 347.220366, 16.968781
6500.178, 347.190511, 16.932323
6944.325, 347.195245, 16.938722
7329.762, 347.215951, 16.966010
3254.780, 347.347410, 17.137350
7837.775, 347.184458, 16.930859
3673.251, 347.179757, 16.925714
68617.323, 347.339465, 17.137785
4592.373, 347.195186, 16.949826
2751.005, 347.167250, 16.914478
5604.793, 347.361490, 17.169122
5155.130, 347.161602, 16.913947
9215.710, 347.191817, 16.952818
120561.093, 347.179374, 16.942770
12466.932, 347.170102, 16.926997
15148.738, 347.172650, 16.930291
12787.339, 347.206652, 16.973588
5994.262, 347.214458, 16.982801
7329.961, 347.231386, 17.006501
3260.360, 347.225733, 16.999705
84351.237, 347.328516, 17.135816
3719.160, 347.247409, 17.029632
7381.654, 347.261760, 17.048753
177052.780, 347.340245, 17.155700
4660.030, 347.172838, 16.935541
5975.031, 347.276700, 17.068426
12503.519, 347.161923, 16.923118
4186.715, 347.164717, 16.925782
11514.317, 347.186215, 16.954229
4631.197, 347.182009, 16.948748
5075.879, 347.237714, 17.021539
16972.945, 347.181661, 16.953568
2315.606, 347.218212, 16.996733
2777.933, 347.168378, 16.936291
6001.697, 347.268033, 17.066631
4137.308, 347.177808, 16.951781
21181.403, 347.251059, 17.047902
3309.899, 347.192016, 16.971772
7820.297, 347.222102, 17.011303
5201.537, 347.286805, 17.093872
3663.094, 347.153982, 16.924340
2795.178, 347.170309, 16.946049
9701.022, 347.323568, 17.144252
6011.767, 347.179856, 16.960789
4118.230, 347.200583, 16.986916
10661.262, 347.152548, 16.929261
11514.930, 347.171260, 16.953754
4640.866, 347.218609, 17.014379
4155.809, 347.173825, 16.958719
5489.256, 347.171223, 16.956763
75425.243, 347.295116, 17.119041
10131.208, 347.162381, 16.947278
2833.510, 347.236513, 17.041615
43552.608, 347.373860, 17.221091
28866.744, 347.360938, 17.205448
17013.370, 347.177999, 16.971621
40315.053, 347.178603, 16.975545
17511.770, 347.150975, 16.940644
10081.292, 347.198228, 17.000456
47274.543, 347.351749, 17.199176
3284.275, 347.244167, 17.058312
19109.668, 347.163312, 16.956695
6005.882, 347.202414, 17.007565
57165.109, 347.239060, 17.057777
5965.071, 347.208453, 17.016696
6426.555, 347.143083, 16.934707
4149.703, 347.184910, 16.988581
5590.004, 347.145894, 16.942414
4164.390, 347.234772, 17.055995
5461.172, 347.240788, 17.063627
15617.634, 347.191458, 17.002645
6490.483, 347.228191, 17.050291
12897.846, 347.135111, 16.932551
2784.283, 347.172291, 16.979696
4193.423, 347.207051, 17.026515
5146.892, 347.183113, 16.997469
9722.270, 347.179821, 16.994749
5535.995, 347.201297, 17.021377
21701.607, 347.364641, 17.231947
5156.487, 347.266296, 17.105342
42145.170, 347.196866, 17.019717
4265.851, 347.130066, 16.933817
6483.063, 347.161498, 16.973166
2306.616, 347.156051, 16.968586
4650.876, 347.181309, 17.001579
2342.627, 347.157549, 16.972182
5061.064, 347.151952, 16.966075
11091.693, 347.214061, 17.048059
5565.339, 347.227069, 17.064862
4696.660, 347.280645, 17.135751
5984.509, 347.207775, 17.043008
11418.974, 347.174217, 17.002844
2304.106, 347.220235, 17.061103
130260.008, 347.129016, 16.951118
2392.605, 347.231159, 17.077163
471462.282, 347.271374, 17.138771
3704.436, 347.212383, 17.053828
20703.325, 347.192152, 17.032021
2830.361, 347.285211, 17.152572
5051.637, 347.207392, 17.053758
25178.035, 347.289654, 17.161683
9611.437, 347.170102, 17.008033
2278.074, 347.163826, 17.000355
9676.808, 347.117958, 16.943617
34900.572, 347.134152, 16.966829
7423.186, 347.184959, 17.030426
7374.689, 347.143675, 16.978225
42001.901, 347.120643, 16.953059
26595.377, 347.116080, 16.949496
18907.474, 347.128362, 16.963278
7813.029, 347.187430, 17.036875
7826.999, 347.164728, 17.009011
3700.612, 347.222609, 17.082562
2754.773, 347.191793, 17.045766
15223.460, 347.144533, 16.988081
7384.801, 347.162735, 17.011578
11034.325, 347.183162, 17.038032
5561.827, 347.226815, 17.092663
6516.821, 347.230565, 17.099150
5515.182, 347.179151, 17.034609
9766.556, 347.212787, 17.079957
171761.971, 347.195649, 17.063682
13827.476, 347.232207, 17.105635
3695.704, 347.252941, 17.131132
3219.020, 347.194029, 17.055980
3254.233, 347.175690, 17.033492
5529.538, 347.359357, 17.269137
5512.784, 347.118697, 16.961484
30484.220, 347.149111, 17.002681
2807.035, 347.178410, 17.038463
140427.526, 347.204764, 17.077583
3243.819, 347.112295, 16.954322
3267.245, 347.167119, 17.025782
15281.685, 347.129528, 16.979306
4123.320, 347.110784, 16.955776
52825.645, 347.187131, 17.057398
5615.091, 347.260096, 17.148312
3254.522, 347.364768, 17.281852
2283.553, 347.135234, 16.989413
4634.053, 347.148240, 17.006427
5167.234, 347.175211, 17.044037
12882.272, 347.305780, 17.212105
3264.636, 347.162051, 17.027613
11108.948, 347.131235, 16.990133
16085.594, 347.177164, 17.050612
2784.946, 347.104115, 16.956670
26117.859, 347.172793, 17.048997
2762.867, 347.253206, 17.148863
4612.234, 347.193398, 17.073387
5960.727, 347.119245, 16.979005
2285.500, 347.140211, 17.005248
47759.547, 347.107377, 16.968571
4205.734, 347.199960, 17.083397
4671.733, 347.356622, 17.283922
3772.880, 347.145043, 17.015142
6448.582, 347.167746, 17.044681
4140.351, 347.174249, 17.053401
180994.056, 347.183457, 17.072581
10513.380, 347.190395, 17.075298
19712.421, 347.108648, 16.973214
4569.140, 347.131711, 17.001150
6030.409, 347.140396, 17.014751
6012.105, 347.129170, 17.003897
7337.451, 347.114958, 16.989351
4623.829, 347.124057, 17.000584
10128.416, 347.107790, 16.982590
6436.690, 347.097785, 16.971345
43777.174, 347.313359, 17.251704
2331.706, 347.146303, 17.035412
3693.384, 347.168383, 17.063800
6932.996, 347.174965, 17.073246
4591.360, 347.201726, 17.107466
2293.120, 347.096348, 16.974311
3656.384, 347.134968, 17.024195
14209.255, 347.180370, 17.083257
18843.855, 347.098298, 16.980367
7332.670, 347.125181, 17.013867
14754.969, 347.291299, 17.227176
2316.935, 347.256844, 17.182442
18392.058, 347.133976, 17.028937
3250.068, 347.188120, 17.096844
6013.057, 347.169774, 17.074098
2778.743, 347.179821, 17.086596
2324.602, 347.182306, 17.089471
3303.785, 347.200783, 17.114259
7138.335, 347.231393, 17.153974
2727.058, 347.108604, 16.996471
21140.510, 347.089228, 16.976379
7796.838, 347.194448, 17.108999
13304.154, 347.100347, 16.990079
23448.232, 347.085949, 16.974039
4158.922, 347.153314, 17.057826
4169.889, 347.114862, 17.010434
5908.314, 347.138646, 17.042175
4198.739, 347.157399, 17.066148
8728.883, 347.140264, 17.045643
8236.335, 347.194384, 17.114394
2293.731, 347.094362, 16.986083
5045.305, 347.111927, 17.009306
6463.171, 347.195826, 17.117080
9660.581, 347.107865, 17.005146
13373.375, 347.158493, 17.070253
16459.233, 347.131064, 17.036748
6940.566, 347.079851, 16.972714
4109.179, 347.109855, 17.011634
4171.423, 347.097760, 16.996753
12341.159, 347.186954, 17.113007
10516.427, 347.081081, 16.978340
31949.421, 347.285096, 17.241121
9253.281, 347.097716, 17.000598
3241.068, 347.088891, 16.988729
4182.057, 347.175466, 17.099810
27329.678, 347.229986, 17.171775
2322.721, 347.081852, 16.980883
13784.585, 347.111923, 17.020839
5063.800, 347.118811, 17.028745
2374.358, 347.085748, 16.986715
3709.505, 347.116087, 17.025970
43415.597, 347.169222, 17.096583
18866.257, 347.102717, 17.011541
6447.463, 347.166386, 17.091181
4187.770, 347.156752, 17.079851
28253.759, 347.074969, 16.977396
7840.855, 347.087122, 16.992909
12400.000, 347.152883, 17.077154
75127.224, 347.154722, 17.087546
13354.449, 347.135938, 17.057318
8876.652, 347.184471, 17.119483
10537.455, 347.076027, 16.981395
48691.115, 347.108493, 17.024690
72870.113, 347.128680, 17.051532
4604.327, 347.112395, 17.029556
2821.353, 347.181498, 17.117356
2729.515, 347.085021, 16.994500
6402.580, 347.114812, 17.034626
3688.629, 347.122204, 17.045966
2350.008, 347.187950, 17.129509
12900.046, 347.071119, 16.982212
5491.006, 347.082206, 16.995423
47214.855, 347.117799, 17.045312
9623.956, 347.131779, 17.059912
2348.419, 347.135260, 17.063381
2805.280, 347.137032, 17.065579
2728.580, 347.218624, 17.172215
6031.031, 347.092546, 17.011945
10092.544, 347.182313, 17.126658
3198.523, 347.083484, 16.999671
18341.888, 347.138224, 17.071121
5092.161, 347.160519, 17.099250
2783.458, 347.093830, 17.014139
2380.094, 347.101394, 17.023448
12237.290, 347.245761, 17.209737
2814.077, 347.106866, 17.031450
9239.651, 347.068171, 16.983708
62114.806, 347.203302, 17.159991
4161.313, 347.065449, 16.980360
8811.893, 347.071695, 16.989243
214050.898, 347.214789, 17.179814
108963.906, 347.277986, 17.259065
28036.224, 347.076022, 16.997527
2361.845, 347.087190, 17.009822
4169.479, 347.091764, 17.017414
6042.419, 347.117563, 17.050006
2301.642, 347.147242, 17.087905
61184.997, 347.238421, 17.209312
10545.899, 347.062633, 16.982369
19699.610, 347.121349, 17.060244
106661.209, 347.124823, 17.068839
11089.753, 347.067136, 16.990468
44394.547, 347.315188, 17.310702
118698.941, 347.098561, 17.037255
117743.659, 347.289738, 17.282928
15705.632, 347.073117, 17.004012
11870.629, 347.063516, 16.989741
3698.987, 347.067099, 16.994446
2278.839, 347.208058, 17.175831
2330.202, 347.146946, 17.097969
4167.676, 347.115441, 17.058876
5551.188, 347.093475, 17.032350
5060.810, 347.129535, 17.078618
56796.472, 347.138629, 17.093200
6908.658, 347.147017, 17.102124
250866.081, 347.168781, 17.137350
37689.416, 347.161169, 17.123308
2323.376, 347.167965, 17.128924
6478.059, 347.204982, 17.177128
3755.012, 347.077116, 17.016332
2779.585, 347.141806, 17.099495
17965.325, 347.067697, 17.006801
6977.051, 347.205941, 17.182999
2308.020, 347.118811, 17.072186
27986.528, 347.078006, 17.022583
6434.246, 347.082981, 17.028481
4112.288, 347.144569, 17.106949
10169.350, 347.052923, 16.991915
4678.153, 347.091875, 17.040724
9630.958, 347.129793, 17.090711
11936.831, 347.152837, 17.120610
2725.948, 347.070215, 17.015043
8721.791, 347.061379, 17.006281
14679.847, 347.098695, 17.054594
7800.220, 347.113600, 17.073558
2804.018, 347.206577, 17.191073
2304.640, 347.081379, 17.031568
8339.189, 347.091506, 17.047433
9123.605, 347.123917, 17.089608
7868.762, 347.129915, 17.095865
6032.788, 347.140866, 17.111061
3716.117, 347.049598, 16.994263
6910.301, 347.058146, 17.004991
365129.145, 347.214389, 17.214924
9649.220, 347.132045, 17.101986
5105.914, 347.082417, 17.037767
6020.848, 347.138568, 17.112823
11077.081, 347.059784, 17.013695
4622.358, 347.121278, 17.091415
18361.670, 347.284028, 17.300815
3288.878, 347.052476, 17.003227
18805.232, 347.046852, 17.000145
9675.298, 347.071324, 17.029506
6438.241, 347.089182, 17.051126
11470.255, 347.094329, 17.059222
10010.242, 347.140423, 17.118928
7357.626, 347.151034, 17.132668
8280.737, 347.083889, 17.049342
5069.438, 347.181581, 17.174339
2747.590, 347.091034, 17.058421
6425.111, 347.120610, 17.096769
52312.351, 347.110725, 17.090681
3188.492, 347.055384, 17.014107
11958.188, 347.075544, 17.040746
4104.063, 347.079928, 17.045795
7363.499, 347.100996, 17.073511
65462.055, 347.279961, 17.305742
4145.745, 347.047668, 17.005605
2778.028, 347.063181, 17.025146
11893.939, 347.125465, 17.106197
7898.546, 347.092316, 17.064191
79243.148, 347.296600, 17.329576
10641.065, 347.158871, 17.150650
2306.785, 347.069733, 17.036953
9195.870, 347.048606, 17.011363
16088.693, 347.075466, 17.047965
11521.617, 347.100600, 17.078726
11080.953, 347.120530, 17.106168
31104.627, 347.048981, 17.016225
5981.164, 347.083014, 17.058045
2818.365, 347.060712, 17.029392
23366.697, 347.038294, 17.003251
3218.001, 347.078988, 17.053405
4193.488, 347.090875, 17.068805
5081.234, 347.058937, 17.028339
5954.590, 347.069172, 17.041790
6879.342, 347.141576, 17.134465
9223.925, 347.213530, 17.227669
3164.987, 347.053537, 17.023550
6495.879, 347.142457, 17.137890
10047.685, 347.041412, 17.009462
3748.364, 347.093118, 17.075788
6376.412, 347.228529, 17.249302
18414.413, 347.076281, 17.057414
6957.407, 347.098386, 17.083463
4172.166, 347.057188, 17.031344
3714.292, 347.115845, 17.106562
4174.001, 347.066540, 17.044556
15156.931, 347.152450, 17.154947
3249.757, 347.147353, 17.149188
3749.511, 347.105392, 17.098720
28023.321, 347.114458, 17.113143
5468.467, 347.126908, 17.126894
2367.955, 347.058504, 17.039544
5573.324, 347.041344, 17.018940
8788.924, 347.078739, 17.066855
9164.913, 347.119639, 17.119876
19428.473, 347.067296, 17.053225
11562.706, 347.145105, 17.152423
39523.526, 347.236793, 17.272221
5078.127, 347.129078, 17.132977
9762.487, 347.048941, 17.032242
10141.844, 347.079703, 17.071935
3204.564, 347.124607, 17.128579
8347.456, 347.140619, 17.149678
4204.984, 347.126857, 17.132150
4144.285, 347.073523, 17.065251
5995.331, 347.109762, 17.112989
3728.663, 347.115327, 17.119114
3190.646, 347.034194, 17.015854
6971.211, 347.042798, 17.028026
5328.165, 347.217686, 17.252024
12377.550, 347.082962, 17.081038
7021.681, 347.104948, 17.108670
11960.780, 347.061876, 17.055363
8228.902, 347.071207, 17.067458
5554.998, 347.118911, 17.127477
6435.622, 347.154347, 17.173855
14316.530, 347.030582, 17.015125
2357.028, 347.235813, 17.277605
12479.567, 347.229482, 17.271383
2806.004, 347.053223, 17.045416
2316.355, 347.122594, 17.134766
5992.442, 347.132199, 17.148039
26097.793, 347.050429, 17.045848
2336.140, 347.143120, 17.161627
3767.789, 347.032286, 17.020745
4566.543, 347.044756, 17.037196
2306.587, 347.174528, 17.203130
17606.134, 347.112292, 17.125758
106429.657, 347.133314, 17.156003
7865.244, 347.056394, 17.053925
2363.669, 347.085743, 17.091138
4575.183, 347.070083, 17.071764
11091.592, 347.073291, 17.076533
54608.092, 347.218456, 17.266457
7856.141, 347.102047, 17.114342
17925.756, 347.142661, 17.166344
8727.376, 347.127510, 17.147720
53489.540, 347.116667, 17.136703
5459.821, 347.188013, 17.226414
6025.671, 347.038743, 17.035450
5118.143, 347.044380, 17.044756
4613.485, 347.051369, 17.054650
61482.355, 347.066248, 17.078466
13895.607, 347.076035, 17.087447
2312.177, 347.101055, 17.117451
3700.133, 347.041166, 17.041939
25716.654, 347.056205, 17.063004
5062.116, 347.047653, 17.050870
11539.364, 347.037352, 17.040255
40491.788, 347.241243, 17.302258
7863.092, 347.030608, 17.031191
15054.141, 347.091131, 17.110789
2776.895, 347.122281, 17.149832
4610.791, 347.149983, 17.186696
2339.810, 347.226043, 17.283315
19294.733, 347.020059, 17.022250
22112.510, 347.079790, 17.099204
15192.085, 347.092394, 17.113917
5553.164, 347.096945, 17.119397
14277.840, 347.056469, 17.067873
8640.082, 347.058909, 17.071590
4621.316, 347.129611, 17.162061
10071.536, 347.139621, 17.174450
5905.055, 347.029632, 17.035227
3185.091, 347.087054, 17.109169
3251.729, 347.059713, 17.074506
12843.610, 347.105617, 17.136549
96975.233, 347.091373, 17.124702
103625.515, 347.193713, 17.255017
6035.197, 347.029663, 17.040145
3274.555, 347.038779, 17.052835
125532.971, 347.042565, 17.064070
8309.791, 347.051261, 17.070723
9245.453, 347.124561, 17.165058
2740.740, 347.139549, 17.183333
11607.472, 347.146543, 17.195589
5030.837, 347.102521, 17.140558
9657.028, 347.011636, 17.024612
18736.747, 347.027188, 17.045988
2353.843, 347.234702, 17.310121
3709.227, 347.070225, 17.099821
180174.475, 347.104425, 17.151843
87118.521, 347.094769, 17.137445
2740.187, 347.016583, 17.032871
74156.350, 347.044910, 17.073580
6447.831, 347.054304, 17.081934
2789.614, 347.035659, 17.058244
5061.298, 347.028783, 17.050698
12873.543, 347.129750, 17.181190
13396.087, 347.020615, 17.042544
5615.200, 347.051052, 17.080494
7900.015, 347.009753, 17.028346
12877.025, 347.006343, 17.026578
16085.968, 347.046881, 17.078588
9254.791, 347.191819, 17.263899
9760.824, 347.052169, 17.084951
4127.968, 347.013502, 17.035066
3725.407, 347.032248, 17.059480
7426.687, 347.035631, 17.064480
5975.743, 347.083576, 17.126938
10108.859, 347.146517, 17.207112
7453.254, 347.002757, 17.025400
4207.030, 347.009269, 17.032884
6410.577, 347.036955, 17.068533
6953.305, 347.067056, 17.108837
3214.630, 347.078582, 17.122958
4636.623, 347.028547, 17.059689
9184.657, 347.030962, 17.063661
2724.274, 347.012498, 17.041202
3256.800, 347.036955, 17.072765
6843.372, 347.016941, 17.048247
12382.519, 347.045563, 17.085916
6457.292, 347.058153, 17.103029
171014.353, 347.002734, 17.044289
21236.700, 347.018797, 17.055111
3681.289, 347.024923, 17.060787
9661.872, 347.197354, 17.283365
8250.626, 347.037541, 17.078461
7814.590, 347.041757, 17.084252
5088.928, 347.102339, 17.162161
13275.408, 347.049870, 17.095896
14721.002, 347.088969, 17.148066
14704.903, 347.008206, 17.044042
3672.106, 347.088140, 17.145241
2739.936, 347.010730, 17.046598
12500.678, 347.068949, 17.122681
4162.846, 347.080775, 17.136654
5600.643, 347.179978, 17.264610
26889.079, 347.252015, 17.358680
4593.786, 346.999823, 17.034677
3643.422, 347.057097, 17.108055
6433.824, 347.041473, 17.089646
5593.067, 347.097735, 17.161453
3216.560, 347.039078, 17.086426
3154.117, 347.060017, 17.113579
7001.386, 347.118274, 17.189074
7821.039, 347.138319, 17.214997
40784.405, 347.021206, 17.068051
9199.426, 347.080934, 17.142424
7862.019, 347.163632, 17.248215
8241.464, 347.013628, 17.056112
3673.534, 346.995210, 17.033298
7807.395, 346.996254, 17.036943
4652.647, 347.085901, 17.151686
12377.136, 347.129939, 17.209632
3255.531, 347.038735, 17.091553
17109.286, 347.027819, 17.078759
2765.944, 347.071016, 17.134464
6935.077, 347.011110, 17.058579
5521.972, 347.039428, 17.095696
9240.489, 347.057577, 17.119711
104095.423, 347.019851, 17.075764
7797.414, 347.065734, 17.130101
3284.276, 347.061226, 17.124557
20142.377, 347.014991, 17.068195
11980.246, 347.070771, 17.139467
2318.958, 347.000922, 17.051131
7400.057, 347.010228, 17.064048
8248.431, 346.994808, 17.044697
5120.963, 347.006302, 17.059273
13415.152, 347.000804, 17.055677
8738.652, 346.996172, 17.048689
31688.510, 347.204169, 17.316037
6429.050, 347.034670, 17.098322
48011.180, 347.104728, 17.191035
2764.563, 347.079533, 17.155693
6931.499, 347.050873, 17.120439
4232.286, 347.082950, 17.161470
7812.464, 347.098006, 17.181386
11501.242, 347.044082, 17.113301
3255.592, 347.080346, 17.159522
35321.643, 347.166105, 17.271756
6912.580, 346.986479, 17.040909
17489.101, 347.011218, 17.074423
3727.192, 347.077134, 17.158113
11476.571, 346.992288, 17.051776
12461.217, 347.004562, 17.068076
268455.640, 347.184242, 17.305254
20210.705, 346.983701, 17.044914
5129.332, 347.013150, 17.080066
4216.518, 347.067106, 17.148895
53779.237, 347.138572, 17.243279
7317.998, 346.981754, 17.040448
2308.229, 347.181576, 17.296505
2249.910, 347.039199, 17.114977
26182.109, 347.028989, 17.104250
8269.778, 347.020510, 17.094288
11919.110, 347.041907, 17.120820
8301.149, 347.051022, 17.132613
2336.897, 347.066526, 17.152240
2350.133, 347.069226, 17.156131
9226.084, 347.071699, 17.160455
23034.348, 347.005187, 17.076903
15231.490, 347.033116, 17.112124
3325.672, 347.059705, 17.145396
5567.347, 346.992646, 17.059648
4632.904, 347.078167, 17.169266
18391.775, 347.107341, 17.210094
12055.085, 346.983591, 17.053205
6962.774, 347.068137, 17.159327
3762.804, 347.033182, 17.115068
13716.278, 347.072026, 17.167475
5052.481, 347.022082, 17.102157
2269.473, 347.041421, 17.126876
2774.833, 347.043187, 17.128936
7893.538, 347.046794, 17.134325
9234.020, 347.149005, 17.265655
5996.542, 346.977601, 17.046674
5081.137, 347.037013, 17.122497
36329.571, 346.999567, 17.080157
173989.146, 346.999591, 17.090707
74675.895, 347.058453, 17.155257
9678.194, 347.010439, 17.091504
50055.202, 347.186622, 17.318924
3687.848, 347.202505, 17.337578
3785.707, 346.988436, 17.064290
6990.438, 346.996299, 17.074356
4657.423, 347.097080, 17.203591
3732.551, 347.109801, 17.219550
55067.879, 346.976503, 17.056136
4173.004, 347.028470, 17.116144
7840.459, 347.073116, 17.173435
3309.479, 347.020463, 17.106226
2282.576, 347.047930, 17.141211
5955.318, 347.062341, 17.161512
5976.745, 347.088049, 17.194139
119050.789, 347.133411, 17.257306
13737.647, 347.006380, 17.090953
11953.550, 347.093934, 17.204840
7417.904, 347.097884, 17.208455
3230.919, 347.173724, 17.305763
3706.094, 347.079414, 17.185840
4567.828, 346.973597, 17.052140
5535.826, 347.015723, 17.105795
8244.661, 347.018720, 17.109513
17501.032, 347.027483, 17.123529
58877.293, 347.022560, 17.118998
15142.464, 346.990571, 17.075142
6874.564, 347.154469, 17.285346
8743.327, 347.043144, 17.144432
3229.133, 347.060629, 17.166280
2861.256, 347.004600, 17.095227
4606.576, 346.971571, 17.054976
9618.792, 347.050731, 17.156065
8693.927, 346.993914, 17.084091
128470.102, 347.048533, 17.161347
12341.681, 347.183547, 17.327841
14752.912, 346.981338, 17.070603
9178.389, 346.984477, 17.072377
5015.421, 347.013440, 17.109382
6857.085, 346.987938, 17.077739
16071.344, 347.036319, 17.140387
6438.090, 347.088566, 17.206271
3697.798, 347.187364, 17.333248
53447.894, 346.973624, 17.066462
3778.165, 346.991619, 17.085533
2739.506, 347.001315, 17.098336
8293.554, 346.988121, 17.082993
9148.540, 347.028295, 17.135990
6414.006, 347.100800, 17.227412
18852.469, 346.967618, 17.059211
2814.367, 347.032528, 17.140565
3702.733, 346.963116, 17.052693
3258.089, 347.043959, 17.155842
8246.643, 347.064959, 17.184905
92855.122, 347.126966, 17.267274
2756.070, 346.982730, 17.078899
6882.265, 346.999801, 17.101508
2734.452, 347.024351, 17.131948
2321.005, 347.055471, 17.171912
11514.614, 347.001941, 17.106552
6405.231, 346.997043, 17.098554
12899.543, 347.048073, 17.166830
13797.812, 346.962514, 17.057883
9147.074, 346.986662, 17.087704
14729.968, 346.976573, 17.075351
14269.092, 346.987669, 17.092317
7824.223, 347.014263, 17.123939
3602.698, 347.108656, 17.244651
28082.866, 347.098039, 17.234952
8331.188, 347.157385, 17.309144
4133.782, 346.959248, 17.055502
45854.977, 346.963498, 17.064178
2773.625, 346.996732, 17.103137
61334.117, 347.078165, 17.210351
4633.867, 346.973281, 17.074525
13389.768, 347.018187, 17.132381
6925.968, 347.066108, 17.193816
3685.150, 346.994526, 17.102304
12441.829, 347.025584, 17.143547
8705.315, 347.014083, 17.129644
5027.310, 347.036649, 17.157688
19270.741, 347.083500, 17.218907
2753.232, 346.976834, 17.081437
4598.202, 346.965791, 17.067625
14676.803, 346.990327, 17.099884
8748.730, 346.996839, 17.108722
5040.643, 347.021350, 17.139397
7348.855, 347.127366, 17.275602
5479.426, 347.056795, 17.186097
16928.510, 346.958198, 17.062629
34420.191, 346.973431, 17.084408
2279.376, 347.206776, 17.379481
19278.062, 347.061130, 17.194948
5622.306, 346.982747, 17.093903
9661.241, 347.036645, 17.163283
9168.837, 346.990143, 17.104936
21129.261, 346.997705, 17.116066
4186.741, 347.081711, 17.221938
14336.005, 346.969148, 17.079144
3741.880, 346.987443, 17.101769
2779.170, 347.052348, 17.185028
2763.862, 347.108774, 17.257373
6011.352, 347.118870, 17.270571
2780.908, 347.134370, 17.290405
14276.923, 346.978143, 17.091110
25242.677, 346.988857, 17.108152
5144.696, 347.017860, 17.141502
8683.480, 346.953370, 17.060153
7469.836, 347.164908, 17.331725
5068.640, 347.018109, 17.144291
11532.254, 347.031671, 17.163488
5060.266, 347.040292, 17.173752
4648.069, 347.059693, 17.199065
11593.118, 347.002840, 17.128296
10164.094, 346.962948, 17.077786
8324.117, 346.980815, 17.100790
11935.607, 346.982959, 17.105599
2277.523, 346.966723, 17.083581
2785.022, 346.971745, 17.089538
127879.036, 346.993250, 17.127244
3704.842, 347.069246, 17.215458
54589.127, 346.948525, 17.066420
6500.207, 346.977585, 17.099121
7373.065, 347.019802, 17.153185
2352.347, 347.083614, 17.234605
5016.319, 347.092734, 17.247138
4173.498, 346.958709, 17.076173
17834.648, 346.973785, 17.097444
3241.993, 347.055076, 17.199756
16093.535, 346.965136, 17.087137
8300.664, 346.988478, 17.115232
2266.436, 347.002936, 17.133797
7781.567, 347.030000, 17.171326
184654.333, 347.067733, 17.224519
2811.435, 346.957537, 17.078652
11925.105, 347.032711, 17.176241
2789.869, 347.113168, 17.278097
25770.787, 347.009433, 17.147164
17401.684, 346.948888, 17.073177
11562.412, 346.958689, 17.086207
3718.856, 346.965010, 17.091791
4108.579, 347.043587, 17.192940
24867.895, 347.044905, 17.197419
2816.921, 347.074597, 17.232250
10561.379, 346.955439, 17.080719
3199.563, 347.178204, 17.366134
17965.215, 346.968187, 17.101677
2775.461, 347.025444, 17.173393
4680.725, 347.040888, 17.193762
11976.008, 346.974028, 17.109884
2341.589, 346.998618, 17.139548
2336.394, 347.092657, 17.260002
32215.936, 346.942600, 17.070774
4577.528, 346.979252, 17.115548
12412.424, 347.054531, 17.214864
12021.923, 346.949164, 17.081203
3305.520, 346.988796, 17.129886
22551.175, 346.994144, 17.139169
4123.924, 347.013498, 17.162504
17369.241, 347.022970, 17.176259
4203.169, 347.035015, 17.189700
12079.941, 347.178177, 17.375072
25835.803, 346.944289, 17.078686
13314.021, 346.961725, 17.098178
34580.466, 347.002072, 17.151214
6447.143, 347.129514, 17.313135
5029.721, 346.972780, 17.112438
27924.017, 347.037705, 17.198529
6493.381, 347.074918, 17.243760
3255.613, 347.182314, 17.381655
4275.174, 347.194397, 17.397162
2285.633, 346.963328, 17.101108
10509.558, 346.964886, 17.104108
4197.452, 346.969383, 17.109847
57042.848, 347.067808, 17.239295
81189.805, 346.950142, 17.092184
5568.778, 347.094784, 17.273100
2775.803, 346.939128, 17.073939
88500.107, 346.993378, 17.148171
8268.689, 347.111497, 17.295606
6895.512, 346.982428, 17.131218
2306.052, 347.047924, 17.214354
3271.532, 346.939903, 17.076405
12406.747, 346.973722, 17.120835
8288.967, 347.010376, 17.167658
2783.369, 346.946285, 17.085079
2337.929, 346.958369, 17.100588
2359.195, 347.042291, 17.208100
7401.603, 347.103733, 17.288843
19807.380, 346.974957, 17.126223
70023.754, 347.003375, 17.163299
17458.126, 346.954417, 17.099214
71815.413, 346.942284, 17.087769
2403.714, 347.167606, 17.372083
2726.885, 346.959129, 17.105644
4595.650, 346.965948, 17.114987
3316.447, 346.934769, 17.075682
7774.660, 346.939339, 17.081671
3222.248, 347.026517, 17.193088
9201.910, 346.961505, 17.110860
5079.002, 347.050503, 17.225552
3678.861, 347.142876, 17.342852
12386.877, 346.967399, 17.119163
3238.330, 347.109343, 17.300670
33938.292, 346.933822, 17.079617
6009.232, 347.013283, 17.178973
6402.926, 347.070188, 17.252229
4628.465, 347.080996, 17.265534
2286.212, 346.976996, 17.132730
19696.680, 347.009722, 17.175709
3715.897, 347.053799, 17.231090
2299.758, 347.047182, 17.223699
10104.065, 347.065310, 17.248250
13778.994, 346.973420, 17.131240
14642.603, 346.985432, 17.145948
7402.998, 347.022472, 17.192979
11503.663, 347.016347, 17.187067
5109.299, 347.131634, 17.334934
3739.906, 346.950224, 17.102601
2808.637, 346.959777, 17.114599
7414.546, 346.946860, 17.099327
16123.411, 346.998498, 17.167396
66228.207, 347.086940, 17.282240
6401.868, 346.928367, 17.077712
15619.078, 346.994633, 17.163621
11573.686, 347.029959, 17.208160
14197.609, 347.035852, 17.216180
24820.087, 346.943097, 17.099389
9257.892, 346.961102, 17.119846
2245.589, 346.973541, 17.134978
9186.713, 347.023565, 17.200317
22521.688, 346.932144, 17.085074
3218.135, 347.005067, 17.177613
3653.961, 347.049361, 17.235347
25274.546, 346.965383, 17.131878
5050.093, 347.066350, 17.257403
8347.885, 346.950620, 17.109818
2293.487, 346.970282, 17.135516
13779.245, 346.937550, 17.096012
7407.198, 347.002798, 17.178835
157704.206, 347.123775, 17.338592
13823.020, 346.932532, 17.090421
13000.110, 346.952870, 17.116539
51136.047, 346.995623, 17.174044
7341.308, 347.052433, 17.244105
5573.928, 347.072963, 17.270507
27484.098, 346.959653, 17.130553
6007.499, 346.969565, 17.138282
19312.804, 346.955555, 17.122049
3668.186, 346.993638, 17.169541
46284.369, 346.945577, 17.112708
6869.879, 347.014355, 17.197120
3191.731, 347.036327, 17.224975
3640.072, 347.057127, 17.253135
23961.104, 346.934008, 17.097709
3769.557, 347.008569, 17.191389
2273.369, 347.165085, 17.391710
26730.549, 346.936964, 17.102806
2740.711, 346.968802, 17.140814
2784.681, 346.998064, 17.178582
73048.719, 346.939364, 17.109035
8292.566, 346.976779, 17.152627
6476.862, 346.985216, 17.163604
101884.536, 346.986170, 17.169659
2816.011, 346.948450, 17.116327
9605.731, 347.015120, 17.203639
12364.345, 347.038323, 17.232676
10530.273, 346.968968, 17.144344
108204.884, 347.006942, 17.197923
3201.152, 346.978146, 17.155935
5954.595, 347.086433, 17.295499
2726.033, 346.950681, 17.121048
3762.228, 347.040583, 17.237749
19829.976, 346.962276, 17.139051
2805.352, 346.927662, 17.094651
15141.476, 346.931733, 17.104009
10182.516, 346.966509, 17.146585
39412.181, 347.155538, 17.390467
13041.289, 346.949090, 17.125649
22895.621, 347.117974, 17.342329
37697.502, 346.976593, 17.162325
6481.609, 347.027729, 17.225370
20257.355, 347.052673, 17.259131
16043.623, 346.951248, 17.130258
9245.807, 346.980708, 17.166543
7417.852, 346.923098, 17.093458
11945.045, 346.925694, 17.097346
10607.399, 346.944285, 17.121707
7395.380, 347.008869, 17.204055
7333.176, 347.032688, 17.234219
4161.609, 347.101193, 17.321867
106003.334, 346.914649, 17.090461
7775.063, 346.988766, 17.178652
3256.403, 346.972628, 17.157920
7395.920, 346.993750, 17.185134
55064.135, 346.938381, 17.118862
437090.297, 346.969146, 17.169444
10101.849, 346.999528, 17.194698
9650.643, 346.929104, 17.106066
31688.104, 346.959489, 17.146095
21662.553, 346.989477, 17.184209
9204.227, 346.968411, 17.158001
4114.726, 346.931900, 17.110545
4216.850, 347.071319, 17.289821
16608.943, 347.081961, 17.304050
72875.935, 346.950520, 17.141049
2275.114, 347.054096, 17.267706
31226.665, 346.932397, 17.116171
2804.393, 346.978805, 17.171872
89825.066, 346.979012, 17.181818
2762.885, 347.093952, 17.319550
5992.326, 346.999513, 17.199899
16488.877, 346.927103, 17.108728
15970.166, 346.937931, 17.123425
20308.247, 347.025682, 17.235910
3219.009, 346.924608, 17.105361
11447.264, 346.987114, 17.187009
16991.170, 347.042406, 17.257741
6391.100, 347.006034, 17.211025
6023.068, 346.964635, 17.158664
9646.846, 347.070657, 17.294558
23492.086, 347.000734, 17.208900
4558.825, 347.011478, 17.219560
20772.316, 347.058198, 17.281196
3259.322, 347.008327, 17.216055
8726.300, 346.946239, 17.137301
3674.020, 346.992241, 17.195721
2828.304, 346.926278, 17.111685
5512.785, 347.026304, 17.241290
91309.682, 346.927433, 17.124061
107577.818, 346.951069, 17.154198
7800.199, 346.957435, 17.153440
10629.319, 346.960171, 17.157180
3266.776, 347.100106, 17.336032
8729.812, 347.004179, 17.214336
31696.667, 346.910052, 17.097695
17962.811, 346.915632, 17.101987
12916.555, 346.919746, 17.108542
46823.560, 347.012976, 17.231651
2331.659, 347.077673, 17.309923
2291.905, 347.011678, 17.225988
5607.013, 347.016626, 17.233521
6429.949, 346.922773, 17.114019
8680.919, 346.938135, 17.134685
6908.174, 346.936086, 17.132226
10074.273, 347.033537, 17.257020
49129.507, 346.913140, 17.107024
6914.812, 346.933020, 17.129081
13849.178, 347.095669, 17.338086
5598.648, 346.904827, 17.094277
4148.799, 346.930837, 17.127233
3274.964, 347.021332, 17.243386
16173.073, 346.979932, 17.191625
17005.672, 347.027116, 17.253341
30279.430, 347.095624, 17.342373
4654.227, 346.920264, 17.116102
26701.653, 346.940587, 17.143574
31204.618, 346.954940, 17.162514
10223.056, 347.044840, 17.276752
3741.120, 347.072568, 17.311097
3243.139, 347.051466, 17.284840
104379.813, 346.915953, 17.117698
9629.050, 347.035095, 17.265592
3679.052, 346.908038, 17.102220
4587.307, 347.021106, 17.247427
26927.969, 346.995598, 17.218178
4614.413, 347.002504, 17.224268
3227.355, 347.088847, 17.334836
3226.973, 346.934449, 17.137721
15111.171, 346.977377, 17.194112
24335.685, 346.963273, 17.178261
3715.788, 346.981432, 17.199115
3753.879, 347.006255, 17.232071
14287.807, 347.013777, 17.243135
39645.535, 346.899892, 17.099165
5513.299, 346.971936, 17.189910
7418.909, 347.098737, 17.352279
36283.404, 346.908660, 17.111646
10559.738, 346.930727, 17.137464
26262.270, 346.940468, 17.150975
2762.102, 346.985650, 17.207751
93837.916, 347.072547, 17.322482
4121.302, 347.130287, 17.393074
7775.846, 346.907081, 17.107607
5076.618, 347.007286, 17.236737
74133.261, 347.103755, 17.364079
11073.069, 346.927120, 17.136277
15628.218, 346.935599, 17.146773
5057.841, 346.951005, 17.167323
4606.202, 347.016533, 17.251034
2786.760, 346.905010, 17.108115
3682.453, 347.004798, 17.236471
6350.882, 346.945891, 17.161461
19809.231, 346.956669, 17.175598
5063.889, 346.962168, 17.182712
2286.584, 347.039807, 17.281881
2289.181, 347.030624, 17.270374
