# Source Fluxes and Coordinates
# Flux (e-/s), RA (deg), Dec (deg)
201404.553, 346.970131, 17.170253
2517.845, 347.119527, 17.366109
43471.877, 347.007139, 17.198119
51158.113, 346.986581, 17.169733
10780.224, 347.125852, 17.351536
25723.669, 346.963425, 17.137018
93594.784, 347.123913, 17.338476
5813.236, 346.996346, 17.173466
16282.124, 346.942382, 17.102080
32770.672, 347.007577, 17.183380
29486.549, 347.087350, 17.282769
29834.964, 347.046891, 17.222811
28123.632, 346.993414, 17.147990
14413.086, 347.068402, 17.239003
110987.131, 347.067852, 17.224315
11770.391, 347.078005, 17.209942
36329.794, 347.126931, 17.267804
20769.176, 347.046504, 17.161500
47813.654, 346.998198, 17.092317
6243.695, 347.021711, 17.118419
67613.725, 347.133510, 17.257247
34229.858, 347.058493, 17.155261
24518.551, 347.186223, 17.318426
186528.151, 347.184177, 17.305175
31563.498, 347.138628, 17.243698
11922.928, 347.105326, 17.190365
50374.587, 347.020132, 17.075675
55245.298, 347.001754, 17.045883
25920.063, 347.252052, 17.358738
98656.524, 347.104353, 17.152032
17139.626, 347.124843, 17.181077
9711.229, 347.096633, 17.138719
47430.950, 347.042718, 17.064584
34882.790, 347.090737, 17.125342
19556.747, 347.201331, 17.268441
52522.935, 347.193345, 17.255055
25443.546, 347.241083, 17.312557
41269.917, 347.180827, 17.230047
24804.068, 347.103840, 17.130442
27635.148, 347.218163, 17.266133
44568.848, 347.133292, 17.155318
28302.917, 347.222929, 17.268560
2031.478, 347.151562, 17.162429
6522.307, 347.118274, 17.116650
16245.186, 347.131101, 17.125778
15607.037, 347.259364, 17.291510
37564.504, 347.211314, 17.226822
19772.000, 347.109857, 17.091146
30390.963, 347.298587, 17.335499
46355.758, 347.296938, 17.329714
37942.132, 347.279562, 17.306130
289328.947, 347.214053, 17.214812
6748.112, 347.193900, 17.195666
8704.116, 347.269439, 17.284979
1973.491, 347.225940, 17.227114
1931.372, 347.084183, 17.036957
5805.613, 347.217177, 17.206481
155766.922, 347.168917, 17.137280
3829.723, 347.206814, 17.191903
24983.335, 347.138374, 17.092910
1880.242, 347.264352, 17.257756
47762.540, 347.099219, 17.038236
79949.971, 347.289618, 17.283320
64529.604, 347.124801, 17.069067
2752.063, 347.188619, 17.155015
126156.737, 347.214705, 17.180325
62319.546, 347.277976, 17.259331
31683.999, 347.238630, 17.209062
2740.854, 347.321685, 17.318156
4995.725, 347.118652, 17.049860
22712.194, 347.298326, 17.278232
25960.665, 347.154141, 17.088563
4027.654, 347.106560, 17.028081
27459.326, 347.128311, 17.052134
12032.921, 347.108899, 17.024936
1932.236, 347.087669, 16.996335
20269.549, 347.218852, 17.157345
26871.342, 347.284981, 17.241245
29512.644, 347.251180, 17.191543
23355.766, 347.344459, 17.311922
5479.586, 347.267717, 17.211358
2048.011, 347.260164, 17.194893
3428.116, 347.302997, 17.249990
18699.099, 347.175033, 17.078365
29416.749, 347.290769, 17.227023
4270.969, 347.100642, 16.980484
31481.069, 347.313014, 17.251308
6595.760, 347.209690, 17.116902
14192.779, 347.331539, 17.270773
83784.831, 347.182705, 17.072371
2706.726, 347.233350, 17.141179
2835.590, 347.107075, 16.976860
21209.158, 347.324978, 17.252713
2663.680, 347.106798, 16.968301
3170.822, 347.132017, 16.999576
8508.142, 347.351077, 17.279258
19765.342, 347.356774, 17.285663
5142.083, 347.210918, 17.094866
2327.228, 347.114852, 16.968062
10380.913, 347.273248, 17.172052
86954.364, 347.204848, 17.077640
6930.576, 347.305354, 17.212618
114955.433, 347.195326, 17.063630
3136.929, 347.271276, 17.164403
17417.971, 347.327042, 17.232391
2344.013, 347.120090, 16.960517
25105.641, 347.232873, 17.104426
5451.730, 347.143944, 16.985231
390505.404, 347.271530, 17.138592
3093.315, 347.277065, 17.153961
2324.470, 347.282816, 17.158651
19959.270, 347.184652, 17.028267
76378.843, 347.128760, 16.951666
2278.091, 347.232959, 17.091201
3059.511, 347.228176, 17.084121
1940.221, 347.259800, 17.124797
3102.126, 347.310392, 17.189509
4979.013, 347.207237, 17.051797
7726.233, 347.206088, 17.049241
6556.318, 347.281938, 17.145259
37756.362, 347.184942, 17.015916
1950.164, 347.211590, 17.051429
7712.776, 347.271009, 17.125080
21021.790, 347.203971, 17.036310
2338.398, 347.279926, 17.130939
1920.038, 347.225260, 17.057283
7692.648, 347.201021, 17.022549
34318.924, 347.303553, 17.152248
24387.376, 347.365344, 17.232421
6269.027, 347.307503, 17.158516
2379.630, 347.293166, 17.137636
4656.993, 347.196323, 17.011066
2296.273, 347.279961, 17.119050
1912.944, 347.251104, 17.080264
7322.187, 347.315696, 17.163155
4639.289, 347.205359, 17.019407
13899.501, 347.192286, 17.001357
5395.423, 347.314324, 17.160068
4252.674, 347.325927, 17.174791
3968.253, 347.402672, 17.271732
3552.095, 347.236290, 17.053223
38486.390, 347.351772, 17.198748
4617.488, 347.364227, 17.216774
1927.897, 347.212270, 17.017562
2704.132, 347.228213, 17.037736
30225.516, 347.359882, 17.205515
60150.825, 347.295247, 17.119407
87922.395, 347.374457, 17.218539
1953.620, 347.198726, 16.994606
10533.220, 347.220705, 17.018360
7725.581, 347.404697, 17.254952
8897.592, 347.316376, 17.142353
3460.098, 347.208783, 17.002636
2727.015, 347.319965, 17.142444
21666.911, 347.324426, 17.145528
1890.664, 347.362883, 17.197213
4269.479, 347.206466, 16.993273
1941.214, 347.254554, 17.055164
18042.216, 347.330010, 17.148540
2264.531, 347.396326, 17.236914
2731.353, 347.290243, 17.098979
131237.938, 347.340094, 17.156040
3527.745, 347.297940, 17.106696
3117.573, 347.314199, 17.125122
17904.953, 347.412150, 17.249009
66430.681, 347.328364, 17.136312
2726.183, 347.320649, 17.130626
8466.321, 347.312618, 17.118306
58250.973, 347.180032, 16.942811
2710.784, 347.234588, 17.016983
4977.237, 347.184936, 16.951757
2327.278, 347.367988, 17.189523
3477.037, 347.220692, 16.997586
16059.539, 347.214270, 16.987048
7715.647, 347.422150, 17.255775
3079.842, 347.332581, 17.139567
2707.437, 347.287810, 17.081395
2741.120, 347.375225, 17.192719
3887.754, 347.367687, 17.181309
3779.619, 347.347647, 17.154820
3902.896, 347.352882, 17.160785
3162.689, 347.376060, 17.190714
10678.091, 347.313881, 17.107529
8448.976, 347.410009, 17.231554
53050.872, 347.339629, 17.137512
5792.682, 347.392388, 17.207418
22423.124, 347.272321, 17.048168
3134.537, 347.199336, 16.956836
1920.179, 347.190630, 16.944163
4209.634, 347.355318, 17.155893
28099.621, 347.381928, 17.187196
14937.477, 347.318574, 17.106858
2340.224, 347.220918, 16.981306
4269.945, 347.194359, 16.946528
30927.798, 347.217847, 16.972332
8141.243, 347.248298, 17.012283
1989.400, 347.373098, 17.174040
5044.136, 347.176852, 16.917868
7697.033, 347.371152, 17.169323
3518.642, 347.287095, 17.060735
32008.713, 347.255202, 17.017096
8464.460, 347.347433, 17.137652
2297.242, 347.433627, 17.249916
4653.387, 347.394612, 17.198741
6133.481, 347.239466, 16.996099
3471.980, 347.425182, 17.236388
1980.222, 347.232965, 16.985608
4230.270, 347.373176, 17.165690
2348.000, 347.191428, 16.930008
14616.100, 347.289924, 17.054936
3888.468, 347.211035, 16.954450
4296.597, 347.184363, 16.919719
6162.913, 347.326796, 17.103839
6190.549, 347.406085, 17.206360
4998.633, 347.365324, 17.152925
3530.125, 347.325160, 17.100665
1967.977, 347.205801, 16.945260
2335.588, 347.197690, 16.933592
3502.592, 347.379791, 17.169622
2702.909, 347.282144, 17.042789
3115.656, 347.318683, 17.089610
1928.882, 347.293045, 17.055898
7326.117, 347.359696, 17.140638
5418.466, 347.211423, 16.947787
14327.511, 347.354503, 17.132625
6116.007, 347.232863, 16.975438
4276.409, 347.423400, 17.221396
3140.226, 347.374391, 17.156270
5073.518, 347.272100, 17.023079
1958.305, 347.413772, 17.206611
4257.063, 347.381081, 17.163428
5477.747, 347.226974, 16.963318
3902.079, 347.240352, 16.979599
4591.659, 347.348910, 17.119951
5759.222, 347.331844, 17.097366
26413.426, 347.213680, 16.941188
12266.032, 347.206707, 16.933498
3877.252, 347.201841, 16.927435
7316.084, 347.425333, 17.216919
2722.570, 347.421802, 17.213124
6512.906, 347.434416, 17.228058
3123.619, 347.347350, 17.113844
7731.864, 347.249601, 16.986095
2732.577, 347.373270, 17.147193
3470.449, 347.291247, 17.040292
2355.862, 347.386837, 17.163809
3082.681, 347.309294, 17.063197
10347.915, 347.442762, 17.235674
7289.710, 347.361006, 17.127582
3081.606, 347.350201, 17.114298
5069.154, 347.278815, 17.020419
1900.878, 347.395128, 17.171700
3853.865, 347.372992, 17.142476
2396.140, 347.355948, 17.120569
5038.307, 347.276461, 17.016399
6141.996, 347.410290, 17.189602
13126.905, 347.327926, 17.081398
5787.717, 347.219237, 16.940887
5429.088, 347.420222, 17.201610
2703.505, 347.384745, 17.155798
9581.513, 347.299309, 17.042261
4652.949, 347.250644, 16.980958
9275.505, 347.408987, 17.184921
3466.415, 347.392739, 17.165514
17283.836, 347.229667, 16.950942
3115.047, 347.413760, 17.191796
17316.376, 347.276987, 17.011936
15002.289, 347.227444, 16.947585
3145.414, 347.210937, 16.927126
3890.543, 347.449842, 17.237547
12742.576, 347.378380, 17.144122
9951.864, 347.397480, 17.168169
31238.879, 347.367374, 17.127507
3925.433, 347.360317, 17.120054
3447.769, 347.448732, 17.234370
7736.862, 347.453600, 17.238655
7647.320, 347.321017, 17.065994
19610.916, 347.308989, 17.048335
4656.660, 347.202826, 16.913373
13902.774, 347.385129, 17.148523
3857.395, 347.304843, 17.045382
2318.140, 347.444517, 17.226426
5744.855, 347.267764, 16.996000
2349.315, 347.227105, 16.943828
7717.122, 347.452229, 17.235455
4655.484, 347.430846, 17.207654
9225.180, 347.328521, 17.073888
5025.566, 347.320019, 17.063651
1939.146, 347.281125, 17.012082
3110.019, 347.244227, 16.964067
8477.902, 347.208349, 16.916999
12703.267, 347.399360, 17.162654
6706.872, 347.403683, 17.168863
11520.461, 347.395523, 17.156323
2715.556, 347.317693, 17.056201
42665.245, 347.294355, 17.023126
11167.886, 347.277767, 17.003096
3088.587, 347.229962, 16.942203
9633.100, 347.429735, 17.200346
56377.752, 347.243636, 16.955139
3542.453, 347.453282, 17.231177
5377.473, 347.362148, 17.111130
11501.228, 347.447737, 17.221650
10753.043, 347.445458, 17.219167
4994.457, 347.382777, 17.138046
4980.733, 347.375248, 17.127220
2368.551, 347.355328, 17.101551
19168.374, 347.220014, 16.923764
29090.037, 347.214425, 16.914325
6173.730, 347.343944, 17.083993
8503.931, 347.313129, 17.044207
11967.140, 347.431756, 17.197059
3049.192, 347.247094, 16.957277
4611.712, 347.254099, 16.965091
6981.607, 347.240689, 16.947404
2310.881, 347.441057, 17.207675
13543.239, 347.406919, 17.162836
7753.909, 347.298249, 17.019816
14551.309, 347.295940, 17.016545
6603.617, 347.287738, 17.007332
1956.292, 347.459066, 17.230192
6577.794, 347.348652, 17.085281
3844.794, 347.236882, 16.940305
3481.786, 347.345471, 17.080817
5810.981, 347.331222, 17.061862
3523.133, 347.253196, 16.960624
17712.009, 347.452462, 17.216193
18845.817, 347.442193, 17.203547
5078.922, 347.371569, 17.113442
3945.496, 347.260325, 16.968659
12299.914, 347.250354, 16.955590
1969.065, 347.376806, 17.119828
8526.301, 347.413534, 17.166202
5736.173, 347.364691, 17.102708
3818.360, 347.241346, 16.942732
8855.939, 347.426262, 17.181395
4958.895, 347.342411, 17.071373
8031.533, 347.248682, 16.949803
2689.317, 347.408138, 17.157296
6930.099, 347.293118, 17.007472
3490.521, 347.255963, 16.959418
10051.220, 347.225222, 16.918638
3484.497, 347.435163, 17.191157
9642.549, 347.272958, 16.979719
49551.398, 347.332033, 17.052631
1907.571, 347.466390, 17.230304
3104.714, 347.403833, 17.149016
5376.587, 347.392136, 17.132938
30233.706, 347.354753, 17.082239
6164.183, 347.327527, 17.048426
3867.385, 347.317064, 17.035912
2725.801, 347.216897, 16.906082
4970.987, 347.464041, 17.225842
5823.198, 347.415247, 17.162960
2008.768, 347.441430, 17.197009
6200.474, 347.435881, 17.188669
3435.962, 347.230791, 16.922486
1967.981, 347.343831, 17.068679
2721.040, 347.299872, 17.010896
11179.405, 347.342561, 17.064850
3874.697, 347.292497, 17.000695
7718.043, 347.308298, 17.020035
9678.375, 347.455546, 17.211084
10385.236, 347.411477, 17.152647
2732.651, 347.303912, 17.013963
2301.220, 347.276954, 16.978875
8169.439, 347.429961, 17.175867
12370.383, 347.296365, 17.001787
17291.948, 347.274093, 16.971710
6183.322, 347.249225, 16.941613
5770.994, 347.329681, 17.046411
41550.235, 347.257362, 16.948963
11580.398, 347.352963, 17.073622
12023.957, 347.264400, 16.960085
9513.513, 347.217952, 16.897967
2370.931, 347.468551, 17.225903
3456.881, 347.364967, 17.090753
73778.539, 347.233437, 16.912269
8503.683, 347.396442, 17.129808
2340.035, 347.383753, 17.114798
3876.571, 347.317502, 17.028083
4603.953, 347.427470, 17.170428
18417.774, 347.400654, 17.132940
31017.744, 347.301099, 17.004242
8479.690, 347.242839, 16.930166
1950.931, 347.425270, 17.167570
2382.782, 347.417226, 17.156584
9181.050, 347.412571, 17.149506
2335.328, 347.313732, 17.022113
26056.436, 347.281627, 16.977052
1877.824, 347.310517, 17.017530
10012.426, 347.368548, 17.090899
3831.153, 347.293816, 16.994498
12716.832, 347.408120, 17.140194
2323.516, 347.388164, 17.116002
2285.681, 347.375835, 17.099711
6964.622, 347.358019, 17.075656
28442.097, 347.243466, 16.924938
8143.986, 347.451519, 17.196585
1961.578, 347.363049, 17.081908
2341.215, 347.385982, 17.111163
4998.659, 347.254530, 16.940265
6155.232, 347.216888, 16.891107
2673.440, 347.447803, 17.191255
6612.749, 347.441778, 17.182603
7814.885, 347.439238, 17.179012
3581.019, 347.384748, 17.108615
10354.219, 347.382092, 17.104778
10327.816, 347.238662, 16.917704
4218.469, 347.449776, 17.192733
1973.195, 347.355631, 17.070712
2780.772, 347.227693, 16.904013
19513.356, 347.403323, 17.127614
3073.313, 347.344429, 17.054512
2758.904, 347.259708, 16.945019
11952.659, 347.464710, 17.209615
22984.679, 347.370117, 17.087052
5430.657, 347.327452, 17.031050
13435.091, 347.474504, 17.221240
52577.108, 347.362543, 17.073804
2329.429, 347.340632, 17.048346
6166.110, 347.320197, 17.020727
14588.444, 347.309589, 17.006548
5379.561, 347.291653, 16.984368
22172.155, 347.254788, 16.933930
7330.399, 347.379459, 17.097478
17569.786, 347.218894, 16.886805
12291.560, 347.469760, 17.213908
4581.741, 347.420311, 17.149729
2345.507, 347.261819, 16.944157
5313.327, 347.239191, 16.914655
2728.009, 347.438402, 17.173217
25300.108, 347.433978, 17.164566
6953.380, 347.355583, 17.063863
2367.716, 347.456081, 17.194627
8874.960, 347.397003, 17.116873
2725.761, 347.391520, 17.110262
3840.408, 347.368077, 17.079622
2698.615, 347.459219, 17.197993
1952.164, 347.294237, 16.983907
8529.147, 347.410383, 17.132379
3884.501, 347.361045, 17.069080
19544.714, 347.349694, 17.051079
38269.818, 347.241178, 16.911011
29258.548, 347.306890, 16.995931
10381.825, 347.468328, 17.206855
3442.053, 347.463376, 17.201161
2673.768, 347.446114, 17.179156
25478.719, 347.384152, 17.095288
1909.064, 347.270575, 16.951056
11083.718, 347.249572, 16.921808
6917.091, 347.360205, 17.065691
8847.570, 347.356514, 17.059910
19272.161, 347.341223, 17.039013
90994.998, 347.261269, 16.932651
6535.353, 347.400755, 17.117379
13866.753, 347.389427, 17.101557
11100.385, 347.377974, 17.087022
10073.800, 347.278634, 16.956451
9266.909, 347.265100, 16.940619
3084.570, 347.220995, 16.883744
6163.772, 347.428511, 17.152274
76250.800, 347.241905, 16.902431
7263.286, 347.431879, 17.156017
2318.730, 347.326213, 17.019790
2374.233, 347.464223, 17.198202
8076.342, 347.441130, 17.166319
7312.512, 347.437208, 17.161660
9933.855, 347.464091, 17.195072
6997.008, 347.414711, 17.132357
1958.314, 347.398701, 17.111874
7259.521, 347.335744, 17.028895
3077.968, 347.319464, 17.008485
7635.711, 347.226278, 16.886905
15013.361, 347.412752, 17.126798
4550.532, 347.355285, 17.054200
9255.012, 347.422250, 17.139619
6578.861, 347.345819, 17.040485
1977.615, 347.388291, 17.096068
3503.113, 347.363726, 17.063932
13816.516, 347.247852, 16.913044
10784.564, 347.316351, 17.000526
4653.601, 347.462725, 17.190988
1990.155, 347.331332, 17.020639
13865.265, 347.458585, 17.182234
6082.137, 347.374601, 17.075036
15871.047, 347.302539, 16.980319
12716.245, 347.279359, 16.949074
3112.114, 347.484900, 17.217461
6979.423, 347.472964, 17.201070
5378.801, 347.467674, 17.194004
3075.841, 347.439084, 17.157694
2377.944, 347.364880, 17.061315
5481.532, 347.356971, 17.050522
6559.530, 347.299739, 16.975858
6172.186, 347.482703, 17.213117
13135.806, 347.393295, 17.095789
3830.364, 347.254204, 16.916391
3819.096, 347.463565, 17.188075
3857.159, 347.308301, 16.985865
7364.898, 347.237334, 16.893549
22900.974, 347.477553, 17.203844
10695.808, 347.345133, 17.032094
11158.913, 347.453592, 17.170852
9206.691, 347.400743, 17.103822
8853.267, 347.396339, 17.098757
8434.371, 347.310829, 16.987895
2288.431, 347.281909, 16.950660
3094.611, 347.449312, 17.167670
3809.840, 347.402379, 17.106199
5393.039, 347.242723, 16.898601
5776.842, 347.351195, 17.037545
4658.335, 347.291154, 16.961339
3487.750, 347.268323, 16.931606
26078.101, 347.470220, 17.188773
3451.925, 347.447584, 17.164008
10378.211, 347.408079, 17.111586
4597.648, 347.368883, 17.061037
6957.664, 347.305936, 16.978819
7697.957, 347.297672, 16.968655
4276.564, 347.230448, 16.881375
4688.601, 347.260272, 16.919276
8546.021, 347.426890, 17.134865
3448.640, 347.344878, 17.028912
5000.976, 347.334093, 17.014767
6116.101, 347.304198, 16.975390
22941.328, 347.258879, 16.914698
7725.776, 347.475186, 17.197548
27439.427, 347.360905, 17.045616
6882.401, 347.272551, 16.933084
4260.861, 347.268380, 16.928564
29938.392, 347.237845, 16.887357
42965.381, 347.445678, 17.155596
56971.016, 347.420264, 17.118205
21541.468, 347.382119, 17.072281
1986.778, 347.301911, 16.971488
5846.454, 347.376233, 17.066313
6208.309, 347.331934, 17.008227
12352.998, 347.247907, 16.898262
10282.362, 347.465461, 17.180639
9978.973, 347.461890, 17.177151
2279.821, 347.457921, 17.172240
4279.687, 347.422606, 17.126420
117667.554, 347.392246, 17.081214
1877.064, 347.362962, 17.048852
21887.783, 347.315117, 16.983664
5073.495, 347.379982, 17.069030
1948.442, 347.336693, 17.014587
2331.127, 347.373604, 17.061799
3502.057, 347.342525, 17.020646
24588.212, 347.328890, 17.001207
11452.421, 347.306546, 16.971782
6965.139, 347.474635, 17.191399
15333.261, 347.428064, 17.127992
7369.940, 347.416163, 17.115703
3057.938, 347.406330, 17.103459
8091.418, 347.370094, 17.055577
6586.169, 347.367612, 17.052529
5343.185, 347.273996, 16.930823
9927.278, 347.234565, 16.878165
11638.890, 347.487167, 17.205919
2733.632, 347.484221, 17.202854
2317.384, 347.456397, 17.166854
13085.970, 347.346604, 17.022946
9933.207, 347.481995, 17.198296
7230.626, 347.451238, 17.158801
11817.865, 347.423073, 17.121893
4657.772, 347.340546, 17.014914
11104.802, 347.303830, 16.967343
2728.257, 347.278872, 16.935522
3803.952, 347.490452, 17.209735
3100.406, 347.260772, 16.911213
20379.341, 347.244977, 16.889617
15660.991, 347.462598, 17.170174
3162.985, 347.406727, 17.100394
26116.244, 347.379471, 17.062058
4621.981, 347.337036, 17.009817
4255.980, 347.446947, 17.150962
17974.297, 347.435908, 17.135545
19900.908, 347.276584, 16.926303
29669.515, 347.451147, 17.153381
31077.374, 347.405774, 17.094733
3091.469, 347.319481, 16.984887
50288.353, 347.419360, 17.109779
4985.315, 347.399955, 17.088689
6558.122, 347.369552, 17.048226
9752.193, 347.255943, 16.899990
26772.418, 347.482217, 17.193344
4232.090, 347.460358, 17.166098
10773.114, 347.388286, 17.072050
102692.767, 347.293011, 16.938645
6987.888, 347.384801, 17.067237
1988.246, 347.465821, 17.172649
10357.656, 347.374135, 17.052329
3067.490, 347.334457, 17.001367
93107.891, 347.358253, 17.025326
53214.743, 347.353235, 17.020156
3111.252, 347.325181, 16.988621
4237.693, 347.322109, 16.984328
61911.678, 347.318304, 16.973569
8909.690, 347.301450, 16.955193
5005.542, 347.246633, 16.886373
3129.899, 347.495136, 17.209036
1892.547, 347.432706, 17.128046
6578.540, 347.333463, 16.998426
2319.473, 347.252827, 16.894332
93677.943, 347.478024, 17.181240
65282.366, 347.441661, 17.130682
2668.846, 347.328202, 16.991217
11892.325, 347.416290, 17.103714
8004.628, 347.398833, 17.081990
3105.052, 347.344452, 17.011555
13429.168, 347.385832, 17.063695
2252.666, 347.367064, 17.039738
5012.020, 347.264996, 16.907143
8434.722, 347.458256, 17.157074
2712.570, 347.450157, 17.148052
3879.874, 347.446927, 17.143669
58618.250, 347.390836, 17.063697
3104.118, 347.312920, 16.969003
10404.416, 347.463326, 17.161666
7284.299, 347.343513, 17.007634
146501.942, 347.348640, 16.995327
19891.072, 347.486731, 17.190082
22352.665, 347.490117, 17.194721
38368.604, 347.413200, 17.092894
3530.915, 347.301456, 16.951947
4231.308, 347.296474, 16.945547
10409.252, 347.280990, 16.924799
9220.871, 347.278446, 16.920860
5399.858, 347.403423, 17.083542
14988.848, 347.365971, 17.034008
3776.483, 347.397061, 17.074984
4984.209, 347.376291, 17.047480
1954.320, 347.328940, 16.986730
8105.067, 347.307973, 16.957902
4612.294, 347.255067, 16.890255
22313.604, 347.246474, 16.876487
4981.147, 347.363846, 17.030399
2730.537, 347.335636, 16.994599
5367.740, 347.325517, 16.980789
26070.235, 347.500316, 17.204873
10803.846, 347.454559, 17.147325
18782.409, 347.338912, 16.996785
30376.554, 347.314314, 16.962381
1910.742, 347.256886, 16.891829
1927.626, 347.474571, 17.173929
2326.342, 347.396269, 17.072105
24961.374, 347.436395, 17.117925
7708.055, 347.426660, 17.109137
5820.604, 347.322618, 16.974674
5407.613, 347.460011, 17.153113
5431.663, 347.420395, 17.101510
3460.298, 347.430831, 17.114664
9648.471, 347.401739, 17.076212
4205.018, 347.371709, 17.038032
8447.976, 347.242111, 16.868995
3516.358, 347.448437, 17.136948
4996.864, 347.256299, 16.887028
31432.561, 347.252844, 16.879742
4264.326, 347.262152, 16.893882
3542.070, 347.416273, 17.094027
62217.208, 347.384182, 17.044435
10771.910, 347.268662, 16.900286
3455.382, 347.454926, 17.142949
2370.162, 347.307646, 16.951808
2753.123, 347.481079, 17.176657
5755.637, 347.410573, 17.084432
29735.032, 347.365512, 17.024480
8102.729, 347.355258, 17.012491
3887.784, 347.260466, 16.889838
14898.113, 347.487128, 17.182723
1966.948, 347.474825, 17.167970
4236.462, 347.459583, 17.148000
18955.169, 347.284732, 16.917865
17703.365, 347.378811, 17.040107
3497.127, 347.425084, 17.101833
3489.468, 347.395521, 17.063245
2305.812, 347.370458, 17.030731
27275.768, 347.308251, 16.947105
2672.141, 347.469138, 17.158324
9969.135, 347.404345, 17.072978
9624.235, 347.398450, 17.065352
6972.969, 347.336265, 16.985019
17260.953, 347.501537, 17.199237
4248.514, 347.321208, 16.965088
9555.888, 347.316389, 16.958239
9271.376, 347.281530, 16.912708
109246.684, 347.430317, 17.100733
11434.655, 347.389841, 17.052795
4285.898, 347.360451, 17.015048
8134.762, 347.261272, 16.885190
2258.461, 347.443490, 17.122974
9996.636, 347.420902, 17.091029
1941.874, 347.352320, 17.004221
5007.011, 347.340427, 16.989082
66557.806, 347.507814, 17.200367
11514.210, 347.264754, 16.888587
6068.428, 347.481610, 17.170253
31003.282, 347.335225, 16.978086
34733.911, 347.371280, 17.021472
2325.588, 347.343541, 16.990855
5714.286, 347.276723, 16.903718
19963.410, 347.270959, 16.894330
5736.735, 347.341716, 16.987320
14596.854, 347.313690, 16.949576
8535.300, 347.412156, 17.077910
5423.368, 347.325297, 16.965399
8427.248, 347.291946, 16.921879
5099.924, 347.460457, 17.140466
18519.962, 347.374079, 17.027491
10026.875, 347.332055, 16.972409
8457.919, 347.419213, 17.085806
50948.170, 347.366575, 17.014153
11941.569, 347.472128, 17.153981
18040.660, 347.416840, 17.081216
17359.982, 347.279134, 16.902445
31051.623, 347.277404, 16.897113
86752.885, 347.410493, 17.065629
15753.523, 347.390321, 17.044561
2345.810, 347.258076, 16.875969
10368.292, 347.503258, 17.192347
9579.707, 347.500764, 17.189155
8091.706, 347.317635, 16.951766
37075.829, 347.455664, 17.128354
2676.396, 347.425452, 17.091926
8874.745, 347.357876, 17.002946
46007.354, 347.322594, 16.954798
8476.587, 347.397569, 17.053732
21468.041, 347.268881, 16.885367
3890.946, 347.255214, 16.869248
7759.422, 347.447794, 17.118705
7657.425, 347.412659, 17.072184
60176.446, 347.463125, 17.132254
18185.212, 347.329727, 16.962229
3850.891, 347.302005, 16.929049
7338.716, 347.289851, 16.912635
7304.465, 347.384765, 17.034674
6908.090, 347.476579, 17.153787
3873.723, 347.467562, 17.142634
61458.133, 347.343997, 16.977390
15365.008, 347.309392, 16.934911
166951.376, 347.258824, 16.862878
3874.589, 347.485509, 17.165307
3486.945, 347.479229, 17.157434
22392.242, 347.453528, 17.122724
21951.599, 347.264390, 16.874326
2702.156, 347.388577, 17.038891
1945.448, 347.489733, 17.170104
28035.701, 347.496369, 17.174998
5773.599, 347.424142, 17.082985
6169.154, 347.414045, 17.069751
8799.270, 347.306006, 16.929225
4297.507, 347.266628, 16.878134
6229.055, 347.485087, 17.161689
6143.370, 347.303161, 16.925663
8476.287, 347.293451, 16.912605
2266.764, 347.277720, 16.892623
151339.444, 347.484141, 17.150390
2415.519, 347.334441, 16.965625
9922.423, 347.314301, 16.938034
1926.193, 347.439654, 17.102201
9714.364, 347.432509, 17.090534
1950.434, 347.408357, 17.061101
4272.737, 347.506294, 17.187457
34205.148, 347.471275, 17.139550
10006.175, 347.400526, 17.049127
4666.139, 347.446321, 17.108629
11595.442, 347.378057, 17.018750
1972.648, 347.338389, 16.969040
10796.528, 347.513601, 17.195435
3838.247, 347.504252, 17.183658
9650.115, 347.489537, 17.163373
9248.364, 347.371006, 17.009754
79017.978, 347.303071, 16.915298
2684.625, 347.389768, 17.033932
48249.163, 347.463533, 17.125571
3455.073, 347.408052, 17.057198
29113.763, 347.383231, 17.021615
3432.869, 347.334480, 16.961501
1901.156, 347.313769, 16.935099
6237.774, 347.485685, 17.156682
1917.738, 347.431792, 17.087072
25397.837, 347.328005, 16.948887
5026.637, 347.293741, 16.907160
4220.389, 347.370090, 17.005641
16810.461, 347.270894, 16.874597
6189.464, 347.504164, 17.178683
4680.489, 347.441464, 17.097467
10780.698, 347.509744, 17.184689
29661.245, 347.446136, 17.100476
9197.034, 347.355570, 16.984327
1907.857, 347.332653, 16.955863
2740.972, 347.490242, 17.160035
17318.147, 347.362728, 16.992159
10416.498, 347.518068, 17.192853
2703.472, 347.476086, 17.140010
5356.299, 347.426930, 17.075792
24533.330, 347.421718, 17.067046
6595.529, 347.414895, 17.060079
13385.092, 347.372341, 17.001890
5371.193, 347.368583, 16.999154
5354.768, 347.344698, 16.968378
3472.733, 347.324928, 16.942495
5060.137, 347.309116, 16.921745
4224.640, 347.278157, 16.881871
26991.489, 347.408232, 17.046482
3894.548, 347.402578, 17.043083
3145.210, 347.359470, 16.986353
7271.153, 347.292464, 16.899495
48666.489, 347.460143, 17.112826
10148.730, 347.400779, 17.039345
2287.473, 347.373402, 17.004586
8384.791, 347.391532, 17.026851
24915.338, 347.351619, 16.973508
8517.678, 347.319032, 16.931536
2693.843, 347.502512, 17.170887
23836.908, 347.289146, 16.890347
9611.510, 347.451329, 17.102972
29616.819, 347.414992, 17.054325
4241.527, 347.395011, 17.030193
10751.740, 347.333851, 16.949981
3518.264, 347.514694, 17.185394
9270.171, 347.495730, 17.158774
19563.804, 347.472725, 17.128058
3450.218, 347.266263, 16.862017
6167.663, 347.518557, 17.188443
1907.553, 347.506465, 17.173930
3444.554, 347.456447, 17.108352
26036.988, 347.478515, 17.134436
10821.306, 347.439989, 17.085583
10024.021, 347.379463, 17.006820
9673.392, 347.398045, 17.030799
4273.661, 347.370268, 16.995063
11149.478, 347.286491, 16.885622
3879.411, 347.283033, 16.881588
3859.853, 347.499339, 17.162414
11928.793, 347.455943, 17.104942
39246.937, 347.435831, 17.077868
6548.780, 347.294602, 16.895458
5420.631, 347.503094, 17.166495
4192.255, 347.467034, 17.119279
2727.473, 347.346192, 16.962501
4605.601, 347.297322, 16.899149
6802.229, 347.281836, 16.878245
2378.143, 347.268901, 16.862409
2674.229, 347.471147, 17.124519
1909.913, 347.443417, 17.088298
10832.167, 347.426608, 17.066087
3420.350, 347.327509, 16.937762
3823.114, 347.512125, 17.176938
2733.913, 347.505990, 17.169100
1962.783, 347.384038, 17.011010
2355.840, 347.494303, 17.153549
1896.616, 347.453468, 17.100549
2710.436, 347.387738, 17.015090
