# Source Fluxes and Coordinates
# Flux (e-/s), RA (deg), Dec (deg)
5323.358, 347.422557, 17.042775
3735.952, 347.312264, 16.904222
3351.226, 347.302118, 16.894612
3327.756, 347.276424, 16.862097
20801.812, 347.443601, 17.080964
85239.193, 347.436967, 17.075859
5433.917, 347.294141, 16.896873
3723.108, 347.303807, 16.910289
5441.008, 347.460057, 17.113112
4663.422, 347.449396, 17.100424
180951.240, 347.258553, 16.862462
10830.432, 347.445439, 17.099693
46923.818, 347.483349, 17.152083
6702.626, 347.249444, 16.852797
3264.816, 347.284125, 16.896581
5471.265, 347.300434, 16.918493
2492.866, 347.440459, 17.098689
32239.743, 347.466752, 17.134798
3283.193, 347.272916, 16.885464
5810.123, 347.282741, 16.901207
44310.129, 347.352109, 16.993130
7090.468, 347.270369, 16.886321
2544.343, 347.441459, 17.105505
3305.307, 347.317226, 16.947492
5750.254, 347.366012, 17.013578
2487.448, 347.386521, 17.040411
44526.257, 347.422207, 17.088961
4616.644, 347.290817, 16.918740
5860.544, 347.318429, 16.955214
7549.363, 347.321027, 16.958901
7989.148, 347.271741, 16.898437
2519.065, 347.300350, 16.934317
14574.318, 347.430902, 17.102804
4987.693, 347.426184, 17.097129
15896.880, 347.364852, 17.022853
2513.449, 347.327173, 16.973724
10805.754, 347.260337, 16.890656
2486.804, 347.332820, 16.982928
3746.680, 347.441979, 17.123281
2102.853, 347.404689, 17.080745
5410.524, 347.430410, 17.114906
9547.758, 347.265735, 16.908048
4165.109, 347.378215, 17.051032
3273.748, 347.280525, 16.926317
51288.733, 347.477136, 17.181528
13331.785, 347.355874, 17.025820
97564.488, 347.392211, 17.079925
2912.308, 347.249401, 16.893665
2935.852, 347.404517, 17.102429
2543.097, 347.235556, 16.889294
3422.777, 347.241274, 16.897659
4583.521, 347.217602, 16.868457
147552.373, 347.261779, 16.932972
2122.386, 347.398717, 17.101432
2942.868, 347.267507, 16.938344
3788.662, 347.239366, 16.904313
8446.793, 347.369231, 17.072266
5867.235, 347.245178, 16.915041
4193.399, 347.220544, 16.884190
7537.358, 347.253438, 16.927703
10354.052, 347.209723, 16.873983
68464.526, 347.233017, 16.912319
4171.146, 347.239801, 16.915479
18642.711, 347.346078, 17.052498
62137.904, 347.258614, 16.949137
4579.513, 347.220514, 16.899320
3680.331, 347.251234, 16.938219
6689.255, 347.301422, 17.003812
6066.687, 347.333795, 17.045943
9990.313, 347.279309, 16.977067
3379.666, 347.391242, 17.119282
5869.778, 347.436692, 17.179091
5831.185, 347.317781, 17.028973
3311.465, 347.229922, 16.916366
17008.370, 347.237100, 16.927317
4589.134, 347.322258, 17.035692
22610.598, 347.200575, 16.882330
63144.363, 347.332084, 17.052800
9161.224, 347.265414, 16.968417
4591.236, 347.408236, 17.149206
2584.826, 347.292758, 17.002594
2982.134, 347.381392, 17.118079
2537.549, 347.296111, 17.010231
5041.459, 347.304744, 17.023603
4604.712, 347.228446, 16.929377
2536.498, 347.397689, 17.145802
3383.850, 347.201436, 16.897292
67580.223, 347.243795, 16.955234
4998.902, 347.249807, 16.959703
4519.505, 347.365613, 17.111756
2072.810, 347.287160, 17.011727
3297.393, 347.202483, 16.904002
5843.270, 347.213940, 16.921037
2112.029, 347.190301, 16.891606
3788.857, 347.334598, 17.076654
7880.370, 347.201357, 16.910713
2909.548, 347.196380, 16.907567
9085.863, 347.193712, 16.911914
2478.209, 347.190149, 16.907247
3766.555, 347.411707, 17.191417
2544.695, 347.338760, 17.100694
2521.576, 347.177961, 16.895464
7089.196, 347.218626, 16.948792
2492.002, 347.198655, 16.922966
11623.955, 347.353186, 17.124528
4582.264, 347.264923, 17.012186
4574.859, 347.193156, 16.920789
6203.114, 347.183865, 16.911311
4569.624, 347.221869, 16.959721
5447.793, 347.230309, 16.973101
2497.763, 347.194140, 16.927231
5724.129, 347.172783, 16.901397
2090.875, 347.174800, 16.903841
9504.506, 347.293274, 17.058502
8741.170, 347.191667, 16.930519
2121.867, 347.206745, 16.949014
3350.488, 347.265405, 17.025072
2463.074, 347.267644, 17.028681
3375.542, 347.169978, 16.905910
4562.512, 347.188775, 16.929770
3442.570, 347.293557, 17.063806
2490.967, 347.246727, 17.006092
2115.401, 347.229129, 16.984698
3335.191, 347.295247, 17.069529
8319.929, 347.177199, 16.919338
2515.225, 347.188233, 16.933359
4594.171, 347.171236, 16.912824
2556.904, 347.196480, 16.944596
3795.027, 347.201795, 16.950965
23709.094, 347.382704, 17.187465
4968.714, 347.232983, 16.994971
83128.270, 347.339497, 17.137199
24553.506, 347.260236, 17.033755
11297.415, 347.296290, 17.079608
7079.158, 347.185809, 16.938433
23481.043, 347.304897, 17.092367
10404.826, 347.159658, 16.907388
44850.443, 347.384725, 17.196490
3729.449, 347.174315, 16.925235
4581.817, 347.261602, 17.038814
18817.409, 347.409295, 17.231360
95007.400, 347.179839, 16.942300
2890.052, 347.159416, 16.912356
7162.611, 347.343963, 17.149556
6301.632, 347.193337, 16.957482
8299.308, 347.172942, 16.932171
3740.278, 347.244807, 17.023638
75743.632, 347.328608, 17.136068
3317.439, 347.199806, 16.967823
9571.523, 347.173657, 16.937362
163634.354, 347.340194, 17.155915
17453.775, 347.170159, 16.934620
4154.501, 347.187743, 16.956203
12191.498, 347.150778, 16.912558
4176.660, 347.363033, 17.181544
7166.508, 347.244202, 17.030744
13951.730, 347.226458, 17.009883
2117.232, 347.161400, 16.925576
4097.219, 347.296098, 17.099349
11761.490, 347.172384, 16.943015
4664.721, 347.228658, 17.016435
2093.963, 347.235478, 17.024487
9233.419, 347.250590, 17.044925
2102.400, 347.198535, 16.979580
40027.330, 347.324559, 17.145947
3761.126, 347.169873, 16.945311
3746.958, 347.269792, 17.073649
21286.434, 347.149543, 16.922486
7900.278, 347.170339, 16.948664
2478.666, 347.369029, 17.203471
2120.896, 347.156175, 16.932640
15542.778, 347.288788, 17.103693
3365.635, 347.163061, 16.942513
2962.113, 347.352777, 17.185233
2103.616, 347.214400, 17.008623
96629.041, 347.295330, 17.118149
5454.953, 347.155618, 16.936275
2913.165, 347.151966, 16.932371
5861.491, 347.159342, 16.942101
2954.707, 347.220432, 17.021110
30403.786, 347.206247, 17.005635
2489.752, 347.239533, 17.046172
3753.888, 347.212133, 17.012155
49243.384, 347.373811, 17.221456
10435.912, 347.168445, 16.957386
2089.118, 347.198854, 16.995964
39144.255, 347.359792, 17.205948
5427.324, 347.160674, 16.949664
18266.809, 347.215071, 17.020429
4178.351, 347.303550, 17.133053
48306.225, 347.351888, 17.198861
2601.105, 347.181108, 16.977551
18675.937, 347.167981, 16.966083
10402.344, 347.144437, 16.936672
36861.223, 347.192989, 17.001868
7065.523, 347.222194, 17.036860
2495.462, 347.210822, 17.022404
2492.403, 347.276491, 17.106438
5464.644, 347.383203, 17.243822
2478.520, 347.215045, 17.029427
7471.176, 347.159317, 16.961311
7148.496, 347.204097, 17.019029
3387.374, 347.275903, 17.110652
3790.479, 347.296923, 17.138001
31526.136, 347.146207, 16.950238
4611.595, 347.383100, 17.248508
4996.930, 347.226739, 17.049871
2501.926, 347.231755, 17.055539
2925.333, 347.155394, 16.959056
5029.417, 347.235140, 17.062757
2952.234, 347.296679, 17.140707
31357.943, 347.365917, 17.232508
7964.804, 347.205274, 17.026566
4207.371, 347.198707, 17.016878
2542.145, 347.242173, 17.073171
23767.573, 347.299250, 17.147571
7494.820, 347.212914, 17.038840
53631.737, 347.217486, 17.048065
13762.556, 347.236055, 17.069975
3796.163, 347.367673, 17.236933
6673.546, 347.141760, 16.948338
2924.285, 347.200888, 17.023885
3738.662, 347.243676, 17.079513
6647.599, 347.195097, 17.018319
13299.346, 347.176401, 16.995364
9567.098, 347.155206, 16.970401
5457.321, 347.201343, 17.032766
2485.201, 347.198402, 17.030581
2525.210, 347.253366, 17.101598
8347.286, 347.143559, 16.962418
6241.245, 347.188875, 17.020735
8228.534, 347.121268, 16.935923
125594.393, 347.129046, 16.951653
2481.395, 347.156935, 16.980567
3320.076, 347.160670, 16.987693
2533.939, 347.174030, 17.005543
494056.581, 347.271126, 17.139064
2541.713, 347.122026, 16.940906
9548.698, 347.231081, 17.084305
7049.517, 347.293297, 17.164458
9194.542, 347.213546, 17.063714
4191.271, 347.136855, 16.966794
2102.371, 347.188957, 17.033433
5362.349, 347.210808, 17.061540
2058.486, 347.258001, 17.122045
3768.589, 347.158326, 16.998189
2480.331, 347.176459, 17.021018
5000.756, 347.199764, 17.050723
2052.055, 347.219721, 17.076114
2905.063, 347.277532, 17.150228
3351.442, 347.119741, 16.950981
14993.824, 347.110927, 16.942183
10785.221, 347.139699, 16.977372
2108.113, 347.325120, 17.214219
4635.410, 347.247096, 17.117668
5823.796, 347.131382, 16.970540
25167.335, 347.204371, 17.067669
3358.426, 347.242198, 17.112746
8271.944, 347.133279, 16.974191
2474.306, 347.188598, 17.045120
29631.352, 347.233294, 17.104620
10315.015, 347.178425, 17.033820
4980.813, 347.148617, 16.998094
164776.586, 347.195719, 17.063646
10315.358, 347.150665, 17.002578
3350.485, 347.131314, 16.977144
2950.196, 347.135493, 16.982608
8707.721, 347.179473, 17.038958
144474.619, 347.204654, 17.077711
4625.405, 347.143061, 16.993402
3323.637, 347.216691, 17.088276
4218.649, 347.229141, 17.105665
3311.928, 347.328480, 17.231961
4138.530, 347.223891, 17.099285
10418.429, 347.123162, 16.972772
2513.565, 347.120211, 16.967366
6668.451, 347.112469, 16.960375
4137.812, 347.140621, 16.998336
2941.777, 347.226855, 17.108517
38968.987, 347.305801, 17.211724
11138.053, 347.135696, 16.993067
7889.091, 347.122376, 16.977321
2947.877, 347.268030, 17.163979
4610.974, 347.120064, 16.976055
12028.511, 347.124956, 16.982818
2074.519, 347.143455, 17.005354
6301.882, 347.178998, 17.051417
23556.091, 347.333788, 17.251004
4552.595, 347.190020, 17.066218
6234.007, 347.171706, 17.044830
3772.413, 347.168734, 17.041721
3422.219, 347.180463, 17.056679
11622.007, 347.107027, 16.964665
11212.370, 347.155259, 17.025836
18382.793, 347.161683, 17.035256
3795.288, 347.186596, 17.065050
30987.656, 347.131016, 16.996604
2029.922, 347.245028, 17.140442
17486.015, 347.357694, 17.286232
5451.108, 347.137161, 17.004988
3774.251, 347.193205, 17.076285
3378.123, 347.327503, 17.248422
28185.649, 347.106298, 16.968749
155904.679, 347.182980, 17.071970
2060.801, 347.181752, 17.064324
2090.793, 347.121782, 16.988349
11243.775, 347.145542, 17.021848
4587.993, 347.106219, 16.972361
27486.670, 347.196780, 17.090307
3776.359, 347.266754, 17.177582
3732.625, 347.140218, 17.016437
7040.313, 347.154120, 17.034764
5017.136, 347.214688, 17.111478
3767.380, 347.112414, 16.981817
2106.643, 347.269552, 17.181971
3389.044, 347.308573, 17.233848
2561.069, 347.165345, 17.051947
16934.608, 347.175944, 17.066412
7083.182, 347.203631, 17.102191
15813.798, 347.088843, 16.958311
4552.005, 347.197691, 17.095410
7138.657, 347.183835, 17.078659
5853.534, 347.233446, 17.142791
6616.858, 347.172755, 17.065605
5043.591, 347.165745, 17.057543
16945.111, 347.210295, 17.115991
7499.194, 347.106828, 16.984654
3750.793, 347.189608, 17.089587
46446.652, 347.312947, 17.251244
10776.741, 347.090857, 16.965760
3329.938, 347.099024, 16.975501
10301.242, 347.132681, 17.019457
2129.686, 347.191982, 17.094370
43527.040, 347.134200, 17.026886
14563.666, 347.146052, 17.040761
18772.293, 347.163438, 17.063455
15419.910, 347.169623, 17.070146
6659.732, 347.179625, 17.082033
44904.069, 347.290486, 17.226703
23201.316, 347.083972, 16.963266
2092.740, 347.095986, 16.976159
6221.119, 347.183351, 17.088094
2105.370, 347.186679, 17.092446
2105.751, 347.323867, 17.267504
4553.296, 347.152436, 17.050471
7868.267, 347.113952, 17.002017
4589.843, 347.120123, 17.009646
9274.835, 347.091955, 16.974719
2503.434, 347.212426, 17.127700
2925.198, 347.320671, 17.267288
4209.240, 347.188504, 17.099660
5028.217, 347.267465, 17.200562
3347.620, 347.137008, 17.033977
4639.543, 347.093642, 16.980685
11599.348, 347.097637, 16.986741
6295.264, 347.171484, 17.080476
4996.467, 347.202987, 17.120574
3748.088, 347.250244, 17.180603
5819.030, 347.109794, 17.002302
14155.382, 347.160820, 17.068563
3791.883, 347.181255, 17.093472
3786.091, 347.286256, 17.227694
2916.403, 347.105444, 16.996732
2509.570, 347.149013, 17.052116
8317.901, 347.082171, 16.968466
2090.756, 347.111948, 17.007413
7442.568, 347.268924, 17.208918
3740.112, 347.100683, 16.994343
7606.376, 347.148349, 17.055580
2908.060, 347.219197, 17.145919
6160.647, 347.140431, 17.046617
2064.066, 347.087691, 16.979296
2512.775, 347.117294, 17.018472
6703.369, 347.133691, 17.039704
9773.028, 347.255478, 17.195637
7511.570, 347.179921, 17.100443
5423.288, 347.220787, 17.153309
19432.188, 347.075295, 16.968097
4606.673, 347.321382, 17.282165
7449.810, 347.231981, 17.168829
5375.136, 347.096930, 16.997642
15730.750, 347.099812, 17.003724
46782.089, 347.285064, 17.241524
2094.364, 347.332853, 17.299996
12926.530, 347.079907, 16.978586
11979.698, 347.131516, 17.044179
7083.434, 347.088283, 16.990115
2929.874, 347.218167, 17.155316
7121.848, 347.303931, 17.265729
7506.023, 347.184982, 17.114441
2492.134, 347.280516, 17.236030
2532.343, 347.123824, 17.036551
3326.831, 347.203881, 17.140616
87484.288, 347.106837, 17.023505
10612.159, 347.324576, 17.296701
6619.686, 347.265742, 17.222845
4128.981, 347.091925, 17.000747
107545.691, 347.129643, 17.054514
15342.432, 347.136391, 17.058437
4163.991, 347.157338, 17.084704
16115.690, 347.165607, 17.096678
14942.546, 347.168993, 17.101418
3369.437, 347.093787, 17.003960
4161.782, 347.173779, 17.106844
5853.357, 347.279215, 17.242153
2012.328, 347.151289, 17.077870
2082.592, 347.198271, 17.138540
13358.099, 347.206718, 17.150093
3783.576, 347.067954, 16.972460
10367.937, 347.085444, 16.995536
7479.178, 347.100121, 17.015813
3394.226, 347.146376, 17.074166
71668.647, 347.154052, 17.088271
4585.023, 347.089635, 17.002461
36462.014, 347.120221, 17.044632
5892.673, 347.190428, 17.133214
4596.391, 347.089569, 17.005516
2881.833, 347.140785, 17.070799
10787.229, 347.171307, 17.110629
2908.750, 347.097335, 17.016905
5794.262, 347.219760, 17.174082
4146.533, 347.309421, 17.289849
40432.431, 347.119233, 17.049744
6644.831, 347.123649, 17.052516
9531.926, 347.101361, 17.026486
8698.885, 347.297125, 17.276324
5424.987, 347.098918, 17.022716
3760.831, 347.172983, 17.116999
190158.375, 347.215032, 17.180245
2526.270, 347.313048, 17.297714
8759.257, 347.104688, 17.032358
7474.536, 347.064104, 16.980997
4243.050, 347.071285, 16.990745
78227.568, 347.277684, 17.259073
50142.186, 347.238795, 17.209359
3341.222, 347.188135, 17.141997
120584.556, 347.125049, 17.068799
8734.850, 347.146678, 17.090644
5044.162, 347.196727, 17.156202
12038.716, 347.167101, 17.118760
2501.002, 347.201871, 17.162563
68220.456, 347.100032, 17.038748
9975.860, 347.146629, 17.093947
26992.385, 347.063653, 16.989661
123917.173, 347.289703, 17.283080
8775.084, 347.060606, 16.985083
21185.531, 347.111500, 17.050681
2099.740, 347.107004, 17.044129
15694.617, 347.118183, 17.060228
2134.527, 347.122726, 17.064232
3773.486, 347.136217, 17.083381
4664.054, 347.170148, 17.128224
2447.694, 347.177131, 17.137163
18173.969, 347.095261, 17.036163
53263.806, 347.138864, 17.093567
236176.336, 347.169109, 17.136863
4242.152, 347.128003, 17.078005
15441.434, 347.154711, 17.114730
6714.400, 347.077547, 17.015114
2054.201, 347.132776, 17.084867
3749.036, 347.058422, 16.991214
3381.173, 347.177081, 17.142620
5749.097, 347.060706, 16.994567
8758.330, 347.125097, 17.076781
23665.018, 347.313146, 17.321243
2098.122, 347.204211, 17.179615
8303.141, 347.064442, 17.002260
26549.761, 347.107274, 17.059267
3784.017, 347.077465, 17.019738
4506.203, 347.110460, 17.062092
16330.133, 347.304649, 17.311369
10421.190, 347.090446, 17.037729
2515.171, 347.094459, 17.041691
7879.726, 347.222560, 17.206445
3306.962, 347.282084, 17.283203
8283.237, 347.067754, 17.009165
5828.028, 347.132131, 17.092316
7508.233, 347.154637, 17.121178
2893.258, 347.187244, 17.162275
3339.793, 347.085849, 17.033275
7093.703, 347.101122, 17.053317
16574.876, 347.207465, 17.190720
6680.805, 347.216492, 17.201046
5050.921, 347.134196, 17.096177
2904.122, 347.297273, 17.304734
3349.763, 347.096390, 17.049807
504224.171, 347.214277, 17.214810
2934.426, 347.266786, 17.268673
2905.566, 347.048835, 16.990477
2885.425, 347.084771, 17.036247
13658.753, 347.210632, 17.198039
3405.709, 347.071743, 17.020194
6705.134, 347.306444, 17.321000
3790.897, 347.111627, 17.073141
2085.246, 347.247403, 17.246005
2084.478, 347.136216, 17.104817
2511.874, 347.223764, 17.216860
5862.779, 347.122801, 17.088554
2081.854, 347.159905, 17.136246
2466.869, 347.083362, 17.039075
21738.023, 347.052304, 17.004287
2512.682, 347.194534, 17.183266
7516.405, 347.169593, 17.153139
11198.344, 347.090814, 17.053204
10798.914, 347.063832, 17.021394
17373.280, 347.092417, 17.057640
10795.049, 347.126308, 17.101980
4191.579, 347.203164, 17.198274
14128.546, 347.135056, 17.113326
2953.112, 347.230887, 17.235016
2532.751, 347.186214, 17.178650
40858.581, 347.246325, 17.258399
4596.092, 347.160595, 17.146683
2963.736, 347.078193, 17.041323
4548.248, 347.067874, 17.029971
7824.672, 347.099277, 17.071174
6644.082, 347.043586, 16.999754
4540.272, 347.237362, 17.247921
11220.449, 347.153345, 17.143079
70444.093, 347.279708, 17.305616
2496.691, 347.065047, 17.028032
25811.004, 347.227249, 17.237972
19182.322, 347.036128, 16.994811
4611.242, 347.089826, 17.061211
19067.093, 347.051115, 17.015509
4148.191, 347.187836, 17.186850
68444.233, 347.296514, 17.329794
41723.850, 347.109636, 17.090919
5377.738, 347.132833, 17.118560
9990.496, 347.106072, 17.085095
2108.054, 347.122545, 17.105122
30668.760, 347.123330, 17.109447
9591.276, 347.076231, 17.049157
3764.898, 347.155115, 17.147683
5415.616, 347.216989, 17.228131
4193.167, 347.099044, 17.078333
3014.638, 347.255754, 17.278681
4173.385, 347.059044, 17.028685
7817.249, 347.144832, 17.139172
3357.570, 347.212298, 17.224331
2109.607, 347.223083, 17.237944
2895.413, 347.209783, 17.221901
4594.434, 347.039330, 17.004567
2945.571, 347.050020, 17.019568
5059.804, 347.084510, 17.065304
5015.232, 347.199274, 17.211910
4194.201, 347.059443, 17.033846
3697.767, 347.082150, 17.062671
15480.398, 347.061530, 17.038371
4174.107, 347.106611, 17.095705
4553.578, 347.031793, 17.000185
11716.444, 347.138610, 17.136856
13252.048, 347.113744, 17.106392
7309.303, 347.122266, 17.116834
2459.312, 347.034869, 17.005051
2449.018, 347.047176, 17.020813
13777.861, 347.068893, 17.050503
11699.518, 347.140581, 17.143028
2887.307, 347.042460, 17.016154
18297.917, 347.096404, 17.087263
5376.805, 347.038616, 17.013428
7459.686, 347.290262, 17.336253
6240.543, 347.052699, 17.033000
33747.187, 347.074946, 17.063902
17785.777, 347.085411, 17.075734
9593.800, 347.056015, 17.039304
38224.204, 347.115645, 17.117116
7967.569, 347.159100, 17.171023
4947.992, 347.166220, 17.180851
2945.919, 347.198180, 17.221147
2475.873, 347.101927, 17.098579
2895.669, 347.150177, 17.160193
5830.901, 347.044264, 17.025851
16223.199, 347.081222, 17.073874
2933.802, 347.119491, 17.122524
14152.032, 347.061049, 17.049484
4572.024, 347.066650, 17.055869
2076.404, 347.069151, 17.058487
6204.332, 347.048960, 17.033872
12126.193, 347.043043, 17.028676
2898.996, 347.142535, 17.155274
4252.422, 347.239506, 17.279265
3757.123, 347.054092, 17.043046
8783.161, 347.135818, 17.148502
2111.389, 347.036703, 17.021286
4158.893, 347.066308, 17.059277
12543.226, 347.022645, 17.005429
3808.209, 347.163913, 17.184957
4149.265, 347.060416, 17.053214
2939.597, 347.026034, 17.009722
3693.810, 347.131944, 17.145195
2487.433, 347.047986, 17.039085
6236.223, 347.074920, 17.074427
6712.195, 347.165633, 17.190649
21245.258, 347.063790, 17.061718
8398.130, 347.091293, 17.096520
4608.045, 347.033539, 17.023881
11230.861, 347.055285, 17.052561
89416.450, 347.132983, 17.155316
9203.818, 347.156233, 17.181225
2536.216, 347.115574, 17.129125
4150.004, 347.050204, 17.047436
10834.720, 347.085126, 17.095033
18700.630, 347.045653, 17.043575
2509.968, 347.149337, 17.175215
55679.170, 347.218473, 17.266398
4269.296, 347.093446, 17.104475
3759.253, 347.188693, 17.226623
13647.877, 347.019565, 17.011073
67080.569, 347.054230, 17.059729
21777.949, 347.023743, 17.023055
6291.395, 347.051039, 17.054062
3313.772, 347.158187, 17.192067
27899.060, 347.060586, 17.070815
4213.074, 347.091023, 17.108115
2047.036, 347.192473, 17.238084
4212.748, 347.248838, 17.310470
9939.345, 347.038098, 17.041435
20823.341, 347.043893, 17.050593
12856.418, 347.169858, 17.211757
11203.397, 347.016090, 17.016262
7493.310, 347.182404, 17.229817
2913.289, 347.215917, 17.272122
7476.347, 347.165479, 17.209447
3332.091, 347.097795, 17.122427
2934.293, 347.080122, 17.102011
2933.275, 347.227275, 17.290843
4161.056, 347.142765, 17.183356
2083.389, 347.020949, 17.028496
2490.752, 347.024280, 17.033873
4124.771, 347.072977, 17.096417
2074.624, 347.116269, 17.151802
79566.983, 347.193728, 17.254964
7532.110, 347.027126, 17.039929
92219.236, 347.090674, 17.125941
94362.054, 347.042533, 17.064176
3303.467, 347.095711, 17.128777
2121.390, 347.071682, 17.099205
10824.024, 347.073785, 17.102942
2115.980, 347.146701, 17.194914
26017.968, 347.142721, 17.192349
2458.667, 347.016890, 17.030667
14969.345, 347.020698, 17.038647
9961.949, 347.025007, 17.042843
4620.159, 347.029056, 17.048047
9106.792, 347.055188, 17.081775
7103.135, 347.012138, 17.027810
166849.743, 347.104703, 17.151961
12487.823, 347.035597, 17.058958
47369.376, 347.096527, 17.138512
6734.053, 347.230866, 17.308207
6685.362, 347.029066, 17.050944
7114.999, 347.032220, 17.055570
28093.341, 347.162330, 17.223452
7551.589, 347.051392, 17.080524
2118.646, 347.093901, 17.134158
4230.404, 347.247286, 17.330227
5795.180, 347.176540, 17.240675
6713.123, 347.100666, 17.145502
3799.875, 347.111724, 17.159614
17443.859, 347.041148, 17.073253
9927.718, 347.129759, 17.185150
2540.815, 347.133528, 17.189945
18325.090, 347.064939, 17.103282
7944.097, 347.135189, 17.192779
3332.596, 347.253394, 17.343839
20242.611, 347.112279, 17.165932
25730.449, 347.025850, 17.057505
4954.670, 347.087315, 17.133762
2542.962, 347.089571, 17.136699
2934.130, 347.185437, 17.258811
2877.942, 346.998237, 17.020512
7951.060, 347.050730, 17.087934
2923.022, 347.083459, 17.128595
9562.416, 347.213271, 17.296983
3752.560, 347.013536, 17.042265
74549.115, 347.014478, 17.050223
4565.923, 347.090048, 17.142170
2545.835, 347.189850, 17.269208
31119.802, 347.213758, 17.301996
12476.960, 347.003263, 17.032285
8405.394, 347.133091, 17.198818
4584.598, 347.140530, 17.208213
3760.275, 347.197375, 17.281497
9035.455, 347.071242, 17.121983
2888.921, 346.999449, 17.029860
10374.842, 347.019492, 17.056816
2901.912, 347.124520, 17.189886
3000.632, 347.149280, 17.221854
9098.636, 347.027349, 17.067792
2145.129, 347.055500, 17.103380
30924.448, 347.252237, 17.358332
5065.332, 347.029004, 17.071273
3354.317, 347.066418, 17.118239
16950.511, 347.037753, 17.083034
4986.394, 347.040075, 17.086464
2842.242, 347.102765, 17.166003
8787.361, 346.992736, 17.026580
2480.813, 346.996894, 17.031463
15791.047, 347.097353, 17.161503
2085.853, 347.214440, 17.309419
33841.684, 347.239881, 17.344830
6273.776, 347.053002, 17.105369
156296.373, 347.020571, 17.073552
6690.929, 347.103419, 17.170767
3778.147, 346.998883, 17.037793
133582.263, 347.001900, 17.046744
5418.325, 347.245890, 17.354295
16614.121, 347.081112, 17.144321
7010.517, 347.207256, 17.305316
7130.420, 347.212711, 17.312410
3415.934, 346.999673, 17.040317
8792.941, 347.025706, 17.074241
11277.055, 347.129673, 17.210004
7499.460, 347.179138, 17.272725
14193.114, 347.052724, 17.112063
5404.197, 347.067333, 17.130168
3383.350, 347.092123, 17.161789
2887.610, 347.159266, 17.247545
16663.464, 347.005050, 17.053420
3361.679, 347.243089, 17.356355
11728.526, 347.159827, 17.251586
41730.258, 347.054587, 17.121919
2990.199, 347.043667, 17.103786
12415.265, 347.118710, 17.201033
7104.666, 347.150201, 17.241042
7090.656, 347.106859, 17.186100
9344.210, 347.115675, 17.198001
3740.308, 347.154651, 17.247197
2941.908, 346.985175, 17.031468
2484.043, 347.086568, 17.160867
3302.242, 347.191124, 17.294752
4575.878, 347.050788, 17.117187
5480.498, 347.183016, 17.286760
8342.172, 347.086430, 17.164809
54338.321, 347.104672, 17.190206
2947.718, 347.002750, 17.057205
2930.411, 347.015116, 17.072831
3785.714, 347.121339, 17.209201
3741.749, 346.989267, 17.040387
3703.952, 346.992476, 17.045180
5006.912, 347.073383, 17.148629
2072.678, 347.008599, 17.065600
5811.978, 346.982175, 17.032976
2910.608, 347.045276, 17.114193
2512.863, 347.090994, 17.172315
6260.887, 347.155002, 17.256078
4172.873, 347.200362, 17.314051
3359.197, 347.063477, 17.140159
4137.236, 346.992021, 17.049330
15794.989, 346.998992, 17.059397
3732.838, 347.040599, 17.112348
6651.221, 347.205761, 17.324982
5412.389, 346.983441, 17.040386
2068.898, 346.987608, 17.045416
7453.094, 347.072914, 17.155315
10361.352, 347.148393, 17.252073
288917.136, 347.184315, 17.305066
4547.670, 347.000235, 17.062758
2518.510, 347.004094, 17.066588
12416.004, 347.014212, 17.081136
4626.194, 347.009623, 17.075012
61264.386, 347.138471, 17.243503
2965.008, 347.111465, 17.206002
19026.600, 346.987153, 17.048770
4149.776, 347.055981, 17.135854
8717.556, 347.083109, 17.172741
14536.869, 346.975777, 17.038004
2522.160, 347.058836, 17.140553
7524.268, 347.064325, 17.148238
10837.874, 347.027734, 17.102045
2479.639, 347.073368, 17.160428
2874.649, 347.095955, 17.189138
5422.178, 347.146404, 17.254712
7035.465, 347.024481, 17.098951
4541.479, 347.048707, 17.129985
3402.073, 347.055758, 17.139307
8757.538, 347.027623, 17.105525
2528.309, 347.031770, 17.110087
3343.903, 346.988979, 17.057201
3325.556, 347.069028, 17.160628
11999.928, 347.106535, 17.209976
3720.661, 347.125031, 17.232831
2978.940, 347.149835, 17.264853
8373.281, 347.037434, 17.122061
12482.664, 346.999117, 17.075204
178413.879, 347.052591, 17.157565
159224.290, 347.133984, 17.255697
11957.981, 347.031491, 17.116379
5433.972, 347.089398, 17.190351
9629.707, 347.110525, 17.217390
18264.125, 346.980375, 17.052504
2139.951, 347.010757, 17.090282
60655.487, 347.185867, 17.318576
5843.684, 346.988565, 17.064511
5451.586, 347.082232, 17.183418
6693.535, 347.101871, 17.208772
2526.716, 347.105147, 17.212668
2942.455, 347.118847, 17.229844
2071.502, 346.983501, 17.056975
17394.621, 347.047012, 17.139327
14223.630, 347.167437, 17.293506
8388.311, 347.193071, 17.326467
3817.470, 346.987074, 17.062725
5838.398, 347.000439, 17.080149
5430.557, 347.125578, 17.240125
4168.737, 347.011085, 17.095703
35288.197, 347.207806, 17.350724
7892.037, 347.105088, 17.217286
7805.016, 347.178439, 17.311411
3352.215, 347.023901, 17.113307
3333.373, 347.016776, 17.104896
2076.362, 347.141633, 17.264156
184765.893, 346.999726, 17.093134
7507.532, 347.070848, 17.176047
3329.840, 347.109279, 17.224983
3354.238, 346.988413, 17.070702
24107.049, 347.015359, 17.107822
10013.489, 347.047597, 17.146752
27856.235, 346.976253, 17.058389
6179.717, 347.098299, 17.213688
4210.331, 347.012018, 17.103437
3762.109, 347.034069, 17.131860
13710.878, 347.118089, 17.242770
55077.145, 347.021219, 17.119286
4174.427, 347.070480, 17.179412
7881.474, 347.090086, 17.205098
2527.304, 347.223203, 17.375177
2090.699, 346.968013, 17.049233
2071.439, 347.018835, 17.114384
3324.624, 347.027963, 17.126138
11153.635, 347.016569, 17.112357
2927.667, 347.037317, 17.138518
6597.733, 347.173613, 17.313246
5429.157, 346.982089, 17.069134
2464.059, 347.123259, 17.249272
30785.049, 347.004457, 17.104050
2913.312, 347.162464, 17.300569
8323.408, 347.058614, 17.168571
9573.901, 347.135282, 17.266809
19929.446, 346.965384, 17.051833
5745.143, 346.988450, 17.079438
25671.422, 346.981147, 17.072523
2077.246, 347.032369, 17.135723
2973.208, 347.068350, 17.181704
4612.089, 347.137105, 17.270344
4544.678, 346.972014, 17.059309
5051.238, 346.972988, 17.061994
16453.561, 347.057794, 17.172157
2085.134, 347.090286, 17.211076
9103.328, 347.111644, 17.240336
20407.507, 347.144814, 17.282800
3365.112, 347.224311, 17.383579
4593.111, 346.978130, 17.069517
6733.493, 347.093713, 17.219220
3367.174, 347.026453, 17.133754
2512.793, 347.163103, 17.309075
2512.199, 346.987415, 17.084956
83356.707, 347.126985, 17.267988
20327.583, 347.072015, 17.197159
9596.189, 347.004162, 17.109442
2444.604, 347.019283, 17.127793
2058.557, 346.959650, 17.052301
15803.099, 347.075111, 17.202545
14918.562, 347.121075, 17.261071
2107.594, 347.147691, 17.293314
18679.060, 346.978775, 17.082656
8385.104, 346.997714, 17.103550
12788.248, 347.037621, 17.155539
3380.351, 347.089936, 17.220880
6698.753, 347.173110, 17.327245
7926.861, 346.960178, 17.055697
70628.385, 347.078078, 17.210073
4595.497, 346.981958, 17.084133
6278.869, 347.032318, 17.149786
53053.518, 346.952238, 17.055560
9606.215, 346.963976, 17.062994
2927.177, 347.007768, 17.118270
2072.336, 347.030066, 17.147629
31098.580, 347.096007, 17.236168
5037.840, 346.975345, 17.078784
3288.580, 347.109973, 17.250972
12140.396, 346.983137, 17.090044
2518.641, 347.086033, 17.220160
27753.535, 346.959867, 17.061302
3783.097, 347.024527, 17.142571
3335.494, 347.083111, 17.217380
13264.419, 347.087709, 17.224945
13887.306, 347.177746, 17.340666
11958.989, 347.066819, 17.199940
7894.645, 347.068806, 17.202035
5390.696, 347.169296, 17.330728
12474.906, 346.985505, 17.097113
4177.932, 347.006474, 17.123715
4112.462, 347.133176, 17.285558
11984.619, 346.993155, 17.108270
4175.357, 347.079698, 17.218298
4176.263, 347.186229, 17.354688
3335.698, 346.960647, 17.066266
19958.937, 347.055118, 17.188718
17887.431, 347.076345, 17.216482
29553.539, 347.072895, 17.214875
4939.138, 347.037966, 17.168376
5369.752, 347.064063, 17.201791
6256.245, 347.088570, 17.233291
2920.344, 347.146295, 17.306667
4190.333, 347.181657, 17.352094
2072.817, 346.971739, 17.083580
5383.319, 346.978097, 17.092710
5442.322, 347.017784, 17.143325
10022.928, 347.164619, 17.331757
7914.681, 346.954923, 17.063192
14911.562, 346.958136, 17.069271
13376.194, 346.996286, 17.118099
2525.697, 347.011355, 17.135606
7035.485, 347.050501, 17.186347
7063.546, 347.095070, 17.243353
13706.110, 346.965402, 17.078374
23189.689, 347.024225, 17.154463
23314.452, 347.047590, 17.185191
2970.296, 347.186597, 17.360159
2095.577, 347.083698, 17.228909
3372.287, 347.043282, 17.178380
5766.053, 346.985733, 17.105734
2938.435, 347.039930, 17.174493
3402.725, 347.114864, 17.270614
4142.539, 347.160347, 17.329309
2099.480, 347.201522, 17.381420
5031.257, 346.981733, 17.101008
2864.781, 347.009300, 17.136209
19154.448, 347.029304, 17.163154
5036.944, 347.002967, 17.129790
23720.682, 346.995750, 17.124819
4650.959, 347.005406, 17.134691
4204.097, 347.096006, 17.249583
2493.918, 347.153824, 17.322922
19966.945, 346.977021, 17.099044
11126.101, 347.053683, 17.197243
3353.300, 347.163898, 17.337722
15347.934, 347.163991, 17.340718
7905.546, 347.066375, 17.213614
4216.755, 346.969656, 17.090919
19028.221, 347.014352, 17.150477
20274.876, 347.032910, 17.175418
2921.915, 347.090275, 17.245379
81503.539, 346.995919, 17.132107
3794.993, 347.186801, 17.369582
2099.467, 346.970581, 17.093208
247446.276, 347.065782, 17.225037
4586.820, 347.102348, 17.262163
31335.957, 346.944198, 17.062308
26197.445, 347.008787, 17.147500
2492.442, 347.149219, 17.322586
9147.512, 346.962448, 17.085405
2485.536, 347.001188, 17.134293
9148.721, 347.074521, 17.229018
5422.150, 347.097171, 17.258595
4946.781, 346.974475, 17.102680
5421.132, 346.949876, 17.071410
13369.807, 347.027621, 17.172099
12871.871, 347.055893, 17.209395
15314.953, 347.118192, 17.288005
2979.114, 347.159230, 17.338621
2477.132, 346.985196, 17.116599
2584.940, 347.022101, 17.163353
6650.732, 346.948079, 17.069974
8347.546, 347.051777, 17.203340
7056.847, 347.173640, 17.359239
9553.462, 346.981759, 17.114842
2088.415, 347.014383, 17.155480
11656.788, 347.015444, 17.158731
47011.287, 347.008006, 17.154660
24115.664, 347.092557, 17.259156
8242.088, 346.940727, 17.064638
7067.085, 346.959736, 17.089037
3827.742, 346.962125, 17.091007
6631.684, 346.963400, 17.095101
9626.049, 346.968391, 17.100003
2531.654, 347.023003, 17.169704
3777.374, 347.184260, 17.376058
18318.889, 347.001917, 17.145424
12890.352, 347.160348, 17.347071
38219.254, 346.948336, 17.082544
6737.624, 347.015448, 17.161750
2910.453, 346.969527, 17.103397
4158.844, 346.987161, 17.126579
2942.760, 346.948562, 17.077267
3765.663, 346.954613, 17.085012
2592.376, 346.974246, 17.110139
5913.131, 347.039546, 17.194941
12446.298, 346.944569, 17.074740
104774.787, 346.993698, 17.146990
2171.273, 347.031720, 17.184898
2040.115, 347.044275, 17.200828
9983.054, 346.975071, 17.114656
13290.027, 347.017134, 17.168528
3741.326, 347.045743, 17.203443
7488.188, 347.056525, 17.218512
2054.297, 347.052947, 17.214130
29084.577, 346.957159, 17.095245
7167.175, 346.989451, 17.134643
4127.054, 347.009195, 17.160164
7133.409, 347.021888, 17.177195
57836.012, 347.068335, 17.239003
11664.999, 346.961883, 17.102114
7208.010, 347.026528, 17.183678
10762.952, 347.098534, 17.275944
7034.505, 347.139450, 17.327131
17914.991, 346.966080, 17.107728
8325.872, 346.977430, 17.121199
10816.057, 347.040003, 17.202395
6257.462, 347.135121, 17.323400
9635.188, 347.037842, 17.199963
12092.072, 347.003372, 17.156866
18214.465, 346.942930, 17.081519
10354.818, 346.980118, 17.127748
10028.321, 347.092572, 17.271480
2494.979, 346.936020, 17.071308
18300.619, 346.971001, 17.118732
5441.327, 347.008143, 17.164171
6675.134, 347.013038, 17.170423
3356.222, 347.017673, 17.176094
12508.507, 346.961649, 17.106504
7101.975, 346.968801, 17.115007
3747.515, 347.086176, 17.264529
4149.624, 347.142288, 17.336633
4602.783, 346.956922, 17.100465
20846.044, 346.973998, 17.126542
9696.642, 346.998294, 17.154881
2566.821, 347.176588, 17.380565
46075.071, 346.950004, 17.094474
2923.614, 346.984056, 17.135159
4534.546, 346.989718, 17.142855
5510.538, 347.026067, 17.189344
14137.892, 347.051355, 17.223796
7951.226, 347.108069, 17.294747
5905.274, 347.143680, 17.340104
5858.376, 346.933634, 17.071822
9123.552, 347.043235, 17.212931
2926.514, 347.071826, 17.248672
4597.007, 346.971879, 17.122302
11697.535, 346.985127, 17.140571
3389.681, 347.015244, 17.177836
39560.849, 347.109635, 17.302738
34073.775, 347.004137, 17.169145
1992.119, 347.031842, 17.200464
12096.375, 347.034489, 17.205002
4996.934, 347.046603, 17.219828
4259.315, 347.098827, 17.288145
5433.512, 347.125273, 17.320611
5448.956, 346.954188, 17.102415
18222.766, 346.936343, 17.081922
2988.199, 347.024684, 17.193784
2551.613, 347.150090, 17.353577
4145.139, 346.993186, 17.153790
18638.794, 347.007337, 17.173058
5069.545, 347.071786, 17.254951
34655.867, 347.165448, 17.376424
18726.777, 347.020474, 17.191834
2062.644, 347.082131, 17.268172
9139.511, 346.948741, 17.098777
42246.356, 346.994495, 17.159717
3828.388, 347.063470, 17.245120
25287.673, 346.982313, 17.146490
18720.302, 347.030681, 17.206253
93110.019, 347.088010, 17.282729
5851.767, 347.035944, 17.213151
4187.348, 347.047244, 17.227266
2516.272, 347.065937, 17.251048
2133.423, 347.157554, 17.368770
83830.705, 346.939125, 17.094668
8642.182, 347.080060, 17.270516
3769.928, 346.930077, 17.079008
8807.978, 347.014238, 17.186984
3779.141, 347.032307, 17.209791
14293.358, 347.039482, 17.219356
8283.855, 347.076851, 17.267417
16721.341, 347.007106, 17.180984
27449.812, 347.014273, 17.192093
17957.530, 346.932752, 17.085251
15866.750, 346.969549, 17.133570
3353.927, 347.151665, 17.363589
48937.999, 346.925569, 17.077544
11269.832, 346.964002, 17.125509
17418.639, 346.975890, 17.142799
3740.324, 347.020052, 17.196891
6688.916, 347.080259, 17.274075
2972.974, 347.120480, 17.325050
11204.134, 346.952290, 17.111195
2932.571, 347.050620, 17.236307
3368.477, 347.062538, 17.251134
4188.140, 347.045900, 17.230960
2544.712, 346.943111, 17.100025
10044.462, 346.985119, 17.155097
2914.448, 346.966521, 17.131085
3353.943, 346.981337, 17.150358
178529.055, 347.123427, 17.339234
7899.013, 346.970373, 17.138057
8375.953, 347.041972, 17.229486
2961.439, 347.179738, 17.405299
64101.176, 346.996849, 17.175329
2129.839, 347.022081, 17.203682
2103.224, 347.047968, 17.236951
2046.193, 347.091988, 17.293581
5029.811, 347.102435, 17.307268
23649.444, 346.926540, 17.084873
4571.235, 347.075729, 17.274565
4209.907, 347.095374, 17.299516
12112.966, 346.946004, 17.111210
10840.254, 346.935813, 17.098245
106030.936, 346.935249, 17.109769
88455.735, 346.959950, 17.134739
7519.366, 347.052189, 17.247534
6242.148, 347.083292, 17.287405
3324.818, 347.129664, 17.345752
4156.186, 346.953304, 17.121176
6623.138, 346.954782, 17.124236
2495.161, 347.088687, 17.294181
4652.545, 347.100629, 17.309690
7501.242, 346.920550, 17.080861
8720.921, 346.927870, 17.090597
4233.731, 346.983861, 17.161314
148971.359, 346.985541, 17.169696
2162.339, 347.023104, 17.211229
20721.644, 346.971104, 17.147238
2500.325, 347.063900, 17.264416
4186.197, 347.030280, 17.222650
3365.891, 347.083416, 17.290538
14549.287, 346.932719, 17.099697
4188.391, 346.967373, 17.142648
2550.862, 347.002633, 17.187759
15776.845, 347.029534, 17.225063
3324.854, 346.973516, 17.152167
109039.090, 347.006422, 17.198491
51819.309, 346.939843, 17.115100
7896.721, 346.964644, 17.141767
19423.015, 346.979080, 17.161116
43605.668, 346.920051, 17.087696
2881.282, 347.000606, 17.188497
2096.798, 347.053086, 17.255585
7916.480, 347.020373, 17.214752
4197.241, 347.023351, 17.218571
4969.729, 347.096670, 17.312050
15872.492, 346.949461, 17.125474
14046.221, 347.044446, 17.248809
2450.813, 346.931871, 17.103721
5803.088, 346.965356, 17.147269
13161.906, 346.971417, 17.155847
9185.399, 347.000714, 17.192410
32192.849, 347.054038, 17.260992
25395.112, 346.926607, 17.102736
35727.221, 346.948943, 17.133387
12400.023, 346.987605, 17.176746
63723.599, 346.962527, 17.151109
2887.337, 347.064250, 17.275294
3322.076, 347.123999, 17.352382
9612.346, 347.083624, 17.302323
8274.414, 346.914997, 17.086943
65615.810, 346.909755, 17.085725
198215.049, 346.971635, 17.168798
5850.656, 347.039230, 17.248008
2083.157, 347.108182, 17.334584
2904.368, 347.113613, 17.341563
12104.531, 346.977972, 17.170648
8399.446, 347.011260, 17.212443
4180.920, 347.054031, 17.267285
3386.166, 347.068526, 17.284937
4199.728, 346.915566, 17.090966
2045.818, 346.989670, 17.185001
17431.615, 347.002484, 17.203586
30651.461, 346.939070, 17.124614
7983.116, 347.026447, 17.233680
3372.928, 347.030326, 17.238375
3858.527, 347.031776, 17.240048
14524.761, 347.043527, 17.256092
8708.897, 347.055942, 17.271811
10896.008, 347.113382, 17.345618
16927.600, 347.149206, 17.391237
7501.231, 346.954971, 17.142835
2077.363, 346.979183, 17.173103
11713.013, 346.982269, 17.178196
38605.468, 346.992882, 17.193783
21636.965, 347.060232, 17.280256
20300.458, 346.914300, 17.093004
3667.000, 346.943758, 17.129696
12886.114, 347.131406, 17.371501
3794.274, 346.920077, 17.099936
2893.690, 347.007271, 17.212109
6234.465, 346.987360, 17.187644
3769.660, 347.014815, 17.223057
12493.283, 347.064173, 17.286357
2922.659, 346.943744, 17.132426
6252.924, 347.026134, 17.237666
8730.176, 347.034383, 17.248552
2993.398, 347.082860, 17.310240
2122.625, 346.977779, 17.176154
