# Source Fluxes and Coordinates
# Flux (e-/s), RA (deg), Dec (deg)
870170.536, 301.099225, 58.834695
129385.021, 301.197634, 58.920921
4666.370, 301.239571, 58.954889
62913.064, 300.992054, 58.737789
8804.865, 300.954594, 58.702355
15887.271, 300.958704, 58.706506
7474.495, 300.989258, 58.732811
8807.987, 300.867363, 58.624470
6684.210, 300.871645, 58.628739
12972.566, 301.129762, 58.864305
28375.280, 301.235676, 58.960850
2732.134, 300.918127, 58.671185
3576.586, 301.140445, 58.870764
47356.627, 300.944452, 58.700370
2314.349, 300.909032, 58.665353
44873.205, 301.036399, 58.786187
2758.121, 300.970693, 58.722844
8660.401, 301.011032, 58.760015
2364.348, 301.086478, 58.829855
1948.791, 300.976563, 58.731737
7503.054, 301.165838, 58.903045
11795.658, 301.116154, 58.859355
3521.660, 300.879636, 58.646010
15740.729, 301.141927, 58.883756
30245.856, 300.910034, 58.677884
22164.215, 301.054705, 58.807854
3163.261, 301.110646, 58.855886
3580.509, 301.005997, 58.763751
126413.653, 300.874046, 58.653661
15454.991, 301.117271, 58.866135
5476.121, 301.152184, 58.896375
9039.872, 301.131612, 58.878581
15942.396, 300.900650, 58.673896
2703.005, 300.923771, 58.694406
52695.994, 301.056019, 58.817522
2388.707, 301.175216, 58.920164
3898.208, 300.953977, 58.723346
3086.565, 301.081665, 58.838579
22306.086, 301.177949, 58.926827
9064.485, 300.849083, 58.631406
13099.262, 301.093684, 58.852462
39934.207, 300.973965, 58.748811
6557.799, 300.989928, 58.761689
11717.360, 301.085695, 58.849495
5601.622, 300.882644, 58.666075
36837.783, 300.958778, 58.737723
2343.059, 301.069947, 58.835272
20694.174, 301.099825, 58.864124
1951.435, 301.202709, 58.956938
11051.812, 301.008707, 58.785831
11331.312, 300.857433, 58.650641
31213.995, 300.880769, 58.674331
8245.932, 300.926713, 58.714410
6626.427, 301.015768, 58.794736
40872.197, 301.182090, 58.947689
12143.303, 300.976044, 58.764442
3537.231, 301.206956, 58.970650
7773.776, 300.895279, 58.692806
18847.628, 301.010943, 58.798296
15939.590, 301.112111, 58.889034
1921.139, 300.897985, 58.695775
28087.615, 300.981181, 58.774083
33195.495, 301.134740, 58.911534
2833.253, 300.924393, 58.721671
113037.188, 301.210799, 58.984090
45697.862, 300.929055, 58.730984
89667.032, 301.202286, 58.976414
4693.269, 301.142245, 58.921704
15541.138, 300.876313, 58.682902
8500.242, 300.886524, 58.694385
1966.039, 300.831234, 58.643281
53477.087, 301.166971, 58.949414
2312.088, 300.914777, 58.720895
16204.241, 301.056529, 58.849467
4332.609, 301.009065, 58.806440
15358.600, 301.135476, 58.921060
2388.857, 300.893477, 58.702491
15161.140, 300.982844, 58.786155
3126.906, 300.842907, 58.658614
4747.844, 300.945646, 58.752259
50585.117, 301.012777, 58.820216
10522.954, 301.119920, 58.911943
60565.081, 301.170257, 58.958976
2725.230, 300.825400, 58.645350
37979.525, 300.942772, 58.757947
19388.702, 301.065347, 58.865195
33372.500, 300.843296, 58.668044
121865.306, 300.902186, 58.724433
45427.275, 301.044748, 58.851765
10104.745, 300.890637, 58.709741
49759.696, 301.152856, 58.947785
21155.920, 300.864020, 58.688614
20372.178, 300.875188, 58.697660
1947.462, 300.814592, 58.640880
4743.502, 301.174314, 58.966687
17418.722, 301.108485, 58.910521
20917.075, 301.088788, 58.894592
57841.338, 300.862245, 58.694831
14372.502, 300.903349, 58.729837
8308.223, 300.945911, 58.769525
2737.935, 300.952054, 58.774160
8889.191, 300.913787, 58.740967
6729.365, 300.973513, 58.796720
5005.756, 300.956193, 58.783062
92864.240, 300.868330, 58.712161
12502.072, 301.012778, 58.835209
38811.649, 300.986558, 58.813806
18212.107, 300.837130, 58.679115
35998.825, 300.888270, 58.726343
49766.812, 301.109786, 58.926797
5131.747, 300.950039, 58.781169
2098.588, 300.821972, 58.667297
3166.291, 300.920634, 58.757583
26010.520, 301.045739, 58.872738
102788.489, 301.068515, 58.896868
50928.481, 300.876735, 58.724137
52982.563, 300.905612, 58.752372
3549.278, 300.860322, 58.707114
12114.755, 300.939502, 58.780144
10889.289, 300.829573, 58.681038
78979.316, 300.895598, 58.746151
52831.006, 300.942776, 58.788084
15997.730, 300.974378, 58.814684
45953.450, 301.104748, 58.934251
3897.170, 300.790464, 58.649250
22851.949, 301.112861, 58.941221
16730.040, 300.822330, 58.680816
56755.381, 301.167360, 58.994569
24767.937, 300.995305, 58.840249
181850.452, 301.140029, 58.981299
62142.195, 300.876695, 58.741169
61387.699, 301.016505, 58.865110
6780.417, 301.047057, 58.887589
25842.552, 300.801787, 58.670816
25026.035, 301.075372, 58.917321
1996.549, 300.836252, 58.700195
11874.899, 301.107858, 58.947848
17936.596, 301.036492, 58.886340
2757.771, 301.131512, 58.969038
69283.237, 300.886019, 58.754670
3963.589, 301.122076, 58.963822
42072.691, 300.970013, 58.834899
6310.192, 301.126978, 58.972640
27485.768, 300.814578, 58.694152
4698.553, 300.830178, 58.706984
369019.864, 300.858252, 58.741418
15254.715, 301.067883, 58.923165
121866.184, 301.026907, 58.890889
2729.028, 300.836993, 58.714881
2291.907, 300.854361, 58.731397
2749.288, 300.903520, 58.777795
4658.288, 300.924436, 58.797773
12551.411, 300.881959, 58.760541
11317.733, 300.898771, 58.775306
33903.202, 300.949671, 58.822653
27609.771, 300.955426, 58.828091
3556.210, 300.980567, 58.848124
62319.530, 301.000081, 58.871766
11789.220, 301.014563, 58.882290
142253.745, 300.801683, 58.696557
11182.820, 300.816510, 58.705234
26916.989, 300.819348, 58.709283
15240.971, 301.061451, 58.925737
21792.695, 301.141400, 58.998676
1980.466, 300.911886, 58.790822
1998.894, 300.980835, 58.853711
4331.108, 300.887736, 58.771710
6425.140, 301.098178, 58.960566
1259851.468, 300.812035, 58.724470
4237.023, 300.876776, 58.763176
22800.799, 300.959945, 58.840321
9753.748, 300.761151, 58.663569
7810.459, 300.810394, 58.708967
10101.426, 300.838791, 58.734723
19559.305, 300.952022, 58.837657
3506.180, 300.833077, 58.729797
3121.389, 300.802084, 58.702422
8506.781, 300.834663, 58.732468
1925.399, 300.937300, 58.825235
3949.457, 301.004560, 58.887831
97676.549, 300.862685, 58.766556
2386.106, 300.750319, 58.660779
132466.179, 301.023255, 58.914211
11643.935, 300.848787, 58.754204
20715.744, 301.065301, 58.947544
20264.183, 301.106487, 58.984360
5012.456, 300.830535, 58.735823
10589.687, 300.922733, 58.819787
6284.434, 300.773178, 58.686391
26755.975, 300.787244, 58.701796
5046.905, 300.802307, 58.713436
29035.684, 301.111895, 58.995062
3506.145, 301.145017, 59.021251
3154.228, 300.850797, 58.759619
6284.730, 300.881007, 58.789320
99784.022, 300.767947, 58.695106
3071.881, 300.851840, 58.762847
3239.570, 300.875825, 58.784198
37736.472, 301.047411, 58.943053
16241.640, 300.824647, 58.742109
105746.148, 301.132063, 59.022195
14737.527, 300.788442, 58.713360
5400.259, 300.857548, 58.772733
49514.409, 300.983251, 58.889256
2308.334, 300.864474, 58.779549
11797.244, 300.960781, 58.867502
2695.841, 300.836741, 58.755157
46802.764, 300.916940, 58.830774
3581.716, 300.925547, 58.835902
49912.521, 301.119778, 59.012981
26422.675, 300.816891, 58.740197
6249.172, 300.829048, 58.749696
5393.502, 300.845980, 58.765046
70085.244, 300.778997, 58.709932
3505.566, 300.904818, 58.819062
14143.905, 300.988189, 58.895654
6614.830, 300.752514, 58.682978
11395.962, 300.961864, 58.872539
5463.776, 300.806004, 58.736062
10829.508, 300.813816, 58.744752
31403.643, 300.748836, 58.689422
76308.191, 300.935279, 58.858551
2715.013, 301.016148, 58.926335
1975.185, 300.740507, 58.678506
5911.737, 300.907115, 58.829909
583937.093, 300.819810, 58.766039
21727.854, 300.743088, 58.686025
25514.539, 301.100966, 59.008597
9017.087, 301.025122, 58.939739
10715.439, 300.733101, 58.677312
2806.106, 300.762568, 58.702671
31028.498, 300.781712, 58.723226
11011.896, 300.975424, 58.896606
18438.217, 301.074739, 58.986368
3918.079, 300.750408, 58.694798
3945.577, 300.985636, 58.907524
4273.506, 300.795231, 58.736091
99563.578, 300.835806, 58.779465
11050.195, 301.067370, 58.981975
5174.887, 301.063102, 58.978340
31390.123, 300.773583, 58.720670
15799.934, 300.902094, 58.835829
2310.916, 300.784181, 58.728401
38543.116, 300.750202, 58.702656
11740.672, 301.040488, 58.963225
10395.178, 300.785442, 58.734394
3101.927, 300.799745, 58.745771
79071.134, 300.730044, 58.687929
4992.332, 300.794027, 58.741665
3432.089, 300.865927, 58.808844
7493.276, 300.805601, 58.755465
5047.292, 300.908143, 58.848359
13932.782, 300.881350, 58.827971
10673.976, 300.722578, 58.682526
21061.380, 301.014968, 58.948376
25365.368, 300.923453, 58.867654
28954.082, 300.968605, 58.908432
22458.125, 300.841475, 58.795382
23613.202, 300.884124, 58.832870
3466.076, 300.740941, 58.701973
3112.654, 300.757253, 58.716631
38291.722, 300.992569, 58.932212
20100.117, 301.041398, 58.975263
37287.050, 301.059262, 58.992937
4351.211, 300.783190, 58.741837
1946.386, 300.777542, 58.737283
7383.253, 300.743744, 58.708258
33480.501, 300.709335, 58.679830
3492.608, 300.999721, 58.940271
40110.068, 300.817484, 58.782498
2351.590, 300.913001, 58.864791
19946.988, 300.876250, 58.836316
6234.546, 300.899607, 58.854941
8725.499, 300.700316, 58.675667
5507.522, 300.846219, 58.809484
1926.525, 300.744567, 58.717585
3919.366, 300.880233, 58.842108
29171.708, 300.980690, 58.933829
2340.232, 301.031168, 58.976743
44327.889, 300.757495, 58.735581
4665.353, 300.847430, 58.812668
20034.556, 300.802901, 58.774790
25408.844, 300.695758, 58.678530
263879.705, 300.738689, 58.724543
19467.176, 300.806417, 58.779426
28840.594, 301.090245, 59.035132
7530.583, 300.777027, 58.751685
13325.671, 300.837737, 58.807578
17517.630, 301.004079, 58.958426
67533.903, 301.022787, 58.976255
22523.468, 300.730963, 58.712194
51823.680, 300.759645, 58.742679
36063.492, 300.823547, 58.797914
13798.344, 300.940197, 58.900526
11566.186, 300.712252, 58.695954
6756.287, 301.066287, 59.015744
2748.028, 300.829532, 58.803211
3412.897, 300.732300, 58.716384
33833.500, 301.076313, 59.029537
51909.398, 300.847898, 58.827482
3518.663, 300.697198, 58.686461
33523.091, 300.974216, 58.940545
1942.030, 300.840695, 58.820410
15351.951, 300.960949, 58.930615
4664.831, 300.928712, 58.901220
5898.196, 300.991692, 58.958139
16788.270, 300.806861, 58.794427
3141.681, 300.832001, 58.815250
118648.344, 301.018192, 58.993945
5500.038, 300.751548, 58.744832
26679.775, 300.688661, 58.691651
3919.216, 300.715378, 58.711985
8471.280, 300.776484, 58.768325
14216.049, 300.926902, 58.906771
5864.471, 300.946513, 58.923410
21863.247, 301.002804, 58.975581
5936.434, 300.837235, 58.825722
65892.940, 300.961349, 58.941632
6167.114, 300.796160, 58.789553
12155.195, 300.890764, 58.876652
3123.748, 300.799752, 58.793703
2357.777, 300.679947, 58.685008
3597.051, 300.801844, 58.796313
72247.628, 300.773533, 58.777099
78171.127, 300.856425, 58.853270
12930.473, 300.978724, 58.958381
11270.247, 300.709590, 58.716906
25242.816, 300.823872, 58.821902
41273.077, 300.741809, 58.748817
3101.172, 300.719629, 58.725995
1962.286, 300.723640, 58.729532
3928.619, 300.760204, 58.763184
33150.789, 300.890155, 58.885487
22282.453, 300.750571, 58.758411
3136.403, 300.847088, 58.844320
180845.390, 301.017103, 59.006910
12740.666, 300.811082, 58.816058
3104.296, 300.795703, 58.801547
2740.838, 300.815878, 58.819912
30145.530, 300.673846, 58.694184
22031.004, 300.784941, 58.796109
38903.998, 300.696526, 58.718709
9262.281, 300.707345, 58.725647
7346.425, 300.724877, 58.741406
7331.200, 300.733902, 58.752651
72259.035, 300.737407, 58.761023
1947.724, 300.779103, 58.792141
2361.957, 300.790980, 58.803921
2366.056, 300.768093, 58.785015
8699.498, 300.978151, 58.975230
34204.880, 301.022008, 59.016790
12397.256, 300.674165, 58.702129
35813.524, 300.804078, 58.822344
2340.811, 300.893525, 58.899000
19344.518, 301.031486, 59.025566
1987.364, 300.679783, 58.707892
258895.154, 300.710227, 58.753009
29029.531, 300.755872, 58.779828
65454.884, 300.772318, 58.795819
6639.182, 300.793416, 58.811788
29120.093, 300.766540, 58.789956
6276.175, 300.919921, 58.926837
26253.101, 300.961176, 58.965757
31265.146, 300.662519, 58.697521
9749.287, 300.816462, 58.834219
10558.022, 300.710170, 58.741204
64809.715, 300.743667, 58.776037
165521.231, 300.667484, 58.710188
30424.958, 300.776925, 58.804560
14554.849, 300.684400, 58.721602
35789.941, 300.809537, 58.837621
261139.872, 300.899463, 58.922541
2749.420, 300.944553, 58.956663
7373.749, 300.720309, 58.756650
60213.309, 300.774638, 58.812254
23757.095, 300.799282, 58.830578
15697.216, 300.732287, 58.769050
8135.993, 300.767079, 58.800202
10476.802, 300.706043, 58.745456
22501.570, 300.695813, 58.738488
4717.892, 300.735587, 58.772548
11230.196, 300.684783, 58.728169
5889.015, 300.751808, 58.789047
5069.603, 300.861392, 58.888321
8217.504, 300.646696, 58.694556
9769.378, 300.680084, 58.726141
34019.585, 300.959005, 58.979381
4386.185, 300.832608, 58.864291
62209.328, 300.718346, 58.765432
3138.133, 300.932231, 58.954789
12563.434, 300.674010, 58.723459
3466.806, 300.855759, 58.888984
26333.983, 300.810576, 58.850814
3078.840, 300.646757, 58.701653
40329.347, 300.742912, 58.793059
21288.139, 301.032956, 59.052755
4632.168, 300.824122, 58.863803
42410.580, 300.832248, 58.874087
10450.698, 300.650451, 58.708299
36747.021, 300.841703, 58.883688
49505.070, 300.954182, 58.985876
9031.853, 300.797233, 58.844027
33945.254, 300.707744, 58.766457
7781.418, 300.749079, 58.802723
123709.641, 300.631457, 58.703530
3131.409, 300.768036, 58.821699
2732.136, 300.979388, 59.013473
54799.936, 301.017589, 59.053409
4265.337, 300.673544, 58.741008
5912.556, 300.775603, 58.833417
3875.872, 300.645966, 58.717131
10114.256, 300.731787, 58.796057
18113.307, 300.887148, 58.938284
2503.300, 300.901382, 58.948920
6246.182, 300.958907, 59.000711
3538.736, 300.650022, 58.721996
10105.642, 300.636361, 58.711493
3515.443, 300.710960, 58.778404
4721.755, 300.674379, 58.746458
3559.946, 300.689109, 58.760204
7092.640, 300.749260, 58.814145
1983.312, 300.677091, 58.750293
28108.583, 300.717552, 58.789746
14808.397, 300.762128, 58.830034
3978.703, 300.658760, 58.735094
1982.034, 300.682539, 58.756428
8130.202, 300.781420, 58.847717
2729.574, 300.813139, 58.874913
44921.546, 300.663060, 58.743329
2323.242, 300.711334, 58.784748
45719.167, 300.830287, 58.896102
2739.860, 300.734854, 58.806574
81658.665, 300.646051, 58.732137
9028.419, 300.740397, 58.814756
52660.045, 300.926176, 58.985067
7016.794, 300.956350, 59.009003
6941.156, 300.733780, 58.809900
30088.421, 300.948099, 59.005147
3945.560, 300.770087, 58.843101
5082.427, 300.720150, 58.798492
5368.688, 300.699130, 58.780476
6258.685, 300.662973, 58.748378
59183.144, 300.845394, 58.918137
5032.071, 300.613181, 58.705088
2010.920, 300.933225, 58.993386
8160.255, 300.724321, 58.806824
10097.890, 300.783802, 58.860108
7781.316, 300.755304, 58.835985
16359.128, 300.885852, 58.956228
42787.954, 300.667867, 58.761940
3480.448, 300.618596, 58.713117
8496.937, 300.725759, 58.811857
12568.052, 300.983780, 59.043875
16585.934, 300.630264, 58.727077
1970.163, 300.699741, 58.788841
20651.057, 300.966874, 59.033888
46681.193, 300.914071, 58.987390
5061.309, 300.719898, 58.809494
6189.912, 300.766099, 58.853229
5802.310, 300.601911, 58.704401
15884.829, 300.620665, 58.725720
5094.864, 300.654346, 58.752902
7835.624, 300.686405, 58.782015
60262.451, 300.768319, 58.861541
27242.927, 300.958822, 59.030025
8266.397, 300.639299, 58.740674
83383.109, 300.719717, 58.821564
16544.435, 300.877395, 58.957443
2757.606, 300.714065, 58.809033
8300.843, 300.774733, 58.866069
26963.042, 300.637222, 58.745574
23628.132, 300.645307, 58.754438
9671.401, 300.697281, 58.800845
5200.747, 300.774774, 58.870869
40173.190, 300.867794, 58.957461
325283.607, 300.955820, 59.044889
3848.335, 300.755205, 58.857116
17985.435, 300.938755, 59.024096
5409.257, 300.676542, 58.788411
18232.087, 300.739998, 58.850067
12307.877, 300.974061, 59.057206
30175.164, 300.726321, 58.836748
52282.627, 300.872246, 58.970178
36613.129, 300.707835, 58.821483
116349.989, 300.600679, 58.729308
17800.583, 300.648084, 58.767252
36856.426, 300.767051, 58.876817
17029.982, 300.940014, 59.031515
6254.414, 300.594963, 58.719048
21102.558, 300.585123, 58.711792
95391.886, 300.630727, 58.757495
14545.268, 300.884690, 58.984062
39046.167, 300.896975, 58.997002
3148.844, 300.590300, 58.716425
134849.143, 300.615173, 58.746720
82236.401, 300.660319, 58.785627
16353.323, 300.698145, 58.816645
9855.497, 300.862696, 58.964772
2366.786, 300.948782, 59.040515
3513.350, 300.638859, 58.762037
40411.908, 300.742464, 58.861419
20068.029, 300.891675, 58.992798
3164.691, 300.684252, 58.805322
7785.783, 300.687439, 58.808635
47835.941, 300.774434, 58.890500
5519.832, 300.873461, 58.976849
8481.622, 300.700561, 58.821473
19803.791, 300.883978, 58.988776
8986.726, 300.644424, 58.772045
135742.572, 300.749517, 58.872189
3873.711, 300.579274, 58.713552
5106.860, 300.648820, 58.776626
88446.142, 300.671962, 58.802252
4290.064, 300.716819, 58.841309
4645.226, 300.818108, 58.932900
20953.013, 300.907132, 59.014677
28019.265, 300.662178, 58.794205
77270.842, 300.614071, 58.757657
2303.619, 300.724130, 58.849349
22530.301, 300.973377, 59.076664
3064.209, 300.574016, 58.714477
14540.880, 300.829380, 58.947731
11943.782, 300.676984, 58.809923
50467.849, 300.646427, 58.786122
13637.372, 300.681962, 58.816075
17762.639, 300.863779, 58.981269
2393.459, 300.939391, 59.047127
6422.697, 300.837506, 58.957612
9621.323, 300.585374, 58.731391
5084.698, 300.804148, 58.927295
5099.168, 300.940663, 59.050755
27297.078, 300.704942, 58.840900
8150.135, 300.722594, 58.854870
93326.721, 300.751213, 58.891816
43184.780, 300.880370, 59.002166
30190.989, 300.626635, 58.773429
2730.325, 300.902684, 59.019249
33164.662, 300.964409, 59.078127
3931.540, 300.570726, 58.721563
2746.678, 300.633538, 58.778496
31743.434, 300.662701, 58.807720
10079.714, 300.618306, 58.767115
13189.965, 300.606000, 58.756053
34582.723, 300.644189, 58.793300
55530.560, 300.937070, 59.058293
12069.905, 300.748447, 58.886429
2678.200, 300.562129, 58.716896
2730.292, 300.654349, 58.801522
7752.080, 300.593398, 58.748010
3880.038, 300.697601, 58.842453
173197.218, 300.813789, 58.954441
18207.909, 300.735233, 58.878703
65683.120, 300.827986, 58.965041
14834.967, 300.636713, 58.789930
5412.650, 300.724726, 58.870399
26802.736, 300.885478, 59.017140
5111.602, 300.627748, 58.783098
97982.046, 300.674413, 58.831080
28196.367, 300.580480, 58.744021
37095.024, 300.924964, 59.054834
3542.525, 300.700647, 58.850704
54957.405, 300.687968, 58.850057
13674.184, 300.618071, 58.779330
15988.236, 300.736500, 58.886333
3863.235, 300.661279, 58.818449
61294.851, 300.837468, 58.982877
6897.886, 300.634052, 58.795212
2764.257, 300.724613, 58.878016
62870.248, 300.562215, 58.735866
1976.681, 300.618606, 58.782371
35261.739, 300.647601, 58.815573
43186.218, 300.922727, 59.060753
3086.808, 300.623912, 58.788099
15518.984, 300.626385, 58.792359
4745.395, 300.702352, 58.860571
11919.049, 300.637761, 58.804388
42085.873, 300.736774, 58.895846
84191.129, 300.602043, 58.776866
3156.041, 300.868410, 59.012806
3884.466, 300.657020, 58.823481
6933.570, 300.590138, 58.763713
105239.843, 300.635967, 58.812349
68076.951, 300.726613, 58.891851
187210.407, 300.850205, 59.004894
31569.274, 300.549615, 58.731296
10065.761, 300.591805, 58.767522
19199.159, 300.838095, 58.992619
30814.766, 300.653370, 58.828477
5105.622, 300.565473, 58.745293
13009.878, 300.776592, 58.939383
15317.600, 300.789823, 58.953160
2097.102, 300.912368, 59.062365
3063.804, 300.565635, 58.749836
9215.953, 300.799663, 58.963581
21915.005, 300.590482, 58.776509
43034.752, 300.607374, 58.793448
6988.069, 300.531894, 58.725005
2359.938, 300.640686, 58.825195
8901.433, 300.850648, 59.016357
3949.105, 300.871180, 59.033580
3870.193, 300.689569, 58.870406
3096.969, 300.582405, 58.773584
42059.130, 300.779155, 58.956983
5117.723, 300.806661, 58.977597
5537.110, 300.655169, 58.841440
5481.323, 300.619622, 58.810488
3038.403, 300.751380, 58.930003
2302.034, 300.553100, 58.750338
8554.393, 300.641576, 58.832301
19921.440, 300.713783, 58.898538
19888.514, 300.619135, 58.813994
10591.751, 300.916513, 59.081461
11612.604, 300.545676, 58.746933
12687.962, 300.647879, 58.840490
4373.933, 300.704023, 58.890483
8346.811, 300.823711, 58.999421
4386.631, 300.884277, 59.053138
13989.043, 300.843084, 59.019659
26488.942, 300.826301, 59.005022
10662.601, 300.725231, 58.912919
16093.597, 300.862602, 59.037462
2751.117, 300.628292, 58.826065
21122.609, 300.714637, 58.906224
20913.365, 300.682353, 58.878013
12305.102, 300.908894, 59.082795
3231.011, 300.562355, 58.768956
5795.309, 300.528465, 58.740542
2756.936, 300.642343, 58.842816
8589.266, 300.671517, 58.870569
67700.974, 300.802028, 58.993513
64621.441, 300.888576, 59.070453
39518.975, 300.794731, 58.987153
58515.011, 300.829727, 59.020336
3521.868, 300.549094, 58.762738
1996.984, 300.651327, 58.855513
1994.074, 300.769906, 58.962875
13597.016, 300.583428, 58.797013
14787.644, 300.587231, 58.801339
30579.695, 300.641472, 58.850774
6210.305, 300.875547, 59.060683
4262.184, 300.669490, 58.874954
43097.934, 300.730587, 58.934065
4698.629, 300.689629, 58.895183
26878.874, 300.764443, 58.965880
5511.451, 300.550644, 58.770394
8607.554, 300.773123, 58.974659
11706.237, 300.528043, 58.753598
4700.876, 300.575830, 58.796304
14774.114, 300.639752, 58.855401
2705.632, 300.628215, 58.844254
29425.172, 300.651023, 58.870089
27949.999, 300.665978, 58.881866
14370.602, 300.532005, 58.760564
5096.411, 300.647873, 58.864097
13746.139, 300.776375, 58.981875
20252.650, 300.601283, 58.825013
15152.198, 300.608950, 58.831744
8091.818, 300.545863, 58.774763
29796.096, 300.654972, 58.876376
22896.669, 300.790522, 58.999443
8280.787, 300.815257, 59.019872
5138.845, 300.846577, 59.048149
4647.643, 300.639896, 58.862365
5809.418, 300.510061, 58.744479
5777.491, 300.566528, 58.796451
4998.027, 300.675831, 58.896292
51816.433, 300.677905, 58.901831
50866.177, 300.880364, 59.084256
33532.431, 300.817808, 59.029655
2357.681, 300.558003, 58.792033
10568.470, 300.714873, 58.936285
24446.787, 300.738914, 58.958714
36605.023, 300.824459, 59.036762
43482.145, 300.534849, 58.778261
81932.458, 300.499499, 58.746956
20466.699, 300.775664, 58.995427
8977.700, 300.568661, 58.807250
15777.204, 300.880382, 59.090082
5148.237, 300.582998, 58.821060
7859.931, 300.755714, 58.978420
15656.559, 300.518239, 58.764654
2346.393, 300.587169, 58.825096
138087.378, 300.652905, 58.891644
3105.128, 300.487997, 58.737354
3124.604, 300.804093, 59.024941
32640.956, 300.682838, 58.918682
5082.829, 300.526619, 58.774945
1932.442, 300.736764, 58.964969
1908.671, 300.834374, 59.052867
48268.518, 300.737931, 58.971110
22243.642, 300.511554, 58.765417
37840.764, 300.573097, 58.822328
12517.660, 300.660319, 58.900546
21321.902, 300.540791, 58.792770
8566.229, 300.554001, 58.803967
3522.409, 300.631089, 58.873674
26574.040, 300.851723, 59.076225
10164.441, 300.598212, 58.845808
5062.624, 300.636733, 58.880066
5050.505, 300.688772, 58.928097
13158.327, 300.487639, 58.747887
7363.612, 300.561877, 58.814184
32554.006, 300.615228, 58.866546
31153.307, 300.490021, 58.752668
59517.208, 300.600123, 58.856971
347254.500, 300.627958, 58.886331
8749.190, 300.793625, 59.026696
3606.075, 300.481722, 58.744984
2365.264, 300.704920, 58.948961
19426.899, 300.717393, 58.962683
21358.368, 300.559425, 58.823332
10877.345, 300.766219, 59.006336
5839.939, 300.539380, 58.801193
9704.914, 300.564796, 58.825506
13271.944, 300.582933, 58.842101
1993.326, 300.659597, 58.909226
79247.711, 300.500900, 58.770986
10499.493, 300.818582, 59.055566
8486.250, 300.555528, 58.819247
54863.042, 300.802434, 59.046176
82778.708, 300.665337, 58.926594
6638.388, 300.474968, 58.747887
2754.795, 300.507634, 58.777751
10056.546, 300.571913, 58.838119
2346.274, 300.526891, 58.795207
6649.648, 300.603759, 58.866209
2728.703, 300.517750, 58.788337
1992.177, 300.563879, 58.830581
5842.896, 300.582350, 58.848982
58140.549, 300.848887, 59.092541
6193.743, 300.512726, 58.785727
34335.479, 300.528886, 58.803525
2427.937, 300.677896, 58.935550
6683.778, 300.743782, 58.996794
6800.142, 300.843958, 59.087078
15188.904, 300.587496, 58.859709
7407.756, 300.615829, 58.885244
2737.474, 300.460754, 58.744315
21941.434, 300.491491, 58.774590
11905.471, 300.800687, 59.054443
17487.219, 300.531888, 58.811983
4318.050, 300.619142, 58.890933
43372.288, 300.618250, 58.895587
2728.516, 300.488153, 58.771734
8132.273, 300.507962, 58.790941
3904.711, 300.626522, 58.898192
6620.390, 300.562419, 58.841185
3107.390, 300.633474, 58.905257
7430.449, 300.783626, 59.042744
2376.146, 300.831085, 59.084673
3560.841, 300.801172, 59.059174
3154.522, 300.483339, 58.770514
25990.597, 300.565635, 58.848759
31225.244, 300.622920, 58.902324
21221.522, 300.841925, 59.098072
10936.271, 300.704782, 58.975567
22913.167, 300.782972, 59.047360
22978.222, 300.809870, 59.071863
38257.750, 300.452141, 58.749051
7342.009, 300.627319, 58.906988
19307.537, 300.853802, 59.113264
7334.271, 300.465312, 58.761076
3107.067, 300.481824, 58.775555
4301.718, 300.785467, 59.052476
2418.696, 300.840476, 59.102170
7810.985, 300.536311, 58.829042
25533.071, 300.741646, 59.018134
3555.461, 300.587310, 58.875065
26614.937, 300.791395, 59.062239
11330.627, 300.454012, 58.755274
5443.447, 300.480582, 58.780057
15660.991, 300.543133, 58.837005
16785.197, 300.659903, 58.943764
2736.856, 300.525996, 58.820442
6996.079, 300.639252, 58.924639
3093.855, 300.458793, 58.760354
9539.722, 300.688562, 58.970973
6176.805, 300.492492, 58.792506
18118.338, 300.664511, 58.950165
2739.881, 300.504675, 58.803978
51117.649, 300.479835, 58.786173
3522.901, 300.763729, 59.040282
6659.415, 300.829101, 59.099830
40149.920, 300.462145, 58.770497
13612.922, 300.546053, 58.846468
7443.266, 300.558874, 58.857058
36684.198, 300.438366, 58.750294
39887.222, 300.448223, 58.759606
7350.963, 300.552681, 58.851802
88922.823, 300.579314, 58.881327
13318.131, 300.675290, 58.964194
47224.098, 300.777868, 59.058582
11505.157, 300.786716, 59.065275
5058.205, 300.537989, 58.840692
25928.115, 300.624484, 58.920769
6764.545, 300.809391, 59.085892
72858.371, 300.492654, 58.806459
20781.257, 300.812654, 59.090969
17036.210, 300.827049, 59.103988
15153.677, 300.520596, 58.827003
23780.324, 300.744689, 59.032784
34267.277, 300.538568, 58.849137
26690.995, 300.656367, 58.954668
10669.624, 300.693245, 58.986506
30545.919, 300.777374, 59.064130
5820.481, 300.718898, 59.010890
3108.989, 300.510814, 58.823071
11460.947, 300.613737, 58.918442
4778.157, 300.695889, 58.991567
23638.151, 300.742443, 59.037963
5067.255, 300.819710, 59.106058
33534.319, 300.635180, 58.942275
3146.931, 300.525985, 58.841250
32652.905, 300.744892, 59.042957
3992.808, 300.432368, 58.756691
7768.118, 300.604311, 58.914606
284982.629, 300.703006, 59.009930
1976.791, 300.816260, 59.104375
11763.595, 300.771536, 59.068230
29548.446, 300.711579, 59.017286
4632.287, 300.476103, 58.799687
4354.218, 300.543876, 58.862780
2731.426, 300.534801, 58.854344
8955.666, 300.587986, 58.904859
11588.601, 300.559096, 58.879598
8538.984, 300.583967, 58.901390
18362.776, 300.716733, 59.022280
93837.335, 300.429761, 58.769872
19691.544, 300.457373, 58.788081
3032.119, 300.462487, 58.791599
17791.037, 300.471372, 58.803456
12001.382, 300.601162, 58.920157
1966.212, 300.606382, 58.922462
40741.032, 300.558827, 58.885491
13565.433, 300.661205, 58.976740
16785.358, 300.582570, 58.906732
40982.804, 300.613697, 58.936670
3874.105, 300.734706, 59.044357
5113.936, 300.783148, 59.087861
5488.785, 300.443775, 58.780857
26983.845, 300.492599, 58.827895
4673.025, 300.539199, 58.868245
3966.739, 300.750797, 59.059099
6400.139, 300.803161, 59.106962
3145.731, 300.637087, 58.957687
4662.118, 300.457171, 58.795213
36949.785, 300.740042, 59.054732
14874.604, 300.659782, 58.981646
40978.447, 300.718417, 59.038786
6589.058, 300.759143, 59.071846
4255.284, 300.502735, 58.839227
21677.392, 300.484238, 58.825651
2401.782, 300.514955, 58.851162
39955.310, 300.623323, 58.953531
32661.914, 300.765866, 59.081584
3287.553, 300.724659, 59.042541
40042.756, 300.556930, 58.894443
20790.884, 300.812587, 59.124708
30991.779, 300.637242, 58.968339
33348.011, 300.437396, 58.787147
20203.188, 300.533426, 58.872678
2353.513, 300.443155, 58.789692
1970.543, 300.457216, 58.802372
5054.180, 300.617523, 58.948881
4260.369, 300.430381, 58.780117
45305.404, 300.448344, 58.800110
5564.766, 300.485495, 58.831563
1970.319, 300.793262, 59.109509
13200.727, 300.410937, 58.766456
3877.872, 300.466593, 58.817808
8184.399, 300.777402, 59.100460
21593.625, 300.476776, 58.829922
4282.401, 300.793404, 59.116304
21656.890, 300.423637, 58.786807
3923.249, 300.470182, 58.827690
34704.480, 300.639429, 58.984621
45460.501, 300.708250, 59.047122
1922.694, 300.634669, 58.979743
4704.498, 300.539569, 58.894412
29061.267, 300.769388, 59.104436
25127.117, 300.475215, 58.841071
5062.734, 300.533370, 58.889767
35425.146, 300.733844, 59.074583
23051.403, 300.447863, 58.815246
28604.744, 300.654855, 59.003688
20036.585, 300.465733, 58.831521
5094.879, 300.591332, 58.944453
30402.429, 300.672831, 59.021454
9739.016, 300.462218, 58.828223
7019.878, 300.429926, 58.800511
3124.296, 300.442019, 58.810004
6617.650, 300.482390, 58.850319
9712.536, 300.452763, 58.822304
42717.776, 300.412588, 58.789601
5442.758, 300.499283, 58.866092
17646.604, 300.710062, 59.059278
11830.625, 300.715559, 59.064118
85498.799, 300.767862, 59.115132
25293.850, 300.689200, 59.042501
2366.600, 300.407512, 58.784150
9679.826, 300.455213, 58.828569
30104.806, 300.527656, 58.898080
12214.452, 300.584828, 58.948407
17216.928, 300.664284, 59.020585
4691.937, 300.702696, 59.054077
12539.813, 300.398068, 58.779238
11063.421, 300.654578, 59.012960
21888.234, 300.546677, 58.919084
35004.372, 300.469077, 58.848537
3508.715, 300.482440, 58.859274
48397.461, 300.777160, 59.133529
5424.271, 300.560171, 58.932665
66612.829, 300.391356, 58.782810
9139.204, 300.711523, 59.071357
49175.661, 300.734633, 59.094931
1877.222, 300.694294, 59.055152
2750.157, 300.379623, 58.770125
12803.922, 300.381328, 58.774707
20152.815, 300.448852, 58.839091
61975.518, 300.478759, 58.867916
2764.995, 300.524600, 58.905031
39572.288, 300.750023, 59.113086
75661.013, 300.401199, 58.800176
37475.820, 300.465109, 58.855481
9762.703, 300.593134, 58.969423
2770.832, 300.635350, 59.007089
17607.037, 300.430764, 58.823937
29556.633, 300.606402, 58.985541
2328.575, 300.521925, 58.907286
70486.187, 300.631499, 59.013172
12743.848, 300.396280, 58.794916
9361.563, 300.542602, 58.928312
35086.725, 300.564042, 58.949393
3129.165, 300.643293, 59.018882
2332.958, 300.490591, 58.881204
32521.246, 300.489882, 58.885380
7464.939, 300.673822, 59.051112
22292.107, 300.496920, 58.893726
2326.494, 300.653791, 59.033011
2364.062, 300.769067, 59.136718
3495.493, 300.428916, 58.829153
5143.036, 300.580699, 58.967940
27688.399, 300.447185, 58.851053
3124.404, 300.430051, 58.831458
4354.176, 300.540168, 58.932375
28979.288, 300.711280, 59.090790
3934.176, 300.565629, 58.957713
5140.679, 300.667778, 59.050374
3864.105, 300.719435, 59.097167
27224.042, 300.363748, 58.779044
5548.480, 300.539386, 58.935539
34097.959, 300.617020, 59.008419
64435.158, 300.643421, 59.035002
3545.037, 300.674895, 59.059055
58681.627, 300.722449, 59.107085
14946.874, 300.568160, 58.963996
5914.761, 300.454864, 58.860745
5008.675, 300.385800, 58.798035
1998.846, 300.420060, 58.828976
63634.384, 300.520862, 58.928077
2311.697, 300.415628, 58.827247
6321.565, 300.746224, 59.128643
3897.587, 300.568537, 58.969622
384291.129, 300.579631, 58.992279
4296.604, 300.467497, 58.878581
107374.445, 300.458149, 58.875332
25040.702, 300.397411, 58.818472
4995.785, 300.472964, 58.887839
31369.782, 300.695417, 59.092286
1934.022, 300.631951, 59.032752
40691.084, 300.642213, 59.045220
26615.920, 300.649891, 59.052413
1914.019, 300.389222, 58.812520
2742.810, 300.439113, 58.858768
3092.829, 300.567769, 58.976912
22409.396, 300.477639, 58.896869
13542.465, 300.399625, 58.826346
13966.012, 300.436304, 58.861272
7825.895, 300.383057, 58.813157
6660.754, 300.518283, 58.936020
24338.582, 300.544179, 58.961237
2671.293, 300.357782, 58.788965
11262.096, 300.459179, 58.883438
8259.086, 300.739670, 59.137279
25106.997, 300.345664, 58.783164
24698.706, 300.445762, 58.874092
48691.506, 300.687558, 59.096790
18708.596, 300.725960, 59.129905
2347.571, 300.402305, 58.833913
4678.493, 300.472166, 58.899761
28575.374, 300.697490, 59.107662
9750.807, 300.367143, 58.804565
22140.061, 300.385912, 58.823607
5819.714, 300.372630, 58.810089
5017.943, 300.485338, 58.913484
48616.333, 300.736994, 59.144258
5096.248, 300.353884, 58.793569
5079.978, 300.514402, 58.941286
2364.668, 300.338933, 58.780337
1984.212, 300.429873, 58.863998
3180.015, 300.657449, 59.070878
30996.923, 300.375671, 58.819709
40032.308, 300.467353, 58.905761
26572.422, 300.713059, 59.128562
29975.396, 300.675876, 59.097832
2356.848, 300.393934, 58.839465
22008.880, 300.364775, 58.816723
83701.619, 300.596430, 59.031402
83458.863, 300.564040, 59.003042
31730.523, 300.627417, 59.058230
4729.902, 300.435477, 58.881559
5045.431, 300.448114, 58.893507
5603.346, 300.590688, 59.023508
48821.241, 300.655630, 59.089866
3533.645, 300.408312, 58.857603
3966.908, 300.390570, 58.842173
5794.122, 300.488768, 58.933410
20347.768, 300.726379, 59.149069
4273.650, 300.334141, 58.791168
8219.684, 300.345880, 58.803296
46497.167, 300.394911, 58.849721
2266.379, 300.476860, 58.921980
4300.590, 300.689260, 59.115017
12319.943, 300.708878, 59.133887
5803.694, 300.375213, 58.830382
19369.326, 300.435141, 58.886371
26504.848, 300.347557, 58.807159
4714.288, 300.377377, 58.832818
6251.818, 300.522703, 58.965754
20762.754, 300.615083, 59.051195
5460.640, 300.440918, 58.891985
20761.336, 300.339216, 58.802938
74670.586, 300.524513, 58.975283
3910.952, 300.574209, 59.013499
5867.067, 300.489120, 58.938496
7778.731, 300.394901, 58.856219
9336.278, 300.422499, 58.880557
3096.945, 300.442731, 58.899264
36100.238, 300.478450, 58.935092
5441.387, 300.509137, 58.961292
3157.862, 300.551743, 59.000059
21542.640, 300.711786, 59.147068
2348.447, 300.357181, 58.822927
2702.991, 300.425267, 58.886053
5924.379, 300.659994, 59.100055
2368.741, 300.321696, 58.791568
2693.320, 300.574138, 59.021790
1958.627, 300.687381, 59.126452
5446.116, 300.704295, 59.142544
18760.288, 300.492035, 58.951312
9266.166, 300.399686, 58.868026
37590.588, 300.452440, 58.918532
9327.341, 300.343450, 58.816670
87189.450, 300.417132, 58.889227
10594.787, 300.615875, 59.066289
20598.779, 300.331902, 58.810336
8129.317, 300.381550, 58.855714
2323.454, 300.542374, 58.998915
10908.593, 300.650584, 59.098216
34022.257, 300.672505, 59.119534
7087.429, 300.341411, 58.818857
2719.459, 300.461021, 58.927289
35580.213, 300.516965, 58.980482
34329.397, 300.709466, 59.154916
13241.965, 300.597183, 59.052093
3132.527, 300.355236, 58.830891
34734.181, 300.357173, 58.835960
12554.596, 300.482936, 58.949216
6713.816, 300.570200, 59.027618
11235.408, 300.346223, 58.824686
4292.015, 300.382590, 58.858084
32792.156, 300.398976, 58.877266
16437.968, 300.529240, 58.993948
2358.446, 300.370705, 58.848060
1957.944, 300.398067, 58.873749
1991.245, 300.510006, 58.975302
3136.867, 300.680750, 59.130827
4694.146, 300.363709, 58.843187
3940.837, 300.428345, 58.902813
31696.556, 300.434240, 58.911542
50005.909, 300.457746, 58.933251
5415.320, 300.625793, 59.082383
3181.814, 300.577825, 59.039923
3545.765, 300.633337, 59.090353
69484.338, 300.642684, 59.105267
10991.998, 300.663179, 59.120387
21667.671, 300.683679, 59.139336
7383.871, 300.338432, 58.826005
3479.370, 300.413272, 58.894162
202748.493, 300.430725, 58.920155
3093.122, 300.467190, 58.943429
4623.358, 300.546715, 59.016838
7380.553, 300.311036, 58.804362
16682.316, 300.500617, 58.978708
14927.611, 300.370775, 58.860951
41757.617, 300.440001, 58.927602
5435.632, 300.527303, 59.003136
15985.973, 300.697652, 59.158428
29711.338, 300.302552, 58.799593
17443.420, 300.321811, 58.818977
9326.179, 300.416590, 58.903569
6338.293, 300.617967, 59.086559
2377.254, 300.456682, 58.941398
32366.781, 300.474427, 58.960264
20710.499, 300.542855, 59.023814
31291.276, 300.326728, 58.825610
22442.476, 300.360637, 58.857236
7812.520, 300.457324, 58.945195
17513.828, 300.599981, 59.078321
4285.846, 300.308635, 58.809126
10507.665, 300.408160, 58.903560
11604.875, 300.485797, 58.976235
18932.155, 300.324225, 58.830918
14407.209, 300.352331, 58.854516
5026.660, 300.606277, 59.085170
21345.253, 300.299654, 58.807839
9072.966, 300.400674, 58.898958
46479.319, 300.310914, 58.821832
41371.650, 300.330766, 58.838791
12091.002, 300.473343, 58.968061
68812.974, 300.299183, 58.815828
5482.723, 300.446673, 58.943989
44325.616, 300.487333, 58.988254
41752.247, 300.678343, 59.158299
12091.619, 300.334379, 58.843653
2386.871, 300.569427, 59.056872
56066.993, 300.524909, 59.021812
110250.336, 300.628160, 59.119143
29247.601, 300.640874, 59.125398
16278.660, 300.348254, 58.859183
12525.919, 300.457903, 58.959138
3531.275, 300.323772, 58.836418
29714.390, 300.353773, 58.866542
72229.506, 300.385166, 58.897525
3082.563, 300.464312, 58.965279
63817.312, 300.511600, 59.013469
46432.873, 300.401585, 58.912726
3606.881, 300.474375, 58.976143
18192.219, 300.367945, 58.882023
29454.477, 300.505265, 59.008635
3520.903, 300.336827, 58.852643
44283.735, 300.281311, 58.806565
6502.480, 300.479502, 58.985056
7050.731, 300.564471, 59.062010
33126.513, 300.327106, 58.850301
3157.714, 300.447097, 58.955491
60418.147, 300.540881, 59.045048
2727.622, 300.572710, 59.069582
3111.229, 300.324418, 58.843969
7056.274, 300.604380, 59.100264
4385.515, 300.375480, 58.891687
33395.220, 300.571989, 59.074880
69126.828, 300.344638, 58.873251
22752.125, 300.393020, 58.911819
9750.827, 300.554303, 59.057235
2249.396, 300.593134, 59.091781
4295.911, 300.276763, 58.803892
3523.446, 300.298729, 58.824282
2324.388, 300.549273, 59.054475
8936.900, 300.307607, 58.837437
5431.925, 300.336470, 58.862566
10060.765, 300.448915, 58.965551
1995.623, 300.482503, 58.994980
105307.024, 300.258873, 58.806496
5106.279, 300.369610, 58.893503
19392.698, 300.661407, 59.160256
12977.116, 300.372976, 58.899571
19710.842, 300.287439, 58.821487
14343.302, 300.358585, 58.885876
3522.930, 300.383679, 58.907864
22376.110, 300.414616, 58.939509
45098.566, 300.291819, 58.828089
12869.639, 300.494955, 59.013221
7416.407, 300.579735, 59.088303
3458.278, 300.393676, 58.920020
2758.770, 300.509988, 59.025546
6170.812, 300.277383, 58.814176
2004.093, 300.549898, 59.062269
21110.740, 300.305828, 58.842412
5147.887, 300.603263, 59.112271
20146.120, 300.299110, 58.838515
3872.541, 300.501893, 59.022229
4358.889, 300.402005, 58.930831
7795.705, 300.309292, 58.847819
3506.419, 300.324029, 58.859905
6983.746, 300.327242, 58.864118
18253.555, 300.503524, 59.025950
44426.233, 300.580101, 59.096637
22582.589, 300.587687, 59.102584
27957.661, 300.289651, 58.835037
28151.633, 300.412304, 58.944224
1932.387, 300.643481, 59.152100
26132.593, 300.384790, 58.922011
29658.141, 300.596961, 59.114330
13282.225, 300.274858, 58.819112
14821.385, 300.618011, 59.133400
53670.989, 300.357924, 58.898862
1972.182, 300.553075, 59.072904
1965.438, 300.566242, 59.084828
6603.398, 300.372270, 58.909821
11729.765, 300.456697, 58.988454
13352.189, 300.472285, 59.002632
7154.896, 300.606958, 59.124165
2682.190, 300.334347, 58.875826
22674.391, 300.348343, 58.891006
3125.204, 300.302178, 58.847761
7309.003, 300.310273, 58.855687
49597.368, 300.320814, 58.869313
15748.914, 300.635566, 59.153273
123278.700, 300.261415, 58.819493
6934.017, 300.373253, 58.916976
5485.863, 300.297405, 58.846760
7761.567, 300.499270, 59.032040
1978.030, 300.564809, 59.089928
41211.775, 300.570583, 59.102235
6963.196, 300.271864, 58.823991
3135.620, 300.308862, 58.860054
2293.738, 300.333473, 58.882185
18835.441, 300.500311, 59.036940
16562.607, 300.522804, 59.056523
5892.772, 300.642360, 59.164193
4649.109, 300.416361, 58.958870
464479.060, 300.308072, 58.875914
1999.950, 300.410907, 58.954648
5457.427, 300.348676, 58.898462
16524.327, 300.436774, 58.980702
5495.722, 300.312508, 58.866577
4342.618, 300.377425, 58.926571
25538.371, 300.528126, 59.067434
5163.712, 300.557904, 59.090608
6192.495, 300.335856, 58.889142
52193.176, 300.612020, 59.145441
4667.260, 300.515295, 59.054531
5918.394, 300.563005, 59.097564
5441.462, 300.291449, 58.851216
23734.032, 300.441556, 58.990148
40312.152, 300.296513, 58.861263
3864.310, 300.267816, 58.830115
6653.854, 300.591262, 59.125903
7389.542, 300.341031, 58.898748
47146.931, 300.431280, 58.984935
58378.680, 300.536235, 59.083456
19341.147, 300.600019, 59.136954
1894.218, 300.379764, 58.936996
26078.385, 300.582003, 59.124075
83512.646, 300.366613, 58.936944
12096.126, 300.463717, 59.016849
5250.579, 300.289358, 58.858104
3877.322, 300.355854, 58.919004
17704.412, 300.510292, 59.061925
9639.687, 300.381879, 58.945978
18966.232, 300.421707, 58.982350
11337.267, 300.554456, 59.103239
3939.506, 300.266731, 58.839918
45362.544, 300.558392, 59.109193
14566.537, 300.613854, 59.157649
5797.378, 300.312010, 58.882731
1864.998, 300.406041, 58.967799
24370.309, 300.327235, 58.899102
68325.299, 300.246143, 58.831741
49712.803, 300.285524, 58.869682
11767.136, 300.386391, 58.952746
8164.711, 300.390264, 58.956628
1923.507, 300.337153, 58.907615
6993.229, 300.409409, 58.974163
71364.761, 300.537117, 59.094586
7775.432, 300.351678, 58.922702
3120.573, 300.234255, 58.814327
20686.530, 300.621610, 59.170321
10116.585, 300.281161, 58.860925
7394.315, 300.550851, 59.106352
11778.674, 300.359690, 58.932373
4765.778, 300.531755, 59.088718
24396.327, 300.266836, 58.850817
21176.582, 300.396926, 58.968463
2724.239, 300.403308, 58.972736
8174.188, 300.499807, 59.060996
2284.946, 300.504094, 59.065725
2751.761, 300.256508, 58.840178
13401.736, 300.451881, 59.020672
37480.350, 300.609182, 59.166557
7143.043, 300.475992, 59.043019
83500.714, 300.323730, 58.909276
71289.403, 300.435768, 59.014215
8491.066, 300.466069, 59.036763
4341.882, 300.412073, 58.986485
3127.234, 300.536770, 59.099496
22085.362, 300.367079, 58.949249
18840.836, 300.477536, 59.049907
15985.312, 300.311592, 58.898486
21733.058, 300.527966, 59.096409
97559.376, 300.255297, 58.853019
25569.858, 300.423851, 59.003468
4277.528, 300.249260, 58.842720
9243.543, 300.287426, 58.877534
3515.828, 300.404976, 58.984674
2821.451, 300.492692, 59.064644
15540.850, 300.545285, 59.113984
5822.527, 300.352787, 58.938947
1980.187, 300.573100, 59.139040
5491.855, 300.448855, 59.028039
15273.491, 300.479453, 59.057563
5452.077, 300.494772, 59.069245
90998.995, 300.530813, 59.107761
3072.631, 300.411235, 58.993969
1985.559, 300.294211, 58.887676
5563.030, 300.315207, 58.906713
3086.475, 300.331332, 58.921987
27182.123, 300.592578, 59.162935
13219.341, 300.610076, 59.175980
1960.300, 300.287142, 58.881336
16147.908, 300.467765, 59.050080
2741.150, 300.567959, 59.138761
19627.517, 300.577889, 59.150648
20799.938, 300.301999, 58.900351
9294.630, 300.389400, 58.978872
36609.669, 300.433766, 59.023513
1947.037, 300.501334, 59.079748
23028.812, 300.309591, 58.909463
3093.331, 300.353170, 58.947105
26972.537, 300.404726, 58.997850
7963.680, 300.598765, 59.171749
7803.925, 300.520411, 59.101831
6340.197, 300.236689, 58.843063
2692.099, 300.377156, 58.971409
5862.076, 300.220500, 58.828633
55075.877, 300.276454, 58.885711
3252.359, 300.411125, 59.003190
15585.839, 300.420481, 59.015334
29632.910, 300.530067, 59.113885
11451.382, 300.290255, 58.894660
7459.618, 300.383937, 58.981240
16958.402, 300.553070, 59.135672
14961.790, 300.257339, 58.866591
32795.770, 300.353759, 58.955563
38906.348, 300.567003, 59.150776
7001.394, 300.208118, 58.821541
23275.885, 300.333787, 58.940005
3485.225, 300.432605, 59.026762
4281.427, 300.472135, 59.062828
5892.288, 300.588759, 59.169663
13485.642, 300.339856, 58.944683
20662.059, 300.507053, 59.098453
39496.493, 300.243907, 58.859622
10498.105, 300.402529, 59.005300
29313.347, 300.575882, 59.162333
9002.316, 300.393152, 58.995632
2364.779, 300.572813, 59.158159
7842.794, 300.601577, 59.185208
28853.016, 300.593001, 59.180769
34019.665, 300.298706, 58.913553
23596.740, 300.372581, 58.980655
7838.430, 300.205052, 58.825669
6194.631, 300.281170, 58.896129
3146.824, 300.321035, 58.931531
2284.055, 300.216243, 58.836035
18194.468, 300.360205, 58.970847
17998.146, 300.436662, 59.040640
10119.874, 300.546358, 59.139220
2019.454, 300.344729, 58.956041
2719.978, 300.273709, 58.891537
26755.609, 300.439970, 59.046972
17129.534, 300.573877, 59.167887
10236.871, 300.527632, 59.125942
1951.583, 300.564306, 59.158042
16527.333, 300.339450, 58.955846
2030.062, 300.544951, 59.141694
3955.133, 300.197076, 58.824701
8136.991, 300.240707, 58.865340
37919.596, 300.317708, 58.940857
58421.002, 300.480726, 59.090392
12279.874, 300.535582, 59.135065
3615.784, 300.580604, 59.174610
36532.850, 300.493374, 59.099300
8559.247, 300.366549, 58.982136
8933.461, 300.475050, 59.081909
6250.401, 300.223938, 58.853190
30055.204, 300.418590, 59.032424
7038.425, 300.281102, 58.905693
72396.949, 300.335245, 58.962585
51042.083, 300.202249, 58.839374
24004.822, 300.444987, 59.058693
3877.732, 300.348296, 58.969983
133252.724, 300.355201, 58.981991
1959.387, 300.373683, 58.992368
7710.105, 300.559006, 59.161281
3154.971, 300.283608, 58.910817
1867.366, 300.187891, 58.823270
3947.159, 300.439372, 59.055171
3473.740, 300.571907, 59.175078
57355.294, 300.268836, 58.903461
200424.127, 300.478777, 59.100478
15778.439, 300.202430, 58.845472
8881.909, 300.227028, 58.864894
2796.139, 300.281003, 58.913731
8187.613, 300.262535, 58.898309
3121.400, 300.320387, 58.951263
80303.206, 300.323145, 58.957627
3151.276, 300.527098, 59.138976
9438.524, 300.207201, 58.848766
53952.926, 300.211238, 58.854964
6989.366, 300.298115, 58.931728
21991.048, 300.519260, 59.135954
7395.445, 300.227311, 58.868791
26483.545, 300.278286, 58.918195
3171.611, 300.341665, 58.973813
8489.983, 300.438255, 59.063265
17028.456, 300.302664, 58.941451
172152.794, 300.325177, 58.971416
5111.939, 300.426746, 59.052796
8527.508, 300.249632, 58.892859
25890.212, 300.391040, 59.023880
27707.911, 300.445503, 59.074535
19443.743, 300.305982, 58.947485
2343.379, 300.312155, 58.950032
1932.966, 300.569277, 59.184711
3482.453, 300.252596, 58.896703
20348.269, 300.574501, 59.192070
2341.124, 300.262319, 58.906513
18186.014, 300.263682, 58.911023
6229.467, 300.356449, 58.994554
5090.891, 300.559783, 59.178786
2328.302, 300.279977, 58.924019
18099.658, 300.338205, 58.979615
53592.824, 300.174841, 58.833172
6254.006, 300.351957, 58.991709
4274.703, 300.239281, 58.888783
10010.425, 300.315006, 58.959507
3896.904, 300.404317, 59.039961
1899.284, 300.459558, 59.090076
12869.124, 300.547777, 59.171735
29564.780, 300.566240, 59.189955
42156.530, 300.209710, 58.867432
2357.026, 300.220827, 58.874239
8907.113, 300.296005, 58.944339
8530.236, 300.510995, 59.139795
8213.978, 300.191160, 58.849789
8973.951, 300.425203, 59.064763
6987.787, 300.216428, 58.873787
45002.489, 300.393095, 59.039024
13540.452, 300.402127, 59.046515
9265.430, 300.218995, 58.877871
10894.635, 300.200511, 58.861704
9337.472, 300.380660, 59.026913
10840.342, 300.183002, 58.846531
27615.199, 300.339310, 58.991315
6263.680, 300.498753, 59.134733
6679.957, 300.279695, 58.936746
8954.201, 300.346477, 58.997025
4291.944, 300.445077, 59.087785
3133.647, 300.244930, 58.905059
26636.864, 300.292658, 58.951536
3157.713, 300.411390, 59.057508
2795.943, 300.465010, 59.107069
21034.818, 300.487885, 59.129249
