# Source Fluxes and Coordinates
# Flux (e-/s), RA (deg), Dec (deg)
25559.272, 301.047154, 58.749328
2403.209, 301.123890, 58.817388
13513.459, 301.260304, 58.940812
13526.964, 300.964959, 58.676887
18345.051, 301.009106, 58.717650
12405.799, 301.075677, 58.776901
39493.284, 301.087183, 58.789045
18867.262, 301.358433, 59.031303
2847.011, 300.969704, 58.681349
17506.923, 300.986357, 58.698117
2072.774, 301.037264, 58.743192
6535.752, 300.982039, 58.694527
4124.117, 301.094626, 58.796474
25013.893, 301.101384, 58.804617
9163.090, 301.215945, 58.907000
16195.510, 301.251975, 58.940527
13687.285, 301.241237, 58.933327
28314.095, 301.076946, 58.787457
17247.608, 301.033436, 58.748720
26182.693, 301.090791, 58.800081
110813.426, 301.110853, 58.823656
13311.443, 300.992878, 58.711892
10316.515, 301.349999, 59.031847
20413.945, 301.123635, 58.832424
9442.401, 301.161503, 58.864044
55982.369, 300.969668, 58.695891
23469.450, 301.327962, 59.016138
2451.031, 300.950652, 58.677067
14878.426, 301.204250, 58.907099
457740.588, 301.206613, 58.921056
11749.134, 301.275860, 58.972017
9505.467, 301.232956, 58.935579
2054.504, 300.977153, 58.705137
2453.653, 300.988095, 58.715087
14821.461, 301.279489, 58.978944
993353.932, 301.100001, 58.834679
2032.910, 301.184430, 58.893680
24841.902, 301.292804, 58.993325
23756.247, 301.264287, 58.969057
2424.866, 300.972492, 58.706401
63400.808, 301.242396, 58.953859
3320.209, 301.025108, 58.754707
10198.172, 300.961935, 58.699206
4103.993, 301.159749, 58.878184
2487.461, 301.014545, 58.747131
2077.845, 301.091665, 58.818842
22140.379, 300.939953, 58.684722
144765.867, 300.991676, 58.736004
5781.063, 301.064657, 58.795610
3712.260, 301.003478, 58.742528
118641.500, 300.949829, 58.702231
13001.356, 301.012535, 58.755136
43347.095, 301.236404, 58.960840
2488.203, 301.140536, 58.870400
4065.253, 301.021499, 58.765521
55563.664, 301.036002, 58.786344
2831.705, 300.940142, 58.694312
3308.158, 301.011717, 58.760127
6132.266, 301.151078, 58.888198
4925.521, 300.931867, 58.692230
75459.987, 301.303605, 59.030218
7006.417, 300.945666, 58.706356
8687.218, 301.115301, 58.859282
16122.380, 301.141733, 58.883786
2500.488, 301.225931, 58.957442
33066.687, 301.055096, 58.807751
8684.887, 301.110105, 58.855561
10216.162, 301.007057, 58.764178
6649.628, 301.131549, 58.877738
55401.022, 301.056781, 58.817364
11619.567, 301.117308, 58.865705
6894.234, 300.989135, 58.751503
4955.913, 301.304393, 59.035511
22205.250, 301.177687, 58.926945
5982.602, 301.317937, 59.051252
4078.664, 300.958836, 58.729695
15885.150, 301.061578, 58.823732
10216.672, 301.292777, 59.029583
46880.109, 300.973986, 58.749035
18657.885, 301.270035, 59.014050
10240.769, 300.990066, 58.761203
16493.081, 301.086100, 58.849622
32595.658, 301.099498, 58.864182
69182.257, 301.293893, 59.039253
40955.393, 300.958053, 58.737612
2051.695, 300.967134, 58.741734
34715.755, 301.136035, 58.899061
22018.289, 301.008325, 58.785763
2466.410, 301.061422, 58.836223
2890.094, 301.092067, 58.863995
44833.571, 301.181674, 58.947743
13707.051, 301.283796, 59.038585
8647.120, 301.206653, 58.970298
39986.125, 301.010776, 58.797943
17718.850, 301.112281, 58.888793
2423.207, 301.192433, 58.958289
3251.315, 300.980081, 58.768503
41323.219, 301.134390, 58.911587
3742.750, 300.893191, 58.691346
21883.861, 300.981111, 58.773570
100068.446, 301.202240, 58.976240
2887.804, 301.040900, 58.826260
57994.166, 300.928796, 58.730928
5323.524, 300.948073, 58.748120
39284.517, 301.210591, 58.986995
2011.486, 300.887676, 58.692856
59752.236, 301.167221, 58.949438
38596.712, 301.253187, 59.025498
2932.935, 301.269906, 59.038832
4065.481, 300.936896, 58.739759
19275.801, 301.055663, 58.849481
23878.796, 301.135647, 58.921500
23585.674, 300.944030, 58.752285
16780.678, 300.981285, 58.786003
67180.436, 301.170612, 58.959066
2092.131, 300.993892, 58.796243
24863.556, 301.065743, 58.864912
2892.427, 300.939084, 58.749205
54373.286, 301.011089, 58.820129
2054.886, 301.115981, 58.909910
57331.454, 301.152607, 58.947684
32268.962, 300.876524, 58.697983
14785.694, 300.890035, 58.709294
168492.189, 300.902100, 58.724843
11402.864, 300.962763, 58.776772
26425.708, 301.107986, 58.910534
2831.640, 300.883493, 58.705393
17642.306, 300.893896, 58.717792
10752.374, 300.940946, 58.759493
22425.145, 301.088485, 58.894843
7398.426, 301.220051, 59.011184
6621.747, 301.264952, 59.050754
8334.231, 301.246823, 59.036268
4949.694, 300.882444, 58.709288
4086.531, 301.053156, 58.863597
5333.386, 300.970816, 58.790237
2932.475, 300.945487, 58.769479
10686.476, 301.264456, 59.057703
8546.533, 300.972899, 58.796334
146638.752, 300.869562, 58.711766
2435.757, 301.079816, 58.892845
2878.087, 300.948557, 58.776692
9942.799, 301.012723, 58.835594
6357.316, 301.106908, 58.919742
27107.570, 300.984675, 58.812845
54224.259, 301.109792, 58.926674
122898.987, 300.880652, 58.724938
6477.186, 300.996173, 58.821879
4078.745, 300.894145, 58.729991
36081.268, 301.045580, 58.872749
2463.437, 300.913326, 58.750220
108510.062, 301.068273, 58.896617
9439.367, 300.858246, 58.704692
8541.216, 301.021911, 58.852845
8553.641, 300.885586, 58.729831
56040.106, 300.905003, 58.752090
18602.507, 300.939785, 58.780022
68990.908, 300.943763, 58.788524
51024.423, 301.105116, 58.933991
77860.791, 300.895289, 58.745916
8745.453, 300.974359, 58.814327
3276.709, 300.919252, 58.764239
37685.955, 301.111786, 58.940715
2481.901, 301.255952, 59.067054
68418.442, 301.167367, 58.994695
27714.795, 300.995239, 58.840458
5796.828, 300.991202, 58.835236
5378.107, 300.905384, 58.757978
6148.936, 300.859625, 58.716961
41093.664, 300.880979, 58.741597
40683.073, 301.047691, 58.889258
9788.231, 301.069626, 58.909632
38572.336, 301.075783, 58.917230
66920.144, 301.015687, 58.865023
10163.215, 300.949287, 58.804444
4883.005, 300.904958, 58.765104
10326.215, 301.107174, 58.947846
79971.037, 300.886385, 58.754638
5392.158, 300.986439, 58.840150
151768.538, 301.137841, 58.982384
56876.408, 300.970593, 58.834903
3706.501, 300.899431, 58.764954
17543.270, 301.239929, 59.072773
12209.769, 300.949774, 58.813581
384932.379, 300.858943, 58.741129
2074.068, 300.945083, 58.808131
8162.787, 300.929937, 58.797651
3246.133, 300.966965, 58.829523
2031.878, 300.935148, 58.801313
124512.099, 301.026636, 58.890647
14353.340, 301.067760, 58.923209
17487.756, 301.189395, 59.032390
3326.664, 300.876158, 58.751170
3255.429, 300.986096, 58.851392
3758.788, 301.181802, 59.026598
2431.175, 300.841535, 58.720850
4504.717, 300.870621, 58.748436
20523.327, 300.898762, 58.775773
68040.637, 300.953177, 58.826258
63774.863, 300.999783, 58.871691
6975.234, 300.915305, 58.789901
8249.861, 300.881185, 58.760479
10760.103, 301.014159, 58.882288
8194.914, 301.061690, 58.925438
4938.677, 301.068997, 58.931524
24795.033, 301.141391, 58.998287
11234.269, 301.221891, 59.069816
16031.830, 301.097715, 58.960045
8969.475, 300.889775, 58.772481
3731.140, 300.923593, 58.802683
9324.903, 300.977599, 58.851811
3226.425, 300.839035, 58.727476
1254663.236, 300.811639, 58.724275
20119.720, 300.959616, 58.839786
5722.481, 300.901751, 58.786363
10307.059, 300.879664, 58.771389
2062.977, 300.937930, 58.821076
18206.470, 300.952328, 58.837211
2455.853, 301.093996, 58.966084
56441.522, 301.202557, 59.068616
110943.003, 300.862895, 58.766579
23184.998, 301.065808, 58.947427
4079.589, 300.844540, 58.746113
3776.675, 300.997543, 58.884335
11470.612, 300.851181, 58.753981
21718.853, 300.922653, 58.819598
144378.882, 301.022867, 58.914212
19494.292, 301.106561, 58.984738
6557.462, 300.948270, 58.841876
3730.856, 300.838933, 58.743945
2501.625, 300.994815, 58.888568
28720.549, 301.112137, 58.995277
3274.387, 300.847568, 58.758733
39110.126, 301.047104, 58.943107
112180.232, 301.132093, 59.022043
20056.050, 300.926083, 58.836037
59618.148, 300.983319, 58.889060
41513.360, 301.084888, 58.979615
2078.207, 300.907488, 58.817629
53960.023, 300.916108, 58.830514
13509.648, 300.961597, 58.867604
53474.025, 301.119701, 59.013230
66887.606, 300.815291, 58.739698
15615.644, 300.989139, 58.895434
9112.497, 301.036296, 58.936988
6021.513, 300.935792, 58.847405
14746.321, 300.963150, 58.872531
14625.317, 300.841090, 58.763147
4883.096, 301.019747, 58.925944
610381.667, 300.819677, 58.765461
4907.015, 300.896829, 58.814930
2065.798, 300.849795, 58.774313
2519.311, 300.857277, 58.782055
89343.879, 300.935535, 58.858474
2837.095, 300.818607, 58.748724
12369.916, 300.906904, 58.829649
32522.660, 301.142710, 59.043920
3692.853, 301.014753, 58.927043
34209.851, 300.792402, 58.731626
20017.882, 301.075373, 58.986246
29130.094, 301.101006, 59.008680
17714.154, 300.975120, 58.896514
15000.800, 300.782863, 58.723506
99809.752, 300.838058, 58.779127
7776.869, 300.855382, 58.788428
8227.153, 300.888992, 58.818731
8806.994, 301.027025, 58.943483
17699.658, 301.174656, 59.076510
11150.484, 301.067272, 58.981691
3687.540, 300.986125, 58.907670
12020.641, 301.063754, 58.978321
30067.287, 300.901657, 58.835150
6566.339, 300.829649, 58.771080
15232.009, 300.800395, 58.745956
10182.036, 300.903926, 58.840628
3733.901, 300.972785, 58.901391
42649.899, 301.139539, 59.054949
10279.158, 300.924503, 58.861393
3731.648, 301.079914, 59.000548
5764.671, 300.851272, 58.795340
2506.840, 300.793421, 58.742651
2884.704, 300.782520, 58.733228
2024.159, 300.957632, 58.892819
8202.226, 300.772917, 58.727164
5362.167, 300.845865, 58.792882
2870.845, 300.942015, 58.879863
10221.465, 300.950171, 58.889928
22828.825, 301.014565, 58.948381
15169.568, 300.803362, 58.756714
48393.871, 300.924344, 58.868159
33810.056, 300.968650, 58.908129
28763.362, 300.884035, 58.833013
9310.054, 300.908381, 58.854308
48050.542, 301.059147, 58.992960
13554.216, 301.041261, 58.975585
9417.713, 300.985293, 58.924746
8565.469, 300.839131, 58.794818
6107.188, 300.916141, 58.865471
44674.275, 301.160117, 59.087378
49054.912, 300.819130, 58.782208
2443.499, 300.873756, 58.827193
4068.187, 300.777593, 58.740556
7878.661, 300.900852, 58.854577
3275.511, 300.910176, 58.861585
18434.860, 300.929220, 58.883443
3716.267, 300.937419, 58.887529
4139.257, 300.771297, 58.736912
49920.586, 300.981488, 58.933310
9392.461, 300.776029, 58.743427
40974.345, 300.759802, 58.733157
10553.898, 300.790166, 58.756423
36678.938, 300.805138, 58.774289
2051.608, 300.955620, 58.906241
3711.755, 300.778211, 58.746583
37341.754, 301.105841, 59.044769
20408.222, 300.873698, 58.837178
32846.854, 301.144859, 59.081890
2859.036, 300.970421, 58.923465
75036.419, 301.022954, 58.976038
36516.565, 301.130928, 59.070503
11096.035, 300.777776, 58.751894
22894.929, 300.837073, 58.807077
26405.681, 301.090190, 59.035166
8582.986, 300.789465, 58.764046
2033.421, 300.794827, 58.766445
16495.657, 300.806742, 58.779613
14820.557, 300.940109, 58.900386
36931.180, 300.823764, 58.797872
9397.522, 300.905700, 58.870394
31679.732, 300.762725, 58.741886
2466.750, 300.894218, 58.859166
4093.649, 301.003672, 58.959257
4535.241, 300.888187, 58.855953
19805.794, 301.110571, 59.058541
28325.167, 301.076744, 59.029020
8142.544, 300.786416, 58.767470
15539.468, 300.944018, 58.911138
2853.630, 300.815420, 58.793921
27036.676, 300.974336, 58.940191
49631.256, 300.847299, 58.827496
45369.113, 300.865813, 58.844192
21796.696, 300.961336, 58.930235
2471.916, 300.755676, 58.742154
28139.846, 300.838850, 58.822385
9741.095, 300.929373, 58.902470
2077.320, 300.759333, 58.748042
6600.518, 300.813602, 58.798740
8188.948, 300.790138, 58.778091
80775.198, 301.019935, 58.991873
5364.898, 300.806488, 58.794067
7393.995, 300.765140, 58.757685
2838.810, 300.809749, 58.796692
21131.987, 300.867109, 58.849976
21867.886, 300.926917, 58.906713
27075.860, 301.002504, 58.975433
76961.810, 300.961187, 58.941549
34359.089, 300.891562, 58.877492
16709.957, 300.830595, 58.822133
4552.082, 300.802174, 58.796840
62077.990, 300.773886, 58.776511
95262.387, 300.855171, 58.853273
8248.353, 300.977557, 58.958458
5315.811, 300.853743, 58.846904
9785.930, 301.076720, 59.048832
29671.482, 301.093382, 59.064803
40597.011, 300.742462, 58.749255
2910.711, 300.820788, 58.818374
4931.671, 300.780341, 58.782444
2052.207, 300.928114, 58.916083
4096.819, 301.010483, 58.990642
111435.806, 300.741252, 58.760476
55592.774, 300.784660, 58.796030
219635.163, 301.016550, 59.006553
47029.610, 301.112483, 59.087084
4115.562, 300.766202, 58.773302
2937.210, 300.865632, 58.862688
2907.241, 300.887368, 58.882734
25434.898, 300.888313, 58.886308
278716.699, 300.712775, 58.750423
6606.698, 300.844781, 58.847055
4110.987, 300.776813, 58.787009
6867.578, 300.923019, 58.920504
2897.611, 300.753954, 58.769030
15468.254, 300.733385, 58.752659
44445.631, 301.021694, 59.016972
11066.255, 300.977822, 58.975451
6931.160, 300.787060, 58.803251
22209.251, 301.031203, 59.025492
41180.894, 300.803012, 58.822541
2456.065, 301.088357, 59.074930
39022.806, 300.766150, 58.789702
25407.667, 300.961346, 58.965683
4937.713, 300.793219, 58.811950
11352.866, 300.808631, 58.826998
2500.755, 300.979051, 58.979619
24279.784, 300.755041, 58.779926
8602.812, 300.866124, 58.879429
2032.762, 301.064637, 59.057292
78949.666, 300.743901, 58.776299
8990.510, 300.854564, 58.870026
2809.731, 300.828475, 58.846246
10211.132, 300.724126, 58.754331
37812.019, 301.092807, 59.089213
71487.445, 300.809982, 58.837304
5719.966, 300.773540, 58.799211
294562.789, 300.899256, 58.922105
2487.893, 300.759677, 58.786462
9918.345, 300.778738, 58.805561
2057.997, 300.840135, 58.861060
17230.426, 300.754223, 58.787587
2054.885, 301.068825, 59.070054
18443.270, 300.732437, 58.768641
5709.794, 300.889519, 58.909787
4124.550, 300.758791, 58.792361
66777.493, 300.774615, 58.812158
8642.166, 301.077849, 59.080984
127306.888, 300.715578, 58.766156
2461.730, 300.763806, 58.796955
19976.252, 300.744600, 58.782767
19219.288, 300.826191, 58.858159
37444.098, 300.958729, 58.979616
5347.641, 300.832915, 58.864422
4147.365, 300.783030, 58.819502
41142.649, 301.023839, 59.042552
2885.599, 300.854939, 58.887507
5288.210, 300.862894, 58.896654
32547.083, 300.743874, 58.793296
3719.157, 300.807066, 58.848408
106490.012, 300.833906, 58.876588
12493.891, 301.032707, 59.052598
6957.238, 300.754729, 58.801364
2434.413, 300.855079, 58.892493
31088.869, 300.707143, 58.760663
2568.903, 300.761688, 58.807922
46129.310, 300.953950, 58.985593
43042.788, 301.042730, 59.065492
12334.694, 300.798497, 58.844315
13546.847, 300.843295, 58.885184
6151.337, 300.824404, 58.867833
5328.307, 300.694111, 58.752254
2448.508, 300.914127, 58.951506
2056.733, 300.771697, 58.823071
32060.875, 300.969377, 59.004628
16341.073, 300.814070, 58.865771
6912.160, 300.822340, 58.870632
2843.569, 300.728499, 58.784992
44395.139, 300.860738, 58.909910
16998.727, 301.084210, 59.109106
65418.848, 301.017890, 59.053368
12934.923, 300.756455, 58.816723
2460.885, 300.798138, 58.852574
2047.369, 300.833794, 58.885044
25773.807, 300.866847, 58.917943
40997.942, 301.053466, 59.086192
13477.117, 300.713533, 58.778740
7301.473, 300.729863, 58.792397
2018.105, 300.799628, 58.856541
4108.820, 300.801596, 58.859159
7509.489, 301.042801, 59.076744
5267.954, 300.827746, 58.883449
2518.603, 300.958166, 59.000703
6618.536, 300.686048, 58.755814
5691.479, 300.732004, 58.797340
14516.719, 300.886515, 58.938804
25014.430, 300.717818, 58.789609
77640.418, 300.831456, 58.896654
4058.792, 300.690435, 58.761765
28647.592, 300.761749, 58.829985
6182.738, 300.779875, 58.844852
5443.816, 300.808171, 58.870014
17192.303, 301.066097, 59.104574
13739.071, 300.701539, 58.776177
7019.361, 300.752475, 58.821137
2437.112, 300.722192, 58.794474
2437.692, 300.725131, 58.797600
4552.691, 300.780443, 58.847920
16397.157, 300.740924, 58.814677
6547.861, 300.841305, 58.904672
116053.365, 300.920486, 58.986155
34473.084, 300.948379, 59.005062
4118.265, 300.957372, 59.009644
22628.252, 301.047558, 59.093496
19950.729, 300.691350, 58.774243
4504.558, 300.752238, 58.827667
8222.438, 300.854631, 58.921141
4105.475, 300.987885, 59.040575
3724.260, 300.715217, 58.794286
10603.575, 300.699314, 58.781376
73549.176, 300.845448, 58.918362
18245.171, 300.675982, 58.761687
3207.574, 300.784681, 58.858732
8603.995, 300.793404, 58.867661
4498.987, 300.805274, 58.879643
3275.880, 300.705278, 58.788670
3672.578, 300.930323, 58.993259
4841.171, 300.729421, 58.812007
12638.320, 300.763263, 58.845587
13289.867, 300.983647, 59.043738
4502.393, 300.712266, 58.797413
3741.930, 300.819792, 58.895254
2879.397, 300.695777, 58.783622
5777.260, 300.808839, 58.888470
4077.260, 300.706972, 58.796707
37794.043, 300.784101, 58.870093
2478.154, 300.969429, 59.033870
5304.778, 300.720527, 58.810593
30116.713, 300.775184, 58.865131
2031.471, 300.831153, 58.910202
4119.644, 300.681385, 58.775329
34488.253, 300.959084, 59.030319
2462.081, 301.049564, 59.109785
20955.336, 300.768039, 58.859291
12362.456, 300.929712, 59.004540
15498.674, 300.664593, 58.765028
5688.299, 300.672974, 58.771628
3627.655, 300.686969, 58.784287
7557.547, 301.023378, 59.090263
10189.830, 300.797196, 58.887171
15735.290, 301.035567, 59.104486
62587.797, 300.718753, 58.821991
2834.869, 300.848821, 58.935105
43693.490, 300.867195, 58.957807
18974.069, 301.026093, 59.097752
3662.533, 300.780773, 58.875326
2101.375, 301.040249, 59.108963
19213.469, 300.750755, 58.851238
3226.360, 300.681442, 58.785952
2862.502, 300.758992, 58.857261
308169.905, 300.955268, 59.045157
85058.250, 300.993967, 59.075155
4888.421, 300.795013, 58.892737
23695.533, 300.677511, 58.789133
12366.381, 300.938393, 59.024213
7393.238, 300.742154, 58.847240
5822.267, 300.694396, 58.803922
6149.922, 300.706497, 58.815983
44894.503, 300.727157, 58.837405
47713.047, 300.708166, 58.821268
55185.597, 300.871593, 58.969756
4080.620, 300.671174, 58.784551
18330.421, 300.750297, 58.858870
6129.726, 300.774208, 58.879725
27968.643, 300.767881, 58.877123
19874.444, 300.939762, 59.031297
3207.456, 300.654073, 58.772196
6154.610, 300.847732, 58.948663
17801.825, 300.884888, 58.984132
77991.035, 300.895245, 58.995460
2040.987, 300.738082, 58.849495
10269.391, 301.031047, 59.115133
10647.530, 300.699390, 58.817292
204957.116, 300.750100, 58.871969
12752.069, 300.862930, 58.964746
2005.224, 300.716023, 58.830729
62618.435, 300.775631, 58.890760
137667.299, 300.653299, 58.785530
2535.711, 300.807162, 58.915267
11432.289, 300.987571, 59.078661
8997.708, 300.772806, 58.885537
4514.594, 300.822953, 58.930223
11049.390, 300.687218, 58.809248
21132.539, 300.883755, 58.988858
121168.262, 300.669652, 58.805591
4464.076, 300.652612, 58.781252
39618.697, 300.662254, 58.794295
3268.547, 300.636022, 58.767045
6549.005, 300.703894, 58.830004
18809.726, 300.907148, 59.015447
3255.708, 300.725376, 58.850477
13289.806, 300.973177, 59.076990
2448.374, 300.736362, 58.862533
16819.972, 300.829633, 58.948242
15188.351, 300.804475, 58.927155
5709.110, 300.770656, 58.896175
16889.733, 300.863832, 58.981420
6558.613, 300.763558, 58.891367
4881.681, 300.738828, 58.869284
117245.214, 300.751722, 58.891036
41403.216, 300.880799, 59.002234
4589.913, 300.721939, 58.855069
7343.666, 300.980714, 59.089627
7299.421, 300.728082, 58.862339
35967.987, 300.963844, 59.077919
30843.376, 300.626963, 58.772626
22462.021, 300.703267, 58.841868
2021.041, 300.697080, 58.835529
42100.361, 300.644615, 58.793274
2494.059, 300.656038, 58.798769
2038.781, 300.675413, 58.816394
4966.434, 300.687509, 58.828530
57249.773, 300.937090, 59.058114
23067.146, 301.019264, 59.130196
164839.881, 300.813953, 58.954418
8199.423, 300.707544, 58.849046
21381.745, 300.748370, 58.886965
18178.724, 300.992351, 59.108837
2074.334, 300.792803, 58.927010
74049.682, 300.828256, 58.964969
29009.836, 300.637388, 58.790150
2031.283, 300.686401, 58.832842
12736.587, 300.766871, 58.908401
33422.289, 300.885588, 59.017177
3271.971, 300.784194, 58.923671
88459.764, 300.673768, 58.830838
2495.807, 300.732896, 58.878198
14551.742, 300.805255, 58.945452
39774.772, 300.924923, 59.054613
25727.779, 300.736210, 58.886926
27429.953, 300.618036, 58.778333
13306.345, 301.008165, 59.130600
65392.597, 300.837878, 58.982766
2816.945, 300.709530, 58.861533
41347.291, 300.755296, 58.908208
50246.191, 300.923304, 59.060800
102023.733, 300.604542, 58.777494
2492.621, 300.623198, 58.786986
2051.448, 300.654400, 58.814907
2439.129, 300.662582, 58.823029
13878.950, 300.626520, 58.792001
2468.172, 300.725662, 58.881279
51950.733, 300.685677, 58.850590
2530.677, 300.702388, 58.861345
40952.733, 300.736705, 58.896409
5744.279, 300.643004, 58.808904
4141.818, 300.748155, 58.904693
2906.249, 300.868261, 59.013117
19164.570, 300.647639, 58.815996
79366.875, 300.726727, 58.891740
185810.234, 300.850320, 59.005078
98127.584, 300.635753, 58.812660
20288.994, 300.838522, 58.992588
6233.230, 300.776571, 58.939181
19007.705, 300.789882, 58.953204
4520.239, 300.666407, 58.840186
1994.445, 300.708667, 58.879616
6121.516, 300.742797, 58.911411
9049.502, 300.800326, 58.964110
10727.161, 300.670354, 58.847780
48072.935, 300.607070, 58.793572
13232.442, 300.649055, 58.830078
4506.432, 300.733103, 58.906049
4073.224, 300.792552, 58.961418
5294.972, 300.610650, 58.797168
8985.869, 300.620167, 58.806187
17522.064, 300.684874, 58.868970
13079.935, 300.770318, 58.945221
47487.638, 300.779665, 58.956998
5768.515, 300.806529, 58.977617
15880.303, 300.654692, 58.841732
6127.970, 300.686933, 58.872997
9056.450, 300.605450, 58.800864
8206.850, 300.674303, 58.861928
9484.311, 300.916532, 59.081703
13062.659, 300.618682, 58.813871
16857.239, 300.726170, 58.912290
6508.172, 300.768916, 58.950263
11660.417, 300.823729, 58.999579
2473.565, 300.884060, 59.053525
4483.734, 300.615008, 58.810266
2503.238, 300.699188, 58.886649
33095.151, 300.826473, 59.004835
12935.454, 300.862644, 59.037627
17767.405, 300.942460, 59.109188
6991.576, 300.659534, 58.853634
5396.686, 300.633726, 58.831493
27659.273, 300.682484, 58.878154
26986.580, 300.712947, 58.906954
17427.782, 300.908560, 59.082752
2493.955, 300.618673, 58.818312
27741.685, 300.675740, 58.873592
67672.387, 300.802230, 58.993491
62328.560, 300.888632, 59.070450
4957.348, 300.640728, 58.843206
27209.702, 300.979934, 59.151115
51336.549, 300.794919, 58.987241
2430.113, 300.734474, 58.928869
10311.881, 300.611156, 58.819229
2488.796, 300.637272, 58.840952
61334.357, 300.829595, 59.020496
8568.582, 300.727996, 58.926027
2831.287, 300.869295, 59.052667
37069.965, 300.641300, 58.850446
50299.825, 300.766052, 58.966042
5724.032, 300.702505, 58.905259
10212.508, 300.680348, 58.887916
60083.300, 300.731887, 58.935560
31833.113, 300.580255, 58.799521
12724.559, 300.772698, 58.974559
15630.341, 300.640954, 58.855466
2864.985, 300.662755, 58.873673
6186.912, 300.574497, 58.795035
7328.893, 300.693405, 58.903997
3372.728, 300.648885, 58.863948
39551.319, 300.665967, 58.882202
4991.527, 300.699613, 58.912320
2480.072, 300.744911, 58.953531
27089.062, 300.791184, 58.998705
18890.187, 300.601150, 58.824997
41370.970, 300.649479, 58.869923
28794.339, 300.654602, 58.876496
13509.273, 300.767969, 58.977943
4093.598, 300.815099, 59.019661
4962.227, 300.847284, 59.048673
49796.866, 300.880699, 59.084317
57322.306, 300.677890, 58.901978
14253.863, 300.685387, 58.907714
34044.777, 300.739072, 58.958463
33207.976, 300.817913, 59.029561
4927.047, 300.635802, 58.862946
168468.543, 300.653121, 58.891811
33934.439, 300.824378, 59.036868
10635.005, 300.554600, 58.792336
13966.159, 300.920992, 59.126101
4553.243, 300.581193, 58.817306
19101.355, 300.775461, 58.995465
8165.071, 300.756847, 58.978449
11946.088, 300.582426, 58.820906
32806.020, 300.895475, 59.106805
10207.104, 300.623281, 58.860381
43025.560, 300.682832, 58.918631
54943.450, 300.737858, 58.971056
1999.922, 300.567290, 58.812638
3715.592, 300.582514, 58.826819
2059.786, 300.562084, 58.808049
34910.422, 300.572524, 58.821399
12256.777, 300.690620, 58.928710
148216.918, 300.904936, 59.126515
9805.496, 300.659841, 58.901331
21836.811, 300.945121, 59.160527
21304.819, 300.598668, 58.846849
4539.654, 300.617221, 58.862124
70341.902, 300.613457, 58.866535
16917.565, 300.850968, 59.076478
4105.452, 300.889039, 59.109962
4075.903, 300.712782, 58.950841
7508.306, 300.793287, 59.027045
369741.912, 300.627614, 58.885951
4899.148, 300.624223, 58.874877
2500.191, 300.694645, 58.938137
2919.666, 300.755027, 58.992531
5760.988, 300.575023, 58.830127
63363.860, 300.599267, 58.857210
21512.367, 300.717447, 58.962561
4501.931, 300.766302, 59.006050
7849.549, 300.884214, 59.113030
7102.475, 300.927422, 59.151433
2540.265, 300.544446, 58.803771
3695.139, 300.706277, 58.951998
3704.880, 300.538799, 58.801171
2891.146, 300.552832, 58.813574
17221.852, 300.583188, 58.842898
5757.952, 300.547038, 58.809540
3282.654, 300.675225, 58.926440
2026.119, 300.740861, 58.986211
39395.671, 300.801932, 59.044468
50151.670, 300.869390, 59.105819
13294.763, 300.926151, 59.156777
5649.286, 300.591485, 58.854524
83523.974, 300.665027, 58.926599
69245.976, 300.848926, 59.092493
18008.855, 300.639020, 58.900777
9868.652, 300.803138, 59.049295
13221.299, 300.844545, 59.087045
2862.597, 300.546447, 58.815085
33031.900, 300.528793, 58.803139
2079.906, 300.724466, 58.979910
4907.366, 300.882127, 59.124361
18377.958, 300.586705, 58.859568
2481.034, 300.688687, 58.950555
2089.898, 300.716994, 58.975992
2845.898, 300.638160, 58.905210
10357.382, 300.801215, 59.054549
4235.250, 300.891007, 59.135321
2040.058, 300.817887, 59.069924
33540.762, 300.836249, 59.089966
5748.009, 300.527205, 58.808180
5786.362, 300.522931, 58.805167
2887.816, 300.590295, 58.866296
27883.294, 300.812078, 59.071810
6132.591, 300.868554, 59.119726
18587.073, 300.841960, 59.098057
28919.760, 300.535505, 58.820373
4960.657, 300.541342, 58.824256
2872.906, 300.663293, 58.935123
4182.824, 300.548664, 58.830905
22838.001, 300.703075, 58.976963
29052.279, 300.783189, 59.047366
3328.808, 300.544840, 58.828685
40784.520, 300.563588, 58.848316
18154.446, 300.617512, 58.896575
33017.369, 300.622136, 58.902401
2465.441, 300.556479, 58.839912
10822.892, 300.806027, 59.067899
6548.997, 300.726916, 58.998337
5687.240, 300.860349, 59.118945
66023.888, 300.892776, 59.151342
2413.649, 300.518128, 58.808652
8963.254, 300.631697, 58.914504
26997.058, 300.660657, 58.944273
32639.183, 300.740913, 59.018552
55843.667, 300.790027, 59.063465
16975.106, 300.544131, 58.836921
15297.152, 300.871680, 59.134426
7797.157, 300.566982, 58.859142
2896.125, 300.535142, 58.829500
12591.980, 300.550030, 58.844363
22055.822, 300.663972, 58.949901
15517.385, 300.508783, 58.812163
6136.541, 300.575529, 58.872721
3664.742, 300.533721, 58.833805
21118.222, 300.827764, 59.103946
140248.143, 300.576841, 58.880115
45061.010, 300.648528, 58.941515
18077.889, 300.675294, 58.964154
2063.547, 300.593503, 58.889418
21232.439, 300.812518, 59.091141
8624.866, 300.549761, 58.852217
4453.563, 300.606353, 58.906083
17015.873, 300.746082, 59.033351
3282.955, 300.800662, 59.081958
9037.780, 300.519786, 58.826892
3245.156, 300.704907, 58.995627
37737.645, 300.777189, 59.064120
2443.416, 300.618844, 58.917545
32813.363, 300.655611, 58.954352
4069.956, 300.697736, 58.990496
29038.811, 300.539032, 58.849349
13895.527, 300.692573, 58.987308
31461.837, 300.492997, 58.807724
8554.329, 300.552487, 58.861554
17223.743, 300.613387, 58.917897
6987.145, 300.821671, 59.106365
4590.573, 300.874061, 59.152558
7488.165, 300.509288, 58.822947
4546.583, 300.556137, 58.865431
53129.125, 300.636132, 58.942834
18815.985, 300.742557, 59.038354
299482.115, 300.703053, 59.009955
5672.744, 300.836920, 59.123141
14515.610, 300.771081, 59.067530
3299.685, 300.792969, 59.086244
14937.007, 300.883169, 59.168376
21267.111, 300.558401, 58.878235
2892.722, 300.751287, 59.051313
27354.742, 300.711099, 59.017463
17649.241, 300.716907, 59.022588
6538.140, 300.576589, 58.894705
8177.878, 300.588089, 58.904942
5357.559, 300.547748, 58.868540
7777.050, 300.661924, 58.973594
2058.388, 300.845620, 59.139796
52291.897, 300.558204, 58.885111
4092.354, 300.626601, 58.943197
4935.209, 300.491048, 58.819534
16867.172, 300.661507, 58.976769
8621.836, 300.595067, 58.917657
56266.855, 300.612472, 58.936336
12258.550, 300.639700, 58.956863
6108.896, 300.652468, 58.969224
16804.000, 300.582990, 58.906650
10337.616, 300.751140, 59.059085
73911.878, 300.489593, 58.826432
6194.393, 300.529928, 58.858450
3305.711, 300.784061, 59.089021
4131.453, 300.566765, 58.893600
41714.768, 300.740028, 59.054860
2550.065, 300.802567, 59.107107
19545.082, 300.827460, 59.131904
3223.167, 300.688212, 59.005098
3671.318, 300.877157, 59.175805
44663.034, 300.718693, 59.038672
2894.496, 300.622698, 58.946823
10747.206, 300.659504, 58.981668
2050.986, 300.795682, 59.103669
7474.475, 300.514982, 58.850880
2958.299, 300.587776, 58.916733
10757.850, 300.725263, 59.042549
43093.147, 300.765153, 59.081647
36032.615, 300.813540, 59.124955
45927.098, 300.623299, 58.953259
3679.536, 300.601585, 58.931010
4134.926, 300.729394, 59.047821
41895.695, 300.637586, 58.968419
2035.109, 300.825594, 59.136546
9899.752, 300.555504, 58.895078
5111.966, 300.845814, 59.157865
57354.088, 300.864996, 59.179045
11101.831, 300.485159, 58.831725
25330.564, 300.467027, 58.820538
2041.094, 300.551042, 58.893498
13131.655, 300.495186, 58.845933
14296.034, 300.512743, 58.860301
2063.603, 300.645037, 58.980179
6616.511, 300.524539, 58.872188
5305.453, 300.708695, 59.040569
10491.543, 300.810997, 59.134800
54531.149, 300.708281, 59.047122
35762.942, 300.639364, 58.984544
4549.936, 300.460779, 58.819045
3692.226, 300.595898, 58.942732
23798.164, 300.500969, 58.860005
46869.222, 300.734386, 59.074706
27152.911, 300.655015, 59.003882
6504.000, 300.460617, 58.824257
20609.655, 300.466374, 58.831882
2072.599, 300.547347, 58.904312
22491.361, 300.672117, 59.021735
11553.363, 300.710574, 59.058306
3692.596, 300.483062, 58.850795
16483.964, 300.715111, 59.063745
36916.291, 300.838119, 59.180308
22022.171, 300.453416, 58.825336
10280.386, 300.471242, 58.841520
49498.706, 300.528541, 58.897715
6997.374, 300.549415, 58.912916
54376.809, 300.689749, 59.043960
91631.874, 300.767955, 59.115450
17237.694, 300.570197, 58.934785
13556.281, 300.585502, 58.948129
21005.556, 300.664505, 59.020268
4878.036, 300.677089, 59.032621
8714.756, 300.653716, 59.012701
8673.859, 300.547654, 58.917635
2094.548, 300.513397, 58.885386
2906.610, 300.487279, 58.864299
3302.352, 300.673678, 59.035309
16201.973, 300.711150, 59.071112
45088.401, 300.734915, 59.094895
11381.193, 300.460218, 58.842728
48150.646, 300.776242, 59.133399
3825.276, 300.837058, 59.184743
4101.600, 300.563009, 58.936925
5075.032, 300.841221, 59.190123
28356.551, 300.818338, 59.171947
10662.546, 300.505151, 58.887584
52343.648, 300.464031, 58.856090
72525.176, 300.477418, 58.865776
39357.119, 300.749980, 59.112979
11083.874, 300.593670, 58.969335
5362.737, 300.597137, 58.974825
36120.119, 300.605780, 58.985455
9397.083, 300.458553, 58.849600
4053.228, 300.517920, 58.902242
76587.957, 300.561371, 58.951435
86428.734, 300.631254, 59.013343
4516.141, 300.643848, 59.018797
13435.224, 300.445667, 58.841039
13938.595, 300.547541, 58.933781
14342.133, 300.619686, 58.999114
17001.637, 300.816389, 59.178648
38215.378, 300.499579, 58.894248
46920.359, 300.490472, 58.885360
13900.087, 300.580651, 58.967805
4499.623, 300.585041, 58.971121
49878.174, 300.617476, 59.008015
59333.922, 300.448059, 58.850840
4073.849, 300.515840, 58.909138
14266.650, 300.668559, 59.050845
24984.123, 300.711922, 59.090730
4488.878, 300.430969, 58.832442
7443.446, 300.539970, 58.935748
66489.324, 300.643408, 59.034804
63665.376, 300.721487, 59.106878
33476.057, 300.811977, 59.185258
2452.255, 300.822040, 59.192471
110291.006, 300.521604, 58.927873
9066.323, 300.568422, 58.963489
4991.224, 300.609134, 59.000329
7867.920, 300.454074, 58.861082
15544.859, 300.459201, 58.867173
3696.729, 300.516894, 58.917817
7811.407, 300.682810, 59.069899
3762.448, 300.703165, 59.089085
7470.908, 300.804786, 59.181553
3643.259, 300.424728, 58.835194
9002.100, 300.591547, 58.989317
2506.930, 300.745864, 59.128664
9789.713, 300.480480, 58.889300
24793.421, 300.489928, 58.902668
352879.311, 300.579812, 58.990837
115879.541, 300.458373, 58.875675
37716.776, 300.651003, 59.052248
9350.561, 300.413834, 58.832062
2518.905, 300.752028, 59.139297
35033.577, 300.426956, 58.848310
40072.783, 300.642621, 59.044895
29154.379, 300.763990, 59.153293
29185.100, 300.695250, 59.092169
4109.789, 300.435184, 58.852844
6069.938, 300.419707, 58.839777
30896.568, 300.478061, 58.896231
36622.888, 300.544647, 58.961054
5250.037, 300.565327, 58.974279
11531.032, 300.783628, 59.172217
2011.403, 300.668655, 59.067656
26657.435, 300.799627, 59.189360
6177.786, 300.481726, 58.900823
18439.860, 300.493973, 58.913924
7501.468, 300.739746, 59.137115
9516.749, 300.518524, 58.935951
6640.084, 300.606793, 59.015941
2543.331, 300.766449, 59.160591
4832.487, 300.626385, 59.035764
9004.409, 300.786471, 59.180386
30067.249, 300.445555, 58.873843
2874.455, 300.558954, 58.975066
33380.796, 300.698395, 59.107337
11850.814, 300.726100, 59.129778
35013.169, 300.686049, 59.096816
54507.417, 300.737117, 59.144342
10608.951, 300.459216, 58.888222
5442.472, 300.802559, 59.200547
5366.054, 300.401433, 58.836050
5752.436, 300.439222, 58.870083
8223.478, 300.516571, 58.942065
58908.580, 300.577655, 59.001342
4052.542, 300.510749, 58.937084
2398.754, 300.600860, 59.019116
11032.620, 300.561365, 58.985615
3319.561, 300.437446, 58.874538
4118.717, 300.446692, 58.883520
5846.541, 300.773779, 59.181566
4142.875, 300.548003, 58.978009
7468.319, 300.737728, 59.150388
8954.761, 300.436798, 58.877897
2851.118, 300.454589, 58.892727
27502.641, 300.676685, 59.097925
18253.469, 300.465297, 58.906165
4528.347, 300.647191, 59.070823
77355.863, 300.596126, 59.031397
27494.300, 300.627784, 59.058093
84470.623, 300.563849, 59.002942
8663.772, 300.590618, 59.023936
26337.799, 300.727018, 59.148930
71193.782, 300.395817, 58.850343
22507.737, 300.707508, 59.133413
2442.598, 300.491007, 58.934792
16715.473, 300.492177, 58.938410
25074.485, 300.615660, 59.051024
19270.891, 300.436447, 58.887067
6592.196, 300.500452, 58.945146
18576.900, 300.634634, 59.070230
34847.380, 300.653164, 59.090803
105586.122, 300.521873, 58.977650
6947.009, 300.709913, 59.138909
2064.003, 300.517246, 58.963435
3700.756, 300.443913, 58.898180
7336.385, 300.384086, 58.845517
4459.612, 300.398806, 58.858846
34750.347, 300.478649, 58.934988
4932.921, 300.509571, 58.960561
15718.383, 300.712848, 59.147146
2061.157, 300.456573, 58.912200
6144.566, 300.488209, 58.943435
49281.493, 300.732500, 59.171089
4925.452, 300.399581, 58.863479
2488.848, 300.407920, 58.872019
13847.402, 300.431637, 58.895567
18118.728, 300.491349, 58.950540
11453.528, 300.512420, 58.969162
100424.877, 300.417854, 58.888913
17531.739, 300.652561, 59.098496
2129.698, 300.776138, 59.207679
5830.414, 300.399306, 58.866296
17201.297, 300.553514, 59.008945
44147.122, 300.451848, 58.918091
4101.423, 300.539575, 58.995625
25782.249, 300.673296, 59.119514
2076.787, 300.605745, 59.056240
48543.875, 300.709694, 59.155501
9034.074, 300.597366, 59.051568
5777.997, 300.384993, 58.858137
15956.197, 300.483283, 58.949633
4444.654, 300.659151, 59.109387
4474.573, 300.369766, 58.845667
5731.234, 300.603364, 59.060567
11093.391, 300.627790, 59.083784
32792.364, 300.399300, 58.877305
29770.443, 300.457425, 58.931258
8280.209, 300.468053, 58.939670
10172.123, 300.472155, 58.944628
2458.291, 300.596714, 59.056191
2083.239, 300.374503, 58.853969
2988.403, 300.527715, 58.994497
18024.458, 300.662645, 59.120258
21140.285, 300.683849, 59.139090
4458.561, 300.435228, 58.912805
2080.287, 300.616551, 59.077541
64852.114, 300.641523, 59.105812
6045.462, 300.495898, 58.968737
220548.414, 300.430376, 58.919874
6185.285, 300.587872, 59.054209
3669.295, 300.725538, 59.178611
5318.352, 300.364942, 58.851148
9413.072, 300.455782, 58.935393
91945.070, 300.366735, 58.859592
4080.576, 300.415449, 58.898489
22227.936, 300.618668, 59.086380
23972.905, 300.698094, 59.158666
2060.511, 300.417274, 58.901195
6853.074, 300.420237, 58.904782
46411.569, 300.439646, 58.927963
22865.870, 300.716175, 59.176506
6552.523, 300.501373, 58.980573
28547.477, 300.384325, 58.875590
3285.241, 300.463278, 58.946102
34174.604, 300.474750, 58.960341
9332.350, 300.400808, 58.892683
2481.757, 300.486450, 58.969883
4516.185, 300.413596, 58.905216
2497.342, 300.460079, 58.948530
7346.212, 300.550918, 59.032133
8577.675, 300.559575, 59.042998
11141.375, 300.407976, 58.903650
5359.234, 300.412563, 58.908088
5310.561, 300.524686, 59.011541
4877.920, 300.350081, 58.851878
13484.857, 300.400532, 58.899439
2122.735, 300.362435, 58.864612
10599.468, 300.474224, 58.968846
61999.445, 300.487820, 58.988403
6566.287, 300.507041, 58.998474
3710.703, 300.435816, 58.934046
14227.501, 300.544514, 59.035402
41842.235, 300.677569, 59.158125
124503.075, 300.628862, 59.119061
38842.643, 300.354423, 58.866240
6127.838, 300.466116, 58.964666
28295.593, 300.348257, 58.858993
3305.999, 300.369619, 58.875866
97704.882, 300.385239, 58.897151
7706.908, 300.398235, 58.902825
70327.105, 300.524684, 59.022078
13962.956, 300.732660, 59.208245
2827.215, 300.426322, 58.928691
9871.708, 300.695936, 59.175768
2074.554, 300.501045, 58.998072
73109.824, 300.511998, 59.013126
4842.687, 300.421876, 58.926878
4964.159, 300.457304, 58.959268
8620.404, 300.474357, 58.977386
60165.342, 300.398437, 58.912049
48604.780, 300.505270, 59.008415
2032.455, 300.534554, 59.030903
10297.360, 300.368528, 58.881089
8618.008, 300.564763, 59.062662
63747.715, 300.541112, 59.044999
3268.986, 300.433311, 58.942449
7364.934, 300.688884, 59.177000
3697.466, 300.603612, 59.099801
6659.026, 300.554196, 59.057046
97023.816, 300.345776, 58.871928
15173.360, 300.413147, 58.929593
15112.383, 300.451479, 58.964575
2501.223, 300.441757, 58.955189
12714.553, 300.571736, 59.076796
7959.722, 300.590404, 59.093323
4942.920, 300.356081, 58.878608
7401.038, 300.474550, 58.988987
15122.643, 300.575406, 59.080857
11554.794, 300.693553, 59.187842
14969.094, 300.661251, 59.160021
5337.748, 300.331582, 58.857948
30333.045, 300.713238, 59.210505
16384.911, 300.358689, 58.886072
3403.552, 300.395143, 58.916995
18055.593, 300.373144, 58.899678
5273.281, 300.480274, 58.996529
2054.782, 300.600542, 59.105577
3675.287, 300.410133, 58.932584
82951.607, 300.414291, 58.942148
5724.153, 300.438715, 58.959311
8680.029, 300.580055, 59.088164
27725.447, 300.669609, 59.171531
4475.607, 300.336802, 58.865869
14913.374, 300.512897, 59.029411
3656.861, 300.706256, 59.204926
3270.496, 300.375823, 58.904193
38377.417, 300.503428, 59.026688
48487.112, 300.580926, 59.096626
3329.145, 300.595091, 59.105766
10601.474, 300.402004, 58.931120
24850.898, 300.587700, 59.102346
2893.425, 300.350371, 58.883383
108233.857, 300.355977, 58.898458
4914.876, 300.393041, 58.923204
9438.968, 300.427933, 58.956103
14326.854, 300.326839, 58.863862
7389.047, 300.374321, 58.907074
6990.744, 300.712114, 59.215373
4979.948, 300.643457, 59.153157
26494.951, 300.335041, 58.874976
2448.902, 300.499633, 59.023040
5379.090, 300.432634, 58.962890
11118.121, 300.457777, 58.987716
4972.332, 300.618251, 59.133235
17735.267, 300.680202, 59.190930
14062.627, 300.471883, 59.001940
21998.273, 300.504861, 59.032312
3283.133, 300.601069, 59.118464
16748.092, 300.381730, 58.919855
21099.084, 300.636040, 59.153075
9422.305, 300.339842, 58.882514
20398.180, 300.347903, 58.890661
554859.279, 300.304572, 58.873298
2508.916, 300.560699, 59.085966
27230.486, 300.379896, 58.924736
2082.617, 300.464699, 58.999544
9779.373, 300.326660, 58.874739
4089.214, 300.450240, 58.987901
6273.727, 300.618425, 59.140574
10873.631, 300.574368, 59.102125
6697.746, 300.642919, 59.164061
7439.805, 300.371604, 58.917619
18185.932, 300.500520, 59.036570
8194.390, 300.509058, 59.044701
4931.991, 300.388321, 58.935441
5687.335, 300.432347, 58.977039
11628.882, 300.436900, 58.980661
12012.474, 300.562733, 59.097097
25943.719, 300.528066, 59.068028
44159.066, 300.324007, 58.882886
17823.586, 300.442528, 58.990105
38601.420, 300.611751, 59.145713
3294.231, 300.687205, 59.210390
13356.623, 300.566522, 59.103116
6535.384, 300.393997, 58.947749
3302.244, 300.399609, 58.952137
47247.432, 300.430547, 58.984809
30144.597, 300.541109, 59.084040
15781.839, 300.598919, 59.136724
136624.306, 300.660478, 59.199541
7502.140, 300.675995, 59.204980
6208.484, 300.470968, 59.019364
8523.612, 300.382670, 58.940795
5357.704, 300.582759, 59.122020
4126.524, 300.606162, 59.142958
5255.411, 300.410627, 58.965552
6890.022, 300.464608, 59.016835
9907.098, 300.497496, 59.047259
4926.002, 300.551328, 59.094714
26950.547, 300.620891, 59.160554
95479.176, 300.365642, 58.937085
11026.675, 300.362542, 58.925452
2445.173, 300.533150, 59.079781
2472.940, 300.554522, 59.098964
12302.460, 300.582102, 59.125632
2835.387, 300.324050, 58.889977
18770.310, 300.439386, 58.999839
12704.589, 300.510148, 59.062050
16560.857, 300.614160, 59.157335
19036.382, 300.532638, 59.083575
53780.110, 300.557924, 59.108948
6138.197, 300.678958, 59.215071
3318.500, 300.407428, 58.968229
13447.772, 300.554313, 59.103510
6537.770, 300.349001, 58.915998
12237.890, 300.635793, 59.180587
3669.688, 300.495512, 59.050537
21416.399, 300.326931, 58.898794
15932.521, 300.386626, 58.952875
5802.814, 300.433924, 58.995338
103411.122, 300.534890, 59.094936
28254.972, 300.407639, 58.975497
6565.042, 300.393987, 58.960438
23672.196, 300.464185, 59.028033
13190.264, 300.531812, 59.088473
2035.967, 300.663841, 59.206895
29743.677, 300.452854, 59.020239
11644.725, 300.359776, 58.932264
4122.778, 300.378200, 58.948562
4039.009, 300.316354, 58.892403
2815.478, 300.447679, 59.012569
7435.662, 300.396278, 58.968405
11061.713, 300.476319, 59.043275
3732.120, 300.432099, 59.001344
28062.031, 300.609476, 59.166000
41712.777, 300.317104, 58.901071
2012.459, 300.447809, 59.016150
10618.238, 300.305804, 58.887902
107617.848, 300.323360, 58.909684
107551.729, 300.433062, 59.014548
3697.652, 300.411832, 58.986703
25004.036, 300.671895, 59.226595
7459.941, 300.383538, 58.963105
15380.499, 300.477565, 59.049880
5310.319, 300.632249, 59.189447
4897.780, 300.391711, 58.972246
23118.578, 300.424509, 59.003231
29622.650, 300.545317, 59.113982
18016.140, 300.610729, 59.175906
5380.897, 300.398927, 58.980987
12295.173, 300.402937, 58.984581
34355.556, 300.476401, 59.059672
6607.044, 300.494247, 59.068129
33394.618, 300.593013, 59.162766
4473.775, 300.646349, 59.207646
92109.501, 300.530869, 59.107798
7068.151, 300.313964, 58.906708
20889.131, 300.467678, 59.050088
4134.731, 300.493836, 59.072156
33050.037, 300.633176, 59.201539
16572.172, 300.577317, 59.150351
9001.046, 300.649859, 59.217115
17542.712, 300.665635, 59.230668
5378.050, 300.675276, 59.238760
48169.347, 300.416560, 59.007136
6201.694, 300.485449, 59.066788
4865.928, 300.331214, 58.925482
35887.867, 300.433180, 59.023202
4126.202, 300.622683, 59.192582
34274.932, 300.309004, 58.909944
2079.527, 300.373145, 58.965782
6671.315, 300.598926, 59.172218
5675.003, 300.305955, 58.904760
2051.695, 300.335863, 58.932276
32342.920, 300.404979, 58.998077
39068.771, 300.340777, 58.944019
14055.876, 300.289891, 58.893562
16088.863, 300.482314, 59.071038
22807.977, 300.552989, 59.135499
11921.877, 300.279063, 58.885921
44086.925, 300.576433, 59.161834
4943.448, 300.583849, 59.164048
4089.464, 300.274609, 58.882009
2904.024, 300.346369, 58.947998
66645.564, 300.612350, 59.196524
10405.938, 300.646545, 59.224021
5816.264, 300.317570, 58.923325
7309.987, 300.347100, 58.951412
22057.507, 300.507085, 59.098563
6658.384, 300.263552, 58.875535
35046.845, 300.592114, 59.180825
4506.090, 300.481891, 59.077480
2461.327, 300.564227, 59.152374
7742.240, 300.322395, 58.931967
3219.535, 300.367084, 58.973204
7017.605, 300.391838, 58.995874
6580.488, 300.554592, 59.144942
19520.785, 300.288269, 58.903452
25891.896, 300.298689, 58.913435
4933.365, 300.305578, 58.917725
5721.080, 300.307595, 58.920568
8207.754, 300.348615, 58.957304
2483.520, 300.372630, 58.979859
23865.762, 300.656406, 59.240691
2469.112, 300.273743, 58.889080
15568.862, 300.275786, 58.892837
14435.028, 300.436743, 59.040888
2887.199, 300.368261, 58.977864
3301.119, 300.395234, 59.002996
17423.671, 300.536468, 59.134717
26359.710, 300.573867, 59.167954
10604.163, 300.376728, 58.989100
7906.138, 300.441569, 59.047922
6770.464, 300.526970, 59.125718
17482.800, 300.339750, 58.955786
17301.002, 300.484487, 59.089150
3313.985, 300.580657, 59.174854
13017.678, 300.494653, 59.099125
2434.048, 300.364981, 58.979767
7358.801, 300.420249, 59.031525
