# Source Fluxes and Coordinates
# Flux (e-/s), RA (deg), Dec (deg)
19895.930, 301.026983, 58.789657
12627.350, 301.000747, 58.765916
4374.275, 301.008298, 58.771273
11113.538, 301.049599, 58.810098
56028.992, 301.055875, 58.817565
4826.522, 301.282868, 59.017956
15518.495, 301.073524, 58.834137
4858.154, 301.109921, 58.863987
26723.324, 301.177522, 58.926800
3898.008, 300.952800, 58.722829
5325.454, 300.955183, 58.725751
3391.481, 300.976020, 58.744918
5326.155, 300.972801, 58.743348
56604.322, 300.973891, 58.748951
9322.768, 301.210438, 58.959579
24000.260, 301.038907, 58.807651
26557.203, 301.084634, 58.849413
73941.683, 300.957159, 58.737766
8276.035, 301.159699, 58.916050
2917.432, 301.271434, 59.014875
78151.221, 301.293810, 59.039164
6823.854, 301.004143, 58.776499
23246.689, 301.099380, 58.863979
8202.060, 301.115317, 58.876983
33240.421, 300.942255, 58.724929
48400.536, 301.020870, 58.794764
4876.718, 300.950108, 58.729112
64613.439, 301.009817, 58.786323
3424.398, 301.055373, 58.823782
3908.575, 300.966649, 58.744415
22126.255, 300.991810, 58.768997
5271.889, 301.032012, 58.804509
9697.274, 300.941882, 58.728095
52771.601, 301.182122, 58.947730
2415.244, 301.070401, 58.845186
13693.218, 301.283300, 59.038446
6262.236, 301.072154, 58.850400
3375.628, 301.127753, 58.899438
34879.442, 301.010562, 58.797698
3381.419, 301.062320, 58.841735
44580.992, 301.135192, 58.911624
5810.387, 301.025645, 58.809792
3396.838, 300.953195, 58.744637
40066.545, 301.035753, 58.823232
13701.711, 301.111090, 58.888578
19288.268, 300.943232, 58.740234
32218.601, 300.981711, 58.773433
10201.364, 301.003819, 58.792093
3902.862, 301.017735, 58.804706
8669.345, 301.078540, 58.861517
105931.955, 301.202492, 58.976209
19753.070, 300.965258, 58.759866
71971.429, 300.929440, 58.731022
7747.081, 301.064703, 58.850139
2953.168, 300.971627, 58.766559
8219.014, 300.984382, 58.779001
4384.616, 301.072561, 58.859318
4816.273, 301.029658, 58.821432
66027.955, 301.167477, 58.949775
41841.473, 301.253325, 59.025492
23705.429, 301.057674, 58.849572
36927.870, 301.208896, 58.986796
6715.123, 300.971007, 58.770263
32348.721, 300.946045, 58.750781
4868.738, 301.136213, 58.921157
18967.666, 300.982474, 58.785948
2928.306, 300.918816, 58.727252
11141.789, 300.932306, 58.740698
61182.616, 301.012832, 58.820381
72038.868, 301.170679, 58.958919
2402.157, 300.968014, 58.773008
4893.217, 301.048431, 58.846323
17916.114, 301.119993, 58.912329
40205.553, 301.063636, 58.864778
5024.250, 301.262139, 59.040401
60587.312, 301.153064, 58.947840
4828.354, 301.025781, 58.831986
12046.220, 300.911141, 58.729998
4389.212, 301.218148, 59.005184
4451.521, 300.963331, 58.777023
30390.651, 300.940598, 58.758903
5311.856, 301.038395, 58.846888
10119.501, 300.922430, 58.742803
6746.082, 300.946766, 58.764383
5279.969, 300.976685, 58.791162
29583.766, 301.088758, 58.894595
18511.941, 301.108123, 58.911220
5345.277, 300.981024, 58.796848
3921.201, 301.247063, 59.036100
11965.246, 301.293602, 59.077913
20309.546, 300.913020, 58.737923
3367.068, 300.945709, 58.769705
74776.137, 300.986950, 58.811403
24285.658, 301.013505, 58.834356
4009.862, 301.293822, 59.083214
3881.456, 300.904844, 58.734254
14435.259, 300.938810, 58.767590
4334.596, 301.037052, 58.855964
7196.063, 300.965841, 58.792879
68267.806, 301.109875, 58.926683
7716.844, 300.914443, 58.748635
9553.640, 300.931541, 58.763964
218843.993, 300.900584, 58.747610
2425.257, 301.047792, 58.869908
6858.931, 300.920730, 58.757610
27101.556, 301.045097, 58.872848
131652.647, 301.068321, 58.896418
40458.044, 301.126115, 58.946570
13705.961, 301.285102, 59.086899
15907.011, 301.027466, 58.857442
5918.070, 301.256648, 59.061683
9204.096, 300.933507, 58.771193
27528.207, 300.962442, 58.801863
17927.425, 300.940206, 58.779564
9185.367, 300.954014, 58.791778
61534.660, 300.942851, 58.787974
2898.664, 301.006781, 58.842020
26482.040, 300.974901, 58.815604
5809.705, 300.991906, 58.829759
53089.448, 301.104577, 58.934163
24803.678, 301.112868, 58.941207
78062.963, 301.167356, 58.994570
78367.793, 300.880155, 58.741891
4936.059, 301.009835, 58.849105
38834.440, 300.996208, 58.840316
35610.486, 300.914672, 58.769851
3925.160, 300.930182, 58.779574
5373.006, 301.054288, 58.891609
6699.436, 300.946982, 58.797234
7269.940, 301.047851, 58.887558
41847.351, 301.075849, 58.916877
4888.463, 300.971695, 58.821562
21147.538, 301.005678, 58.853763
72362.108, 301.015648, 58.865197
7322.730, 301.022262, 58.869274
9294.408, 300.885887, 58.747232
3818.556, 300.951532, 58.805057
4432.777, 300.895469, 58.755152
11214.661, 300.897449, 58.759710
4347.879, 300.914676, 58.773939
2416.884, 301.107534, 58.947874
180631.747, 301.137840, 58.982259
127862.390, 300.882099, 58.754595
3906.958, 300.986020, 58.840561
10619.134, 301.035475, 58.887149
24942.430, 301.240672, 59.073258
5777.045, 300.898763, 58.765822
4288.812, 300.935515, 58.798065
9603.139, 300.918279, 58.784736
52950.772, 300.969989, 58.834700
3421.270, 300.941359, 58.806215
4878.871, 300.944108, 58.808628
149122.927, 301.026439, 58.890559
15647.950, 301.189322, 59.032263
24083.789, 300.896375, 58.769485
55565.919, 300.956028, 58.827961
4389.856, 300.989119, 58.852660
7764.168, 301.066993, 58.923473
91988.408, 300.862810, 58.743928
45327.152, 300.899037, 58.775854
5295.079, 300.949442, 58.818717
18861.104, 300.881818, 58.760387
71449.943, 300.999560, 58.871636
7756.994, 300.885452, 58.763449
27774.396, 300.949983, 58.823588
3910.539, 300.969915, 58.839270
3861.056, 300.997665, 58.864565
9197.531, 300.979827, 58.852136
5339.687, 301.013156, 58.882106
19294.490, 300.928827, 58.808286
21576.632, 301.141276, 58.998999
2412.652, 301.222099, 59.069504
4298.702, 300.921734, 58.801022
13465.186, 300.934925, 58.814294
6290.813, 301.057537, 58.923995
8296.450, 301.097071, 58.960539
5813.169, 300.984495, 58.858986
33814.194, 300.885126, 58.773316
10080.825, 300.907879, 58.792965
7656.053, 300.938864, 58.819749
7744.382, 300.891746, 58.778376
21353.033, 300.959047, 58.839933
17355.404, 300.953487, 58.836860
4357.327, 300.872384, 58.760626
10669.003, 300.941553, 58.825421
7233.916, 301.029485, 58.905833
3361.385, 300.916949, 58.804191
83190.750, 300.849265, 58.751979
5294.355, 300.911994, 58.800202
6765.504, 300.931018, 58.817850
12168.023, 300.961963, 58.847456
9562.369, 300.969380, 58.853507
6771.032, 300.999943, 58.882243
13963.002, 300.902893, 58.796773
8702.909, 300.930787, 58.820827
68931.334, 301.202495, 59.068697
2867.648, 300.862558, 58.758550
2935.601, 300.940305, 58.828895
6821.493, 301.003176, 58.886775
29453.826, 300.896620, 58.795135
3390.078, 300.921838, 58.813417
138272.069, 300.862584, 58.766508
180599.680, 301.023052, 58.913722
23318.649, 301.065123, 58.947429
24696.501, 301.106419, 58.983882
3346.959, 300.913775, 58.809570
2887.464, 300.921580, 58.818060
3374.332, 301.017826, 58.905489
2432.012, 300.937550, 58.833355
4362.359, 300.968325, 58.863326
30025.059, 301.112100, 58.995223
2922.457, 300.868959, 58.773330
5390.908, 300.877969, 58.781864
11323.499, 301.238792, 59.109891
5283.639, 300.848653, 58.759616
51096.452, 301.046434, 58.942979
123230.027, 301.131972, 59.021854
2905.242, 300.918587, 58.824858
73705.988, 300.844251, 58.763583
6726.677, 300.966595, 58.869322
65537.738, 300.983279, 58.889252
46327.009, 300.990750, 58.895395
62680.276, 301.119758, 59.012879
84399.156, 300.915435, 58.830865
6331.926, 300.864683, 58.782918
2428.246, 300.870777, 58.787166
17386.517, 300.853709, 58.776356
5799.026, 300.869160, 58.791787
16930.239, 300.916674, 58.837655
194721.619, 300.930753, 58.861942
28368.579, 301.141834, 59.043352
617949.405, 300.820806, 58.765577
148256.549, 300.838703, 58.778843
51627.532, 301.193885, 59.092396
36879.905, 301.100539, 59.008708
11065.410, 300.901930, 58.828492
18018.005, 300.975358, 58.896869
14025.748, 301.031266, 58.948418
24000.176, 301.074657, 58.986642
4866.908, 300.970199, 58.892133
11088.368, 300.992439, 58.913177
10109.715, 301.063413, 58.978054
8757.080, 301.174136, 59.076321
6331.036, 300.868148, 58.801039
2440.256, 300.920010, 58.847823
11111.756, 300.959604, 58.886486
28468.615, 300.901618, 58.835406
20740.696, 300.910060, 58.845012
11103.353, 301.064838, 58.982601
4852.111, 300.843541, 58.783800
20324.812, 300.970954, 58.903061
41505.073, 301.139119, 59.054637
2886.508, 300.812639, 58.758591
3390.118, 300.991418, 58.921348
4404.857, 301.026615, 58.952580
18377.330, 300.921558, 58.860909
19288.694, 300.978272, 58.913064
42968.802, 300.842083, 58.796014
2934.797, 300.863885, 58.808739
26017.611, 300.893422, 58.837568
3898.223, 300.879624, 58.823871
4352.140, 300.949318, 58.887023
40013.890, 301.013849, 58.948062
36115.735, 300.968651, 58.908057
36791.916, 300.883717, 58.832859
7238.463, 301.035618, 58.968898
53226.146, 301.059032, 58.992555
14543.094, 300.835888, 58.789383
25619.027, 301.039973, 58.975652
9646.870, 300.850395, 58.804432
49597.954, 301.159808, 59.087524
16839.008, 300.982462, 58.927386
2918.217, 300.889160, 58.842060
26063.000, 300.899871, 58.854277
95449.929, 300.814725, 58.781978
3813.488, 300.868967, 58.826045
5375.364, 300.951818, 58.901232
3318.837, 300.800774, 58.765048
41042.742, 300.874417, 58.838350
39037.066, 300.980317, 58.933839
32922.366, 301.145024, 59.082007
120435.221, 300.796218, 58.774420
4324.172, 300.971587, 58.924544
102630.901, 301.022549, 58.975905
36979.671, 301.130633, 59.070512
11083.443, 300.963945, 58.920696
4848.561, 300.972900, 58.927075
24490.293, 301.090159, 59.035576
26117.847, 300.837055, 58.807641
17728.797, 300.848450, 58.817434
18411.531, 300.940867, 58.900919
46839.638, 300.823601, 58.798492
6742.017, 300.953593, 58.914797
3355.625, 300.796170, 58.771669
2435.432, 300.884365, 58.851226
68696.133, 301.075735, 59.028094
7250.115, 300.789435, 58.766938
12076.703, 300.812019, 58.787504
7722.636, 300.842156, 58.815779
6373.289, 300.859316, 58.831777
10743.230, 301.110432, 59.058941
3425.529, 300.933372, 58.899900
37909.898, 300.974550, 58.940172
78557.546, 300.847480, 58.827374
3400.080, 300.825252, 58.803579
8781.179, 300.860064, 58.836019
29485.102, 300.961801, 58.929902
9210.933, 300.911468, 58.883548
2896.190, 300.815822, 58.796638
4834.005, 300.947805, 58.916741
16522.707, 300.878681, 58.857273
3382.328, 300.884990, 58.860516
8233.060, 300.921286, 58.894144
16079.151, 301.181603, 59.129071
27589.794, 300.800350, 58.789245
12576.397, 300.850800, 58.834921
95625.516, 301.020155, 58.991966
2952.194, 300.806651, 58.794314
3416.590, 300.986277, 58.957499
10182.498, 300.824925, 58.814472
19834.607, 300.927091, 58.907346
95744.484, 300.961492, 58.941463
25822.814, 301.003406, 58.975713
2485.037, 300.820968, 58.809871
16846.550, 300.831660, 58.824004
2428.966, 301.122245, 59.081871
2915.960, 301.076130, 59.041679
13495.713, 300.896215, 58.881474
4418.312, 300.790376, 58.784621
10143.840, 300.868440, 58.857599
18869.011, 300.888282, 58.875973
95133.769, 300.774453, 58.776732
3910.958, 300.836936, 58.827462
3811.009, 300.928608, 58.911677
25634.092, 300.977721, 58.957612
7799.947, 300.796799, 58.792908
4313.252, 300.814757, 58.808441
94140.843, 300.856791, 58.853261
29179.032, 301.093960, 59.064730
3866.604, 300.850064, 58.842137
32449.101, 301.143361, 59.110301
5327.443, 300.929982, 58.917973
4406.882, 301.075735, 59.049174
11138.976, 300.840267, 58.839985
7747.806, 300.882900, 58.877493
2886.227, 300.925683, 58.915829
6287.758, 300.939869, 58.929058
8781.420, 300.961378, 58.949124
202060.929, 301.017037, 59.006816
6788.334, 300.807849, 58.810603
6299.455, 300.813117, 58.814837
16403.100, 300.815339, 58.818989
10196.621, 300.862522, 58.860181
8666.875, 300.876960, 58.873097
4362.005, 300.917996, 58.909347
47431.913, 301.111964, 59.087082
40818.318, 300.786162, 58.795375
12067.924, 300.844285, 58.844703
18853.485, 300.781526, 58.789827
4343.823, 300.864805, 58.863277
38197.622, 300.889225, 58.887057
4391.871, 300.917084, 58.913168
6195.255, 300.802656, 58.810931
9687.456, 300.815983, 58.822956
6794.105, 300.894390, 58.894107
4355.811, 300.943655, 58.938977
7740.536, 300.902270, 58.904652
9104.402, 300.767272, 58.784173
21219.532, 300.977907, 58.975424
46531.103, 301.022178, 59.016933
26938.145, 300.757145, 58.779791
7732.255, 300.835948, 58.846999
3900.514, 300.755848, 58.775290
5362.389, 300.861416, 58.871415
19754.015, 300.867355, 58.878858
18982.250, 301.031187, 59.025537
13492.972, 300.793537, 58.811442
36631.164, 300.804741, 58.822335
54435.585, 301.131846, 59.119123
38538.089, 300.961319, 58.966021
46879.899, 300.765297, 58.789753
10142.237, 300.772591, 58.793664
322531.888, 300.899585, 58.921548
40038.961, 300.810957, 58.836641
8271.463, 300.860413, 58.874965
6877.717, 300.917964, 58.927125
8195.512, 300.931464, 58.938530
17277.765, 300.821577, 58.842739
4375.651, 300.782485, 58.805645
40314.695, 301.092734, 59.089181
4328.974, 300.833650, 58.853549
12065.321, 300.890830, 58.908269
6337.643, 300.922465, 58.933769
2911.623, 300.774771, 58.802253
14899.761, 300.873227, 58.894401
8716.311, 300.752436, 58.785572
53785.885, 300.773979, 58.811175
14882.494, 300.822921, 58.852044
8699.281, 300.844242, 58.870424
12026.710, 300.876232, 58.899934
7273.926, 301.078137, 59.081384
23277.960, 300.905559, 58.929894
10597.177, 300.923460, 58.943315
4300.154, 300.827904, 58.858322
17864.911, 300.752007, 58.790018
39128.836, 300.958055, 58.979046
3850.146, 300.932783, 58.953901
8670.960, 300.935182, 58.960206
12549.164, 300.797920, 58.837505
6324.790, 300.739015, 58.783417
6809.695, 300.825324, 58.862431
3350.514, 300.862769, 58.895768
12022.750, 300.865922, 58.900019
7281.131, 300.741931, 58.787393
19373.997, 300.827188, 58.867182
71931.554, 300.831191, 58.874425
29581.382, 300.844722, 58.884887
5301.858, 301.033416, 59.052258
6796.839, 300.763917, 58.808787
11621.845, 300.850791, 58.888751
47646.169, 300.743292, 58.793665
17356.944, 300.856274, 58.895063
16375.315, 300.868504, 58.905673
52446.756, 300.954331, 58.985772
35192.886, 301.042558, 59.065702
11607.222, 300.755355, 58.805177
19026.184, 300.765946, 58.815613
6798.308, 300.771524, 58.819092
30288.416, 300.835817, 58.881077
2439.596, 300.800915, 58.848479
4345.656, 300.803225, 58.851643
2941.202, 300.877852, 58.918543
5319.657, 300.978189, 59.009234
8667.057, 300.755653, 58.808578
10611.668, 300.869409, 58.913143
18376.756, 300.777890, 58.831814
12954.001, 300.749245, 58.805288
11132.246, 300.863534, 58.909803
7255.653, 300.870110, 58.917038
74953.684, 301.017905, 59.053390
5316.365, 300.845904, 58.894676
2466.416, 300.908548, 58.951173
47865.416, 300.886848, 58.939174
40216.925, 301.052875, 59.086078
6264.861, 300.784348, 58.842014
5314.823, 300.762409, 58.823204
9672.718, 300.767455, 58.827418
4359.517, 300.815484, 58.871697
3788.736, 300.893301, 58.942330
15436.238, 300.724451, 58.794003
7729.067, 300.793051, 58.855594
4829.217, 300.878707, 58.934068
30162.096, 300.717223, 58.789971
10189.099, 300.771852, 58.838733
5360.520, 300.750780, 58.820087
20791.514, 300.761182, 58.830852
70855.179, 300.830536, 58.895873
11114.032, 300.860247, 58.920145
2912.719, 300.793679, 58.859193
61844.352, 300.926358, 58.985086
6798.579, 300.739714, 58.814521
2933.680, 300.849582, 58.912802
41334.046, 300.948445, 59.005533
16028.756, 301.047738, 59.093197
5269.570, 300.838328, 58.904300
2902.731, 300.855381, 58.920031
14452.970, 300.811341, 58.882307
111374.283, 300.845275, 58.918083
3879.544, 300.876819, 58.940530
10563.380, 300.779927, 58.854297
4347.879, 300.815902, 58.887678
2428.039, 300.712701, 58.794603
6728.341, 300.742795, 58.822157
3375.924, 300.797771, 58.872869
3404.479, 300.787016, 58.863941
2913.895, 300.800195, 58.876339
39398.062, 301.075584, 59.128994
12643.869, 300.884284, 58.956873
61147.074, 300.914102, 58.987270
45013.565, 301.101925, 59.157722
2386.647, 300.740950, 58.828858
30879.977, 300.769589, 58.859099
6240.838, 300.783330, 58.869504
34165.242, 300.958638, 59.030200
15475.631, 300.774127, 58.866190
4851.062, 300.784855, 58.874999
98335.722, 300.718936, 58.823319
15145.909, 301.036249, 59.104393
8205.253, 300.704500, 58.806118
58482.526, 300.867904, 58.958051
10824.425, 301.026300, 59.097377
9210.395, 300.753769, 58.851761
9627.765, 300.744008, 58.844149
61239.302, 300.755129, 58.858007
3396.436, 300.803429, 58.897387
7171.587, 300.827047, 58.919556
46271.617, 301.013109, 59.090081
3439.570, 300.733426, 58.834686
91025.072, 300.993600, 59.075374
288611.689, 300.955223, 59.045151
3865.854, 300.858191, 58.949706
12509.014, 300.939054, 59.023907
19702.672, 300.779236, 58.881281
7714.543, 300.789390, 58.889133
6321.480, 300.745008, 58.849473
4880.552, 300.799204, 58.898150
40704.943, 300.726774, 58.836490
65278.753, 300.765942, 58.877160
65595.812, 300.871761, 58.969769
4825.502, 300.791827, 58.895053
64873.996, 300.705898, 58.822915
3422.668, 300.829485, 58.929461
13552.682, 300.940128, 59.031256
38459.836, 300.958876, 59.051964
50435.990, 300.858063, 58.964928
11613.930, 300.885356, 58.984115
221865.336, 300.748511, 58.871447
43713.148, 300.896215, 58.997110
5773.894, 300.790610, 58.899670
23435.647, 300.891370, 58.992515
12128.480, 300.697738, 58.816712
2425.185, 300.734848, 58.849393
6998.574, 301.040270, 59.126248
4315.537, 300.689553, 58.809255
60506.020, 300.775168, 58.890418
45741.100, 300.849195, 58.957584
3990.319, 300.987202, 59.078651
4365.899, 300.741484, 58.856877
17079.966, 300.883924, 58.988908
63472.969, 300.675915, 58.804113
2432.250, 300.747614, 58.865250
3349.420, 300.768365, 58.883747
2385.452, 300.810133, 58.922984
2909.854, 300.742096, 58.861879
6235.888, 300.788719, 58.905037
14919.618, 300.804163, 58.920318
23326.115, 300.906940, 59.015057
11079.400, 300.725861, 58.851464
2450.847, 300.761145, 58.882130
3435.666, 300.791386, 58.910350
26178.869, 300.701282, 58.833489
11112.286, 300.795809, 58.915652
12165.762, 300.973844, 59.077034
16473.259, 300.804161, 58.926356
28221.530, 300.828197, 58.948309
2931.591, 300.938085, 59.046510
8224.393, 300.798503, 58.921462
9619.076, 300.863265, 58.981368
8217.848, 300.728027, 58.859400
10030.315, 300.751996, 58.882716
42907.736, 300.880752, 59.001975
10598.009, 300.776092, 58.905637
7738.986, 300.684456, 58.822681
18345.974, 300.704080, 58.841277
177692.430, 300.748044, 58.891339
8303.523, 300.789226, 58.918008
30481.618, 300.964171, 59.077861
39461.739, 300.662276, 58.807492
11020.318, 300.749948, 58.886254
193745.010, 300.813955, 58.954263
55384.715, 300.937034, 59.058328
21288.788, 300.792333, 58.926664
2936.693, 300.808823, 58.938860
15275.030, 301.019153, 59.130296
20759.439, 300.798629, 58.932591
100107.390, 300.828619, 58.965049
9705.986, 300.663365, 58.811427
12612.052, 300.680016, 58.826054
9633.843, 300.735178, 58.876492
3893.380, 300.993384, 59.109116
2497.753, 300.711476, 58.854700
91182.175, 301.034670, 59.151912
4292.344, 300.701460, 58.847408
4844.133, 300.763261, 58.904612
5829.466, 300.766671, 58.907993
35542.762, 300.885156, 59.017382
3400.250, 300.707694, 58.854790
2932.769, 300.740067, 58.883898
39166.313, 300.925310, 59.054751
92071.745, 300.674685, 58.830688
40895.781, 300.686718, 58.841326
3907.110, 300.713265, 58.862827
6911.468, 301.051747, 59.169626
25584.767, 300.726341, 58.878649
81965.110, 300.837657, 58.982816
3979.569, 301.007144, 59.130657
3939.715, 300.755390, 58.905243
13953.902, 300.788717, 58.937572
7207.715, 300.855489, 58.998113
52483.464, 300.922837, 59.060808
24656.946, 300.650532, 58.815551
48811.720, 300.738264, 58.896525
2411.731, 300.779718, 58.928330
19769.365, 300.700543, 58.861642
63694.021, 300.683628, 58.851710
214861.199, 300.849962, 59.005036
13990.361, 300.678047, 58.844080
90872.635, 300.725383, 58.891772
27955.744, 300.816256, 58.972921
2901.946, 300.751835, 58.912729
3456.321, 300.821252, 58.975194
107823.199, 300.636097, 58.813071
12124.376, 300.838341, 58.992892
6238.611, 300.777672, 58.939431
2409.980, 300.765952, 58.929116
2397.588, 300.823710, 58.981388
13167.607, 300.789427, 58.953659
13544.464, 300.778200, 58.944950
2986.341, 300.840565, 58.999184
10561.533, 300.800167, 58.964314
30023.721, 300.650053, 58.831005
10048.124, 300.745512, 58.920793
10564.231, 300.666068, 58.847960
6789.583, 300.735322, 58.911005
19309.701, 300.758157, 58.935268
3929.896, 300.670735, 58.852978
47896.421, 300.780333, 58.957095
5278.170, 300.807179, 58.978260
4393.232, 300.674848, 58.858524
7728.280, 300.722981, 58.902738
5347.192, 300.717072, 58.898230
2860.383, 300.884553, 59.052369
6827.006, 300.916941, 59.081498
4855.423, 300.646681, 58.837659
9591.662, 300.722139, 58.906714
15603.399, 300.823306, 58.999395
71067.528, 301.002961, 59.165508
7755.071, 300.618784, 58.815525
23641.436, 300.735574, 58.922087
30853.484, 300.826614, 59.004947
6740.489, 300.864017, 59.037788
12643.000, 300.942069, 59.108826
5400.890, 300.726057, 58.913640
7276.829, 300.789867, 58.972495
22799.158, 300.682064, 58.878084
20715.373, 300.714386, 58.906042
118032.865, 300.982253, 59.152530
3400.762, 300.678617, 58.873192
11602.217, 300.718367, 58.911380
20302.809, 300.722811, 58.916514
8792.658, 300.908944, 59.082331
3454.983, 300.736373, 58.926714
76717.566, 300.802639, 58.993546
2472.478, 300.639403, 58.838592
3391.418, 300.626454, 58.827755
14942.986, 300.693212, 58.890299
71365.987, 300.888482, 59.070522
39643.477, 300.643164, 58.850471
36212.149, 300.796217, 58.986799
76189.381, 300.829706, 59.020530
4871.901, 300.630700, 58.835261
37130.935, 300.991728, 59.165585
2884.471, 300.681190, 58.884148
5289.121, 300.609013, 58.819044
24012.582, 301.005335, 59.180143
3859.417, 300.633852, 58.842438
20799.195, 300.725977, 58.927807
52420.310, 300.731105, 58.934002
41702.424, 300.764488, 58.965713
12587.753, 300.661388, 58.869987
6764.205, 300.680374, 58.887454
3413.904, 300.700641, 58.905937
462515.363, 300.988864, 59.175913
11720.829, 300.772603, 58.974546
6757.716, 300.712127, 58.920647
41801.930, 300.665376, 58.881316
34166.404, 300.697572, 58.912126
4759.282, 300.732447, 58.940333
8768.085, 300.647409, 58.864430
25129.171, 300.650762, 58.870464
15001.932, 300.600691, 58.825791
3897.677, 300.728744, 58.942069
17900.905, 300.790562, 58.999018
14747.093, 300.654579, 58.876090
7188.456, 300.814168, 59.020114
4890.540, 300.641147, 58.863591
54595.046, 300.880647, 59.084217
6318.221, 300.666125, 58.887055
81614.157, 300.678016, 58.902126
2478.881, 300.775449, 58.986594
40461.808, 300.817975, 59.029312
32684.068, 300.964455, 59.160099
6265.644, 300.757164, 58.972864
2891.531, 300.710735, 58.930795
36981.311, 300.824507, 59.036892
7182.993, 300.704215, 58.927361
23633.298, 300.738104, 58.958585
5768.869, 300.748281, 58.968349
3407.880, 300.642264, 58.871181
5405.174, 300.598423, 58.832160
7203.523, 300.742430, 58.963999
20389.950, 300.775479, 58.995922
4808.575, 300.781321, 58.999986
27050.553, 300.711112, 58.940406
28174.593, 300.895234, 59.105821
172427.689, 300.652658, 58.891443
56350.047, 300.683404, 58.918370
10144.353, 300.596668, 58.835810
24042.682, 300.662826, 58.899997
20180.267, 300.689818, 58.926808
64671.270, 300.738010, 58.970963
17419.899, 300.699864, 58.936453
158925.645, 300.905008, 59.126539
45770.871, 300.949416, 59.164170
4365.100, 300.694986, 58.933553
15582.433, 300.851077, 59.076439
13559.727, 300.597233, 58.846366
2891.841, 300.765912, 58.998671
43745.069, 300.615483, 58.866317
2931.291, 300.706298, 58.945876
69316.593, 300.599321, 58.856346
355202.932, 300.628131, 58.886554
3372.675, 300.805932, 59.038722
37942.976, 300.717142, 58.962792
5805.635, 300.666990, 58.914965
12624.191, 300.885219, 59.113525
3360.579, 300.792949, 59.030081
2841.557, 300.690412, 58.937445
18335.600, 300.583251, 58.842604
10207.260, 300.641072, 58.895730
7767.653, 300.650577, 58.903739
28414.610, 300.802364, 59.044123
2459.281, 300.693650, 58.944403
9662.775, 300.600293, 58.862231
124490.250, 300.665731, 58.927011
21512.492, 300.938565, 59.170460
6273.344, 300.678832, 58.934951
72390.362, 300.848993, 59.092432
6327.961, 300.603404, 58.865998
3436.886, 300.925002, 59.157604
2409.536, 300.659831, 58.917756
6696.641, 300.707448, 58.963247
3366.862, 300.636466, 58.900302
12029.164, 300.709199, 58.968506
29415.993, 300.587472, 58.859745
3417.609, 300.691880, 58.953425
2384.023, 300.678754, 58.942147
31323.736, 300.721467, 58.983667
2952.350, 300.651951, 58.918249
8140.369, 300.800245, 59.054451
14569.319, 300.613461, 58.889999
3402.365, 300.785224, 59.044006
22685.518, 300.618030, 58.896361
32761.961, 300.564979, 58.849306
2892.625, 300.604134, 58.880988
11231.660, 300.841781, 59.097862
20331.287, 300.705190, 58.975754
23776.851, 300.783248, 59.047100
40254.142, 300.622690, 58.902339
16180.469, 300.809795, 59.071892
2417.333, 300.656055, 58.931557
8724.266, 300.718065, 58.988879
4362.937, 300.698000, 58.970905
71411.163, 300.893283, 59.151363
12560.221, 300.572171, 58.857885
3889.994, 300.687130, 58.962691
4312.054, 300.581354, 58.867493
60431.949, 300.789473, 59.063370
3397.325, 300.586457, 58.874548
7408.897, 300.543642, 58.837169
2916.207, 300.632775, 58.917059
6348.052, 300.871593, 59.134621
19001.477, 300.740412, 59.018009
2491.358, 300.660967, 58.944464
2937.962, 300.907207, 59.167492
2408.861, 300.647069, 58.933801
22427.340, 300.663472, 58.950115
3413.712, 300.578311, 58.871074
116130.549, 300.579978, 58.880925
2468.408, 300.619805, 58.910419
14940.920, 300.667237, 58.955838
28070.895, 300.674626, 58.964074
2839.960, 300.552791, 58.851232
3877.394, 300.624403, 58.917365
4857.903, 300.634332, 58.927244
6692.943, 300.706726, 58.994592
2411.695, 300.602936, 58.898700
5802.394, 300.731602, 59.018356
10223.974, 300.811845, 59.091254
6291.847, 300.827444, 59.104313
32418.137, 300.614781, 58.918603
43678.823, 300.656648, 58.954338
30938.497, 300.777642, 59.064004
11619.876, 300.694046, 58.987350
8267.203, 300.745263, 59.033507
74465.722, 300.537206, 58.849902
5319.047, 300.644753, 58.942818
43254.134, 300.931882, 59.207468
4848.956, 300.587349, 58.893975
298003.258, 300.703186, 59.009843
16594.095, 300.897843, 59.178123
12236.270, 300.742661, 59.038588
17317.844, 300.605618, 58.914867
59914.005, 300.631769, 58.942243
8705.973, 300.558901, 58.872896
2942.244, 300.593636, 58.906329
13105.726, 300.535888, 58.857871
29429.172, 300.710907, 59.017637
3854.485, 300.889970, 59.177449
3406.525, 300.635103, 58.947718
54278.226, 300.858226, 59.153058
4349.549, 300.717105, 59.022485
9096.365, 300.557832, 58.879104
4862.592, 300.598262, 58.917683
29168.662, 300.612883, 58.935689
16983.915, 300.661609, 58.977081
2470.619, 300.551985, 58.876198
54518.070, 300.558629, 58.885624
12158.832, 300.582430, 58.907251
3899.849, 300.525696, 58.853846
20037.755, 300.827497, 59.131799
23191.218, 300.515082, 58.849411
46693.433, 300.739854, 59.054886
18766.938, 300.658956, 58.982048
33517.821, 300.718488, 59.038651
38962.790, 300.765675, 59.081579
2925.639, 300.591025, 58.920456
59557.409, 300.623195, 58.953501
27253.720, 300.813158, 59.125037
37567.674, 300.825251, 59.137442
40296.387, 300.637825, 58.968188
67302.473, 300.865223, 59.178860
8695.013, 300.571801, 58.910266
10671.949, 300.554589, 58.895448
18018.897, 300.794927, 59.115119
3894.748, 300.506310, 58.852021
6310.610, 300.619511, 58.957876
11510.895, 300.537607, 58.885872
19623.966, 300.811503, 59.134949
3367.345, 300.622102, 58.963495
13032.040, 300.542719, 58.892410
2475.299, 300.563971, 58.910903
65604.187, 300.708486, 59.047096
10967.374, 300.526508, 58.878550
2351.531, 300.533448, 58.884081
37298.168, 300.639137, 58.984584
13503.841, 300.643283, 58.988633
7665.011, 300.497532, 58.855861
33827.556, 300.891793, 59.216385
10084.149, 300.511051, 58.869382
39749.373, 300.733994, 59.074596
28470.086, 300.655069, 59.003802
25834.604, 300.671740, 59.021535
66262.637, 300.879554, 59.212018
109695.345, 300.768329, 59.115043
7242.137, 300.501650, 58.867009
42475.503, 300.528520, 58.897665
11020.318, 300.553902, 58.916870
7764.702, 300.710070, 59.058986
24922.300, 300.688852, 59.042393
45203.550, 300.556722, 58.923622
15001.876, 300.584140, 58.947992
19956.605, 300.663994, 59.020559
7753.375, 300.579271, 58.944397
7264.878, 300.497066, 58.870085
5773.468, 300.610797, 58.975333
22435.350, 300.834763, 59.180407
46775.749, 300.734437, 59.094964
47730.457, 300.776718, 59.133391
3414.832, 300.837030, 59.185128
3346.653, 300.553488, 58.929006
2969.359, 300.841328, 59.189867
23699.358, 300.849641, 59.199161
27524.049, 300.818089, 59.171929
45672.989, 300.749693, 59.112803
54911.814, 300.478384, 58.866955
4893.223, 300.594005, 58.969714
2934.868, 300.502619, 58.887204
45573.739, 300.606052, 58.985534
19757.820, 300.623230, 59.000170
4818.183, 300.550315, 58.932097
2940.280, 300.586343, 58.965251
86661.509, 300.631103, 59.013181
42935.971, 300.489798, 58.884667
25614.387, 300.563678, 58.949302
16065.044, 300.816160, 59.178086
33961.864, 300.712079, 59.086595
27021.752, 300.570412, 58.962644
12176.879, 300.835967, 59.198683
38446.758, 300.549094, 58.942419
11564.198, 300.539560, 58.933879
17084.407, 300.712003, 59.090777
8830.492, 300.496584, 58.893970
56426.471, 300.616931, 59.008302
71506.949, 300.643321, 59.034961
20325.608, 300.812236, 59.185528
54253.391, 300.721425, 59.106793
5410.615, 300.500467, 58.903396
74311.846, 300.520444, 58.928173
354915.447, 300.580230, 58.990576
5876.721, 300.512578, 58.918702
123165.047, 300.458235, 58.875391
2494.048, 300.527334, 58.933575
28867.461, 300.764115, 59.153030
38763.594, 300.642589, 59.044937
28815.767, 300.695038, 59.092206
20169.602, 300.649707, 59.052285
29717.271, 300.477438, 58.896571
29714.217, 300.799795, 59.188964
2929.432, 300.644951, 59.048756
3876.344, 300.597276, 59.006658
35817.980, 300.543155, 58.960983
9292.973, 300.517956, 58.936137
2945.394, 300.525417, 58.942215
3479.606, 300.739234, 59.137029
11794.100, 300.817980, 59.209812
2916.898, 300.529907, 58.947032
35765.605, 300.698774, 59.107448
22865.910, 300.445707, 58.874166
23275.896, 300.685875, 59.097061
2473.687, 300.658242, 59.069548
55951.773, 300.736885, 59.144244
68994.156, 300.577977, 59.001005
26656.028, 300.679151, 59.092662
6841.572, 300.540617, 58.969558
6310.542, 300.598248, 59.022669
22457.061, 300.676277, 59.097977
4862.180, 300.521313, 58.955495
93000.985, 300.596359, 59.031396
4399.874, 300.645494, 59.070522
21160.486, 300.466497, 58.907907
31964.119, 300.627615, 59.058137
99432.854, 300.563143, 59.002624
13047.916, 300.715716, 59.138573
21113.251, 300.726854, 59.148889
3345.351, 300.503508, 58.944194
14909.252, 300.588163, 59.024251
19251.515, 300.814869, 59.229194
27682.056, 300.770270, 59.190737
20709.860, 300.467411, 58.917393
2482.824, 300.708239, 59.134356
9243.064, 300.613742, 59.050470
21428.561, 300.662105, 59.097817
34469.677, 300.694894, 59.128356
57806.392, 300.524644, 58.975671
25473.856, 300.652749, 59.091018
2868.746, 300.426793, 58.883203
40280.154, 300.479223, 58.935126
17520.434, 300.712101, 59.146580
3886.328, 300.731202, 59.162059
2423.419, 300.644358, 59.084641
23530.377, 300.792909, 59.222814
6391.113, 300.467598, 58.925023
34244.102, 300.488576, 58.949931
17527.242, 300.732034, 59.169226
3909.692, 300.777114, 59.208695
42383.642, 300.454049, 58.918786
13100.843, 300.460713, 58.922608
3923.487, 300.608764, 59.057754
69795.405, 300.669420, 59.119642
93628.150, 300.417785, 58.888955
53303.555, 300.709725, 59.155562
36280.940, 300.516988, 58.980504
2422.457, 300.718942, 59.164802
2430.620, 300.568206, 59.028600
2898.296, 300.557450, 59.020249
30543.556, 300.456417, 58.931815
3815.885, 300.488065, 58.958681
3311.459, 300.399901, 58.878564
258759.018, 300.430191, 58.919809
3346.321, 300.641038, 59.098603
21505.425, 300.683799, 59.139599
8723.614, 300.405030, 58.884951
71608.969, 300.641175, 59.105831
9158.595, 300.455459, 58.935713
27350.869, 300.697487, 59.158632
16925.963, 300.442020, 58.925738
2444.635, 300.657492, 59.121921
15785.997, 300.716064, 59.176905
10158.537, 300.415712, 58.903518
12150.245, 300.471053, 58.953781
49349.424, 300.475692, 58.960547
23671.504, 300.792132, 59.248697
3882.120, 300.394820, 58.884956
23271.767, 300.439477, 58.929959
2435.813, 300.484169, 58.968777
7760.294, 300.443536, 58.936908
4424.429, 300.564454, 59.047520
15988.952, 300.400978, 58.899005
44056.742, 300.514094, 59.005776
7759.594, 300.415595, 58.914481
6929.092, 300.726139, 59.197957
45669.113, 300.677911, 59.158384
25215.679, 300.490911, 58.987033
76054.084, 300.524547, 59.021757
86453.219, 300.386163, 58.897248
11172.699, 300.636195, 59.120111
6288.577, 300.458047, 58.959119
9216.242, 300.731837, 59.208026
3391.288, 300.481007, 58.979796
119508.748, 300.626779, 59.118803
119739.472, 300.509522, 59.011709
101302.023, 300.397961, 58.912852
5364.136, 300.421897, 58.928661
4426.734, 300.425545, 58.931274
28292.966, 300.485512, 58.989913
74418.197, 300.540955, 59.045042
18190.138, 300.754588, 59.236457
4820.541, 300.473212, 58.979426
6763.626, 300.681207, 59.173034
2430.748, 300.453505, 58.967436
3901.027, 300.658138, 59.154432
23668.765, 300.374312, 58.898906
4884.058, 300.571833, 59.076622
27200.387, 300.749994, 59.241550
11438.551, 300.660908, 59.160049
35185.703, 300.669527, 59.171270
4334.545, 300.423403, 58.945707
5334.918, 300.579353, 59.088459
22938.139, 300.414288, 58.939633
4344.250, 300.359807, 58.890856
6266.433, 300.447410, 58.971869
44200.391, 300.580407, 59.096714
22918.990, 300.588125, 59.102459
2478.634, 300.391240, 58.921177
20756.379, 300.504573, 59.026382
12543.287, 300.527905, 59.048521
18605.049, 300.413525, 58.944556
94346.268, 300.356614, 58.898795
17014.099, 300.679487, 59.190726
4339.366, 300.384130, 58.921154
4379.974, 300.472080, 59.002252
7267.496, 300.609588, 59.129516
23375.896, 300.651177, 59.168129
7755.814, 300.421463, 58.958636
5799.982, 300.562847, 59.087727
5826.204, 300.461622, 58.996171
11086.492, 300.523287, 59.054492
4805.250, 300.402523, 58.943753
10852.474, 300.740649, 59.252113
7303.657, 300.573905, 59.101258
6355.090, 300.642735, 59.164304
13713.330, 300.500969, 59.036797
18344.732, 300.437402, 58.980574
23851.181, 300.372467, 58.922552
40162.002, 300.742545, 59.262436
5790.036, 300.542793, 59.078611
53720.216, 300.612169, 59.145604
19672.046, 300.442074, 58.989863
12608.008, 300.566350, 59.102528
99759.956, 300.536598, 59.084748
9754.674, 300.665685, 59.196290
36742.029, 300.430458, 58.984624
6909.920, 300.599236, 59.136725
2443.401, 300.675714, 59.205014
16833.538, 300.497248, 59.047158
2485.978, 300.439267, 58.994623
2972.908, 300.462417, 59.016081
9240.441, 300.511074, 59.062039
10745.601, 300.580274, 59.125923
75864.935, 300.661831, 59.202582
2467.077, 300.605555, 59.147459
18624.222, 300.614168, 59.157444
54226.686, 300.558244, 59.109348
6745.610, 300.554467, 59.103736
78386.273, 300.364893, 58.937013
121845.227, 300.534845, 59.095109
14790.173, 300.602345, 59.150721
8824.165, 300.328271, 58.899708
2458.120, 300.409361, 58.974277
7296.872, 300.439007, 59.002328
16493.112, 300.358940, 58.931472
4844.101, 300.492847, 59.054209
19420.333, 300.635074, 59.185468
13483.665, 300.396822, 58.968694
2898.299, 300.499953, 59.062073
20606.755, 300.711432, 59.256604
12724.532, 300.452014, 59.020401
14974.492, 300.476768, 59.043226
30501.345, 300.609616, 59.165924
18250.348, 300.490161, 59.058131
97345.194, 300.323521, 58.909325
95218.848, 300.435144, 59.013969
2932.919, 300.469755, 59.039084
26706.000, 300.672353, 59.226109
13030.943, 300.367271, 58.948368
14202.807, 300.477687, 59.049840
13065.919, 300.405144, 58.985044
8792.975, 300.493144, 59.065451
17143.163, 300.545585, 59.113592
7655.762, 300.352345, 58.936615
25765.651, 300.424408, 59.003505
107561.905, 300.530869, 59.107498
6785.296, 300.610268, 59.176022
3927.270, 300.315457, 58.906796
26942.780, 300.591931, 59.162536
5358.535, 300.394814, 58.981942
32744.082, 300.633122, 59.201421
8194.077, 300.336612, 58.928986
14085.801, 300.467544, 59.050300
2459.460, 300.578838, 59.150767
34400.101, 300.690583, 59.254718
6856.067, 300.665366, 59.230791
5437.306, 300.675694, 59.239356
2907.929, 300.434629, 59.020456
7219.747, 300.452427, 59.037642
15539.553, 300.435414, 59.023809
23901.250, 300.308961, 58.909277
35773.324, 300.404248, 58.997973
15393.752, 300.347269, 58.945287
34018.537, 300.507987, 59.097895
36082.771, 300.677223, 59.249579
10777.577, 300.552641, 59.135618
6348.332, 300.353791, 58.952730
6313.113, 300.472484, 59.063545
16530.688, 300.419545, 59.016973
77795.050, 300.612078, 59.196122
2935.287, 300.647421, 59.223713
24708.017, 300.339361, 58.945085
28131.741, 300.576102, 59.162173
6384.046, 300.329911, 58.937242
29188.775, 300.592787, 59.180799
3418.840, 300.391891, 58.996130
20254.243, 300.673668, 59.255430
34204.574, 300.298286, 58.913320
13112.339, 300.436431, 59.040818
16908.163, 300.655745, 59.241346
3466.272, 300.460674, 59.063053
11857.220, 300.573891, 59.168057
8704.374, 300.442073, 59.048254
78805.759, 300.480877, 59.090225
8791.149, 300.527410, 59.126181
4346.424, 300.580353, 59.174073
84845.900, 300.335855, 58.960650
31897.091, 300.493546, 59.098906
147720.097, 300.356540, 58.981383
13560.350, 300.402449, 59.017952
34595.333, 300.417421, 59.032219
41330.671, 300.445114, 59.058389
2411.985, 300.571309, 59.170990
32475.843, 300.609344, 59.207779
68345.566, 300.648117, 59.245012
38460.477, 300.316800, 58.940646
2440.462, 300.308439, 58.931253
16686.397, 300.380490, 58.999210
12162.246, 300.350990, 58.972967
2461.965, 300.288277, 58.916022
2880.003, 300.420775, 59.039067
11589.315, 300.429038, 59.048339
201680.233, 300.478922, 59.100445
3367.801, 300.596707, 59.203219
59240.575, 300.321374, 58.956405
35236.207, 300.649046, 59.254259
10668.299, 300.394754, 59.023098
33885.138, 300.605936, 59.217046
11241.410, 300.279149, 58.917671
8200.195, 300.372496, 59.002956
3953.698, 300.325602, 58.960083
3387.908, 300.426497, 59.054658
5391.187, 300.346031, 58.981403
18643.444, 300.574017, 59.191877
7728.684, 300.286066, 58.928340
3885.200, 300.386617, 59.020151
172928.140, 300.325007, 58.971957
6279.107, 300.335033, 58.974741
19420.530, 300.338393, 58.979092
29492.520, 300.566512, 59.189674
3375.640, 300.611324, 59.228809
23595.394, 300.623866, 59.242661
2902.921, 300.417488, 59.053200
13481.939, 300.425316, 59.060728
27394.215, 300.590592, 59.213272
69647.468, 300.591929, 59.222099
2985.929, 300.354763, 58.997637
16990.321, 300.309611, 58.958308
39249.787, 300.340056, 58.991117
32910.272, 300.614787, 59.240016
48427.733, 300.392746, 59.039244
2441.821, 300.482673, 59.118668
69811.920, 300.602348, 59.231623
4944.816, 300.380250, 59.026365
38453.281, 300.405326, 59.053059
205873.045, 300.479289, 59.131170
106701.328, 300.289877, 58.953023
16969.287, 300.452324, 59.098533
14022.080, 300.284032, 58.944171
6327.710, 300.299112, 58.957235
5924.777, 300.627568, 59.257728
14032.707, 300.525239, 59.165565
4780.785, 300.372453, 59.026273
3463.362, 300.583669, 59.219806
10636.645, 300.274886, 58.937775
2913.348, 300.405350, 59.056927
38487.564, 300.580022, 59.223695
15773.594, 300.570076, 59.213574
20851.010, 300.550600, 59.196564
9835.478, 300.302106, 58.969245
8731.819, 300.349296, 59.012523
45466.230, 300.373485, 59.037730
3451.924, 300.627983, 59.267120
3922.501, 300.363363, 59.026841
6363.910, 300.386195, 59.047935
2895.998, 300.261744, 58.935288
3878.054, 300.295553, 58.966528
34933.139, 300.308445, 58.982663
58016.030, 300.583676, 59.234741
101737.569, 300.361016, 59.032689
13160.934, 300.270300, 58.947662
5303.996, 300.535416, 59.188947
9179.857, 300.372684, 59.042424
25334.590, 300.490312, 59.151527
31434.399, 300.506417, 59.166911
31377.632, 300.427063, 59.095901
13433.594, 300.561716, 59.217277
10773.043, 300.453272, 59.119161
