# Source Fluxes and Coordinates
# Flux (e-/s), RA (deg), Dec (deg)
41914.759, 301.090724, 58.839317
12834.625, 301.141678, 58.883963
3269.079, 301.164777, 58.904004
27537.749, 301.054636, 58.807833
8896.134, 301.114177, 58.859898
11501.751, 301.032851, 58.788190
4457.259, 301.041007, 58.794491
5299.597, 300.949452, 58.713443
7830.340, 301.117529, 58.865826
7795.699, 301.131650, 58.878102
4936.224, 301.145569, 58.890288
2021.263, 301.127846, 58.876392
4659.975, 301.302417, 59.032119
42019.042, 301.179227, 58.927204
49560.472, 301.056065, 58.817492
9111.892, 301.294038, 59.030128
18381.234, 300.995789, 58.764527
31688.870, 301.086815, 58.849258
2024.153, 301.063537, 58.824635
41011.477, 300.974172, 58.749028
3311.972, 301.271793, 59.014231
24202.693, 301.099700, 58.863879
66238.626, 301.294097, 59.039329
36234.437, 300.958641, 58.737905
8919.232, 301.015387, 58.788849
4454.986, 300.950854, 58.731691
5742.405, 301.070842, 58.839962
19940.491, 301.008468, 58.786041
8994.311, 300.923554, 58.710820
6077.602, 300.974242, 58.757162
8019.908, 301.062414, 58.836595
39387.791, 301.181638, 58.947804
4401.681, 300.915207, 58.705750
4469.336, 300.940052, 58.730806
7326.499, 300.977323, 58.763983
32238.551, 301.011224, 58.798153
6977.671, 301.206534, 58.970563
11926.775, 301.283234, 59.038698
20173.000, 301.112169, 58.888619
19477.443, 300.912893, 58.710780
26135.892, 300.981383, 58.773110
6545.221, 301.063398, 58.845559
32602.455, 301.134814, 58.911411
46898.266, 300.918704, 58.718200
98598.882, 301.202506, 58.976446
2841.877, 301.031014, 58.818475
56611.256, 300.928985, 58.730846
2486.264, 300.958527, 58.756703
3240.673, 300.964516, 58.762217
53398.280, 301.167268, 58.949661
39467.522, 301.253157, 59.025417
7760.800, 301.004184, 58.801203
19089.079, 301.056660, 58.849928
33958.181, 301.209595, 58.987050
4020.844, 300.989038, 58.788773
27314.470, 301.135919, 58.921697
4144.933, 300.974131, 58.777286
24347.387, 300.944997, 58.753498
11935.343, 300.982297, 58.786408
62090.228, 301.170701, 58.958928
2456.329, 300.927349, 58.736434
18490.590, 300.938199, 58.749503
4461.177, 301.018162, 58.820163
77104.859, 301.266575, 59.046076
23419.936, 301.065260, 58.865052
2870.835, 300.991985, 58.797340
141396.854, 300.902436, 58.724318
40522.524, 301.010964, 58.820013
4533.582, 301.117701, 58.911523
53092.638, 301.153200, 58.947832
5661.965, 300.996876, 58.804079
3714.231, 300.891701, 58.709959
4863.929, 301.193687, 58.982415
13077.261, 300.940869, 58.759477
29656.664, 301.088795, 58.894661
20175.479, 301.108550, 58.910852
11290.319, 300.909983, 58.731908
3658.363, 300.888752, 58.713117
5421.397, 301.246684, 59.036431
5891.589, 301.280923, 59.066861
10222.503, 300.903352, 58.729749
4472.649, 301.256544, 59.045659
10565.270, 300.945118, 58.769730
13747.793, 300.975941, 58.798152
7009.128, 301.264302, 59.058177
8591.319, 300.946006, 58.774344
120025.653, 300.868483, 58.711927
31893.744, 301.099057, 58.914743
8552.949, 301.012306, 58.834884
67101.658, 301.109392, 58.926613
7368.139, 301.229277, 59.029648
38637.486, 300.887535, 58.726149
10659.241, 300.985682, 58.812052
3638.245, 301.005765, 58.829334
7425.645, 300.987370, 58.815816
36655.804, 301.045771, 58.872668
4066.669, 300.966402, 58.798905
107226.063, 301.068497, 58.896659
46976.778, 300.877272, 58.724347
14661.533, 300.940339, 58.779841
2001.758, 300.973932, 58.808298
44790.550, 300.905090, 58.752376
87035.295, 300.894492, 58.745927
6929.238, 300.927717, 58.770340
4450.774, 300.951356, 58.791375
10984.587, 300.975214, 58.814225
56588.612, 300.942751, 58.788135
50522.186, 301.105076, 58.934333
4499.693, 300.956121, 58.797369
23749.927, 301.112515, 58.941142
4490.900, 300.888771, 58.739240
70647.218, 301.167782, 58.994665
4065.571, 301.229642, 59.045687
44153.916, 300.992154, 58.840387
8888.169, 300.972123, 58.818278
35900.156, 300.863126, 58.726390
9737.385, 301.046631, 58.887099
39480.229, 300.880671, 58.741565
2050.781, 300.967549, 58.816421
70248.100, 301.016449, 58.864929
85367.456, 300.888067, 58.754239
29746.693, 301.075788, 58.917468
17434.395, 301.107885, 58.947497
2886.768, 301.131869, 58.969206
3255.413, 300.905436, 58.766339
2072.264, 300.965464, 58.820395
3658.877, 300.850583, 58.717147
154781.837, 301.138222, 58.982422
13941.685, 301.035463, 58.886313
11887.224, 301.121125, 58.963593
3761.788, 301.031215, 58.883137
6853.160, 300.932313, 58.795653
24706.399, 301.240179, 59.072924
13278.207, 300.837278, 58.712712
378952.059, 300.859122, 58.741314
48503.183, 300.970025, 58.835057
5207.425, 300.891725, 58.761017
139290.509, 301.026331, 58.890722
2826.396, 300.925508, 58.794212
14310.394, 301.066911, 58.922978
18200.741, 301.188510, 59.032239
3634.866, 300.844362, 58.723039
15294.637, 300.944259, 58.816657
37204.562, 300.955272, 58.828249
2007.844, 300.973802, 58.841108
10187.032, 300.881021, 58.760069
14658.179, 300.897728, 58.775647
61513.031, 300.999819, 58.871658
21278.304, 300.950047, 58.823545
4421.177, 301.038269, 58.901702
6898.017, 300.888521, 58.767535
11374.149, 300.870016, 58.753174
4452.227, 300.979333, 58.850983
7309.832, 301.063015, 58.926444
24750.221, 301.141287, 58.998333
1256686.244, 300.813267, 58.724841
4907.026, 301.068269, 58.931848
5809.081, 301.222516, 59.069509
2430.369, 301.012534, 58.882208
14261.370, 301.097307, 58.960223
5840.866, 301.069622, 58.935746
20558.033, 300.959502, 58.839940
8959.883, 300.945239, 58.827895
6999.687, 301.025760, 58.900518
6880.021, 300.897831, 58.786132
2878.121, 301.200345, 59.056389
15479.042, 300.952298, 58.837355
4480.771, 300.838031, 58.735259
6151.676, 301.212309, 59.072522
2415.473, 300.972070, 58.858260
59001.732, 301.202547, 59.068771
114286.019, 300.862915, 58.766477
16460.439, 300.929935, 58.823200
11242.464, 300.937354, 58.831577
28524.698, 301.064932, 58.947915
18252.454, 301.106844, 58.984654
139181.293, 301.022830, 58.914289
6580.652, 301.172175, 59.042805
4045.378, 301.047613, 58.934600
33405.880, 301.112181, 58.995288
5300.765, 300.968804, 58.865028
34832.879, 301.010596, 58.905481
127515.587, 301.132535, 59.021537
3211.874, 300.890507, 58.798230
41368.151, 301.046895, 58.943183
3667.548, 300.827517, 58.742497
2060.038, 300.931920, 58.838758
63291.332, 300.983589, 58.889329
54156.112, 301.120017, 59.012986
28391.239, 300.817908, 58.739748
34485.859, 300.836928, 58.756836
5677.058, 300.915016, 58.825916
61252.765, 300.917320, 58.830837
16205.837, 300.961302, 58.867750
34043.131, 300.987105, 58.895292
5732.804, 300.869035, 58.788088
4004.300, 300.941881, 58.854020
8947.984, 300.961573, 58.872775
3754.860, 300.932289, 58.847132
2855.085, 300.860610, 58.782783
4810.212, 300.847361, 58.772236
8516.586, 301.016593, 58.926549
101206.524, 300.935034, 58.859106
2092.428, 300.863498, 58.788345
9323.163, 300.887438, 58.812982
49876.568, 300.903971, 58.833312
27749.548, 301.141970, 59.043661
601140.278, 300.819696, 58.765266
9747.226, 300.793108, 58.729922
5739.630, 300.810865, 58.744615
33684.761, 301.101190, 59.008753
13834.673, 300.975224, 58.896136
32697.686, 301.193080, 59.091795
6074.217, 300.812936, 58.747880
4079.838, 301.026278, 58.940452
19830.902, 301.074613, 58.986434
7233.434, 300.850365, 58.784147
14817.205, 301.174821, 59.076403
6350.604, 300.939607, 58.866971
14312.328, 301.062799, 58.977857
81485.751, 300.837803, 58.779631
10615.769, 301.067041, 58.981915
2430.344, 300.895616, 58.829480
24618.531, 300.798649, 58.746186
6227.876, 300.910372, 58.845051
2034.452, 300.786040, 58.732012
2033.580, 301.081229, 58.998360
40594.360, 301.139489, 59.054685
7736.756, 300.790824, 58.739220
4071.404, 300.927232, 58.863139
2820.130, 301.147231, 59.060286
3272.113, 300.856481, 58.802789
6042.865, 300.881226, 58.825482
27440.426, 301.014607, 58.948104
36086.312, 300.968333, 58.907827
3295.057, 301.166521, 59.082345
30259.263, 300.884077, 58.832843
36074.846, 300.923324, 58.867824
25411.258, 301.041465, 58.975492
8115.883, 300.803111, 58.758181
53293.440, 301.059321, 58.992963
5290.938, 300.830873, 58.784180
3217.357, 300.986783, 58.924581
6479.575, 300.873503, 58.823752
2806.640, 300.817337, 58.772338
3688.529, 300.907046, 58.854748
12534.088, 300.805259, 58.765364
51067.891, 300.818981, 58.782425
18978.102, 300.838033, 58.795905
41850.356, 301.160408, 59.087442
35006.193, 300.769672, 58.737783
2463.816, 300.841092, 58.798526
5284.145, 300.845381, 58.803085
2400.732, 300.847824, 58.805307
8519.391, 300.900894, 58.854786
8990.499, 301.031718, 58.976621
2867.575, 300.937905, 58.892075
31891.566, 300.980777, 58.933661
57305.904, 300.805448, 58.776722
13044.263, 300.874994, 58.837639
10546.949, 300.760553, 58.734757
48492.606, 301.047242, 58.995443
33667.279, 301.144951, 59.081746
25940.371, 300.777812, 58.752024
8453.599, 300.902304, 58.863423
74629.781, 301.022807, 58.975989
38098.152, 301.130313, 59.070260
2851.441, 300.819727, 58.788172
5309.808, 300.852579, 58.819696
19510.504, 300.940568, 58.900356
28137.002, 301.090016, 59.035015
59702.659, 300.762599, 58.742432
3657.988, 300.797763, 58.770729
7038.401, 300.837081, 58.807503
38744.802, 300.823518, 58.798269
2142.890, 300.998206, 58.952653
41313.631, 300.809525, 58.792444
10159.842, 301.002802, 58.959420
39994.502, 301.077317, 59.029163
8932.266, 300.892128, 58.861529
8453.025, 300.947576, 58.913010
16415.817, 301.110253, 59.058947
2822.543, 300.816725, 58.793841
64382.096, 300.847171, 58.827351
35295.878, 300.974833, 58.940172
3670.179, 300.906747, 58.875790
21541.459, 300.961870, 58.929950
4525.724, 301.027870, 58.987235
10530.851, 300.814336, 58.797676
9720.378, 300.929954, 58.902510
21630.707, 300.989547, 58.958930
82299.823, 301.020316, 58.991786
7713.782, 300.757350, 58.751009
23325.675, 300.926721, 58.907028
76203.207, 300.961359, 58.941476
22673.004, 301.002661, 58.975434
2858.273, 300.860733, 58.846955
6517.931, 301.039057, 59.007709
5303.480, 300.891511, 58.876396
79471.218, 300.774225, 58.776721
5717.456, 300.784893, 58.781004
7794.804, 300.813359, 58.808127
2839.968, 300.840153, 58.831908
118758.490, 300.853452, 58.852971
13840.136, 300.978838, 58.958207
38130.469, 301.093397, 59.064301
46415.025, 300.741343, 58.749322
4156.379, 300.813628, 58.811596
6932.893, 300.817863, 58.817291
2434.088, 300.866587, 58.860879
37997.209, 300.751066, 58.759230
3285.033, 300.833142, 58.832118
5734.560, 300.901244, 58.894664
44195.498, 301.112438, 59.087038
21722.455, 300.888250, 58.886062
205133.627, 301.016655, 59.006732
5296.105, 300.844248, 58.844766
2830.922, 300.814097, 58.819150
2780.710, 300.844634, 58.847606
8075.014, 300.777223, 58.787645
27560.523, 300.785509, 58.796198
24236.233, 300.910527, 58.910772
71354.254, 300.736079, 58.760969
5309.636, 300.787834, 58.802854
8172.855, 300.853793, 58.862792
12116.661, 300.893816, 58.899436
9928.128, 300.978065, 58.974917
45912.787, 301.022493, 59.016923
2465.012, 300.732905, 58.752659
50215.578, 300.804477, 58.822376
4431.702, 300.888523, 58.894514
18344.827, 300.946338, 58.948000
19638.230, 301.031027, 59.025610
35701.171, 301.068505, 59.060474
39831.557, 300.766615, 58.789773
8111.034, 300.844894, 58.858854
27198.740, 300.961170, 58.965537
3697.278, 300.793088, 58.811827
7745.061, 300.919049, 58.926752
8593.350, 300.719398, 58.746719
8617.666, 300.755127, 58.779088
12535.653, 300.774144, 58.795776
75528.171, 300.742909, 58.775816
3244.410, 300.922066, 58.932979
42698.361, 301.092614, 59.089294
316799.351, 300.899860, 58.922384
9631.889, 301.019192, 59.022155
3274.233, 300.754124, 58.782125
11410.711, 300.876211, 58.894632
34956.845, 300.810169, 58.837679
76265.576, 300.774549, 58.809964
359498.012, 300.710641, 58.758146
15474.982, 300.731844, 58.769347
5262.648, 300.747815, 58.782899
7790.685, 301.078536, 59.081495
3299.060, 301.024774, 59.033410
33232.630, 300.828220, 58.859660
2440.671, 300.820906, 58.851776
5232.180, 300.883353, 58.908080
36566.111, 300.958935, 58.979466
6110.598, 300.923473, 58.946851
15233.382, 300.821733, 58.856895
34668.378, 300.825215, 58.865331
15803.563, 300.860579, 58.895735
15705.862, 300.868662, 58.901803
55184.016, 300.832485, 58.873870
3263.164, 300.882972, 58.915296
8986.698, 301.104434, 59.116352
37352.821, 300.743726, 58.793299
17566.374, 301.032566, 59.053082
52879.609, 300.953843, 58.985781
13430.126, 300.797246, 58.843691
17894.991, 300.843288, 58.885508
3251.954, 300.866093, 58.904115
36752.346, 301.042001, 59.065731
29557.013, 300.835728, 58.880421
3676.381, 300.892710, 58.928892
6071.505, 300.986968, 59.015506
6467.399, 300.729686, 58.783980
3292.623, 300.748062, 58.802678
5317.440, 300.815394, 58.864489
24125.847, 300.865530, 58.913412
63390.436, 301.018085, 59.053392
6603.824, 301.083500, 59.108590
3631.506, 300.731691, 58.791610
14995.245, 300.869983, 58.919905
44580.767, 301.053709, 59.086094
32242.539, 300.887197, 58.938630
10077.636, 300.688418, 58.757511
2486.633, 300.700693, 58.766295
4433.743, 300.720386, 58.784132
10523.217, 300.730734, 58.795402
2834.927, 300.913008, 58.959150
10223.443, 301.042963, 59.076436
2452.882, 300.957685, 59.000644
11280.651, 300.760442, 58.824325
1997.745, 300.713103, 58.780512
9275.720, 300.823776, 58.882422
31984.205, 300.718067, 58.789830
2021.664, 300.832912, 58.890412
7320.362, 300.871353, 58.926462
10521.268, 300.695776, 58.768377
20817.938, 300.762088, 58.829885
4817.654, 300.807161, 58.868677
18650.228, 300.812271, 58.874962
6899.595, 300.827522, 58.887452
4838.078, 301.059099, 59.095911
4902.515, 300.713363, 58.786276
6106.896, 300.765078, 58.833121
63277.208, 300.830014, 58.895815
2802.708, 300.776945, 58.843707
57487.489, 300.926385, 58.984985
3617.023, 300.724632, 58.798627
6489.843, 300.841404, 58.904844
9765.903, 300.733603, 58.808848
4474.278, 300.740308, 58.814298
2799.204, 300.767940, 58.839116
8081.056, 300.804359, 58.872939
17016.044, 300.856347, 58.921183
29787.994, 300.948143, 59.005108
21479.273, 301.048005, 59.093720
8008.456, 300.718008, 58.795668
81853.617, 300.845258, 58.917927
2461.421, 300.981425, 59.035339
7307.026, 300.697741, 58.780543
3256.544, 300.712883, 58.793318
2044.295, 300.708886, 58.790441
3248.790, 300.861990, 58.929737
4899.067, 300.682932, 58.767973
17536.515, 300.985019, 59.043459
3229.146, 300.749471, 58.829402
14188.341, 300.885619, 58.956133
15502.286, 300.971276, 59.033670
2805.526, 300.807867, 58.885440
6923.093, 300.776783, 58.859057
3225.850, 300.820745, 58.898937
2828.888, 300.908742, 58.978750
51714.137, 300.914126, 58.987258
8034.716, 301.072182, 59.127601
25945.758, 300.666832, 58.763642
3637.649, 300.673247, 58.766593
4481.136, 300.717854, 58.807221
7903.659, 301.019326, 59.080393
16985.190, 300.674855, 58.770750
3701.855, 300.829689, 58.911125
34158.038, 300.958500, 59.030177
14866.205, 300.685588, 58.782762
3310.072, 300.690733, 58.786576
3271.820, 300.711852, 58.806173
26537.416, 300.767002, 58.858892
4538.115, 300.876042, 58.956037
38582.613, 300.986440, 59.058193
16667.510, 300.775114, 58.866554
6992.452, 301.023808, 59.090219
103828.397, 300.721234, 58.823531
2870.475, 300.885110, 58.966422
21807.743, 301.036216, 59.104249
15129.468, 301.026661, 59.097304
41242.333, 300.797495, 58.893302
50036.100, 300.867509, 58.958120
12224.715, 300.752616, 58.851181
7656.261, 301.043059, 59.112261
3675.188, 300.696134, 58.799104
311888.947, 300.955641, 59.045020
6112.595, 300.990014, 59.064817
5669.123, 300.701635, 58.806486
2875.435, 300.792876, 58.888636
89982.783, 300.993614, 59.075376
3221.632, 300.763739, 58.864945
2824.680, 300.852806, 58.944815
15204.560, 300.938942, 59.024311
5605.999, 300.774791, 58.876482
3715.119, 300.681433, 58.793240
2814.049, 300.750618, 58.854469
4478.843, 300.659133, 58.772662
2042.184, 300.742140, 58.847503
7680.111, 300.763105, 58.868139
67165.635, 300.872491, 58.970064
33873.055, 300.725937, 58.837129
2863.086, 300.893440, 58.985646
43538.967, 300.708305, 58.821693
37969.843, 300.822778, 58.925937
2441.148, 300.651385, 58.767992
12968.545, 300.753722, 58.863208
35172.119, 300.767552, 58.877247
11064.232, 300.939564, 59.031231
20173.970, 300.746735, 58.859372
6882.394, 300.728384, 58.840880
45715.687, 300.896858, 58.997038
8877.262, 300.773426, 58.883122
14363.173, 300.884965, 58.984201
31112.576, 300.891694, 58.992579
4077.626, 300.675942, 58.794826
20557.850, 300.687977, 58.808819
226573.727, 300.649536, 58.787713
5318.195, 300.668784, 58.788848
9394.921, 300.698802, 58.816857
64424.515, 300.774585, 58.890110
2805.962, 300.803920, 58.911491
2529.946, 300.828493, 58.933691
10613.185, 300.862248, 58.965004
5418.337, 301.030560, 59.115642
7682.827, 300.646030, 58.769635
163182.836, 300.750092, 58.872204
4559.300, 300.875223, 58.977606
25023.901, 300.884394, 58.988810
5664.485, 300.711795, 58.833266
52180.225, 300.675015, 58.804202
30232.078, 300.662812, 58.794099
19673.404, 300.907861, 59.015202
4971.334, 300.899192, 59.007173
7642.128, 300.642425, 58.775527
12535.573, 300.646575, 58.781341
3613.162, 300.737514, 58.862149
21820.522, 300.973097, 59.076929
4076.528, 300.638074, 58.772752
22496.952, 300.829242, 58.948002
2796.286, 300.774018, 58.898066
20609.554, 300.864054, 58.981555
4475.404, 300.690210, 58.822340
16647.953, 300.804165, 58.927326
7381.492, 300.732676, 58.864974
41576.925, 300.701664, 58.840070
2860.694, 300.726187, 58.859402
122245.629, 300.751175, 58.890667
42426.765, 300.880191, 59.002266
55175.081, 300.622280, 58.776804
2030.377, 300.720487, 58.854898
33444.144, 300.964304, 59.077925
41283.126, 300.662821, 58.807521
5603.286, 300.687737, 58.827438
4079.837, 300.733426, 58.868506
3610.413, 300.826512, 58.953003
12558.285, 300.635901, 58.781521
9275.175, 300.688577, 58.830381
54809.085, 300.937327, 59.058250
26050.717, 301.018960, 59.130320
15282.563, 300.806366, 58.939611
3225.405, 300.814676, 58.946952
3265.597, 300.713257, 58.855404
3274.908, 300.765240, 58.902351
16178.087, 300.737383, 58.879739
160695.951, 300.813224, 58.954389
82764.960, 300.827757, 58.964981
15547.839, 300.991542, 59.109046
2477.185, 301.027674, 59.139447
6494.436, 300.718494, 58.862657
3250.509, 300.838037, 58.970772
8732.429, 300.892145, 59.020503
36392.007, 300.884850, 59.016944
96947.151, 300.673974, 58.831039
202385.410, 300.732247, 58.891843
36077.962, 300.924906, 59.054867
8068.111, 300.729577, 58.876789
3285.959, 300.657703, 58.811277
9710.853, 300.687896, 58.841304
15234.843, 301.008524, 59.130868
2830.947, 300.718876, 58.868718
52092.891, 300.686622, 58.850356
71756.412, 300.837467, 58.982818
5998.429, 300.725614, 58.878742
50658.113, 300.923099, 59.060987
5633.437, 300.696666, 58.853017
3688.512, 300.739618, 58.891804
2024.734, 300.648858, 58.809427
5710.152, 300.761712, 58.913535
5762.838, 300.626949, 58.792734
136776.059, 300.637842, 58.812885
2482.550, 300.701531, 58.860522
2030.297, 300.725437, 58.882422
3254.966, 300.712026, 58.871543
11740.903, 300.626535, 58.797273
183960.857, 300.850223, 59.004882
5727.869, 300.607327, 58.780143
16349.382, 300.837523, 58.992664
1995.465, 300.719168, 58.884643
2421.008, 300.966504, 59.107595
4096.051, 300.714365, 58.881707
10978.557, 300.776302, 58.939379
4466.806, 300.654785, 58.829827
8385.398, 300.701926, 58.873709
9499.974, 300.788807, 58.953384
7403.878, 300.799500, 58.963729
52138.296, 300.606948, 58.793416
19409.473, 300.670219, 58.848049
19781.938, 300.690901, 58.867365
40546.651, 300.649550, 58.831543
2451.454, 300.805280, 58.970644
10864.270, 300.723303, 58.897521
4890.522, 300.601956, 58.787910
42915.604, 300.711929, 58.891222
4091.186, 300.764439, 58.935668
15463.656, 300.621015, 58.806987
3282.766, 300.938027, 59.092792
17405.567, 300.638677, 58.826891
25897.598, 300.653188, 58.842130
2042.182, 300.678997, 58.861364
30239.776, 300.780335, 58.956989
4089.392, 300.715789, 58.896877
10199.315, 300.917460, 59.081397
27992.354, 300.618828, 58.813449
13429.914, 300.823976, 58.999617
2564.938, 300.966716, 59.125501
7654.038, 300.709966, 58.897123
15469.491, 300.726235, 58.912560
4937.983, 300.883042, 59.052703
35516.308, 300.826105, 59.005372
18119.771, 300.942600, 59.109133
16602.890, 300.841949, 59.018630
24125.709, 300.714992, 58.905688
9777.223, 300.863219, 59.038030
11340.954, 300.601747, 58.801362
4092.171, 300.678399, 58.871864
40654.117, 300.681782, 58.878821
104264.002, 300.981961, 59.152308
3717.144, 300.584653, 58.786622
17997.464, 300.908571, 59.082804
9736.343, 300.718085, 58.911566
1997.194, 300.928851, 59.100509
11782.087, 300.591958, 58.797763
72650.601, 300.802135, 58.993601
5652.827, 300.668255, 58.867976
66920.755, 300.888328, 59.070480
3309.684, 300.713418, 58.909729
71430.982, 300.766031, 58.963932
33892.411, 300.794953, 58.987047
22998.997, 300.632172, 58.839273
6479.780, 300.702610, 58.901732
62063.694, 300.829593, 59.020570
34750.087, 300.642352, 58.850589
2430.794, 300.688225, 58.888804
43807.877, 300.731605, 58.934397
2861.404, 300.621804, 58.833038
4922.971, 300.689376, 58.895120
38761.409, 300.716624, 58.923640
22437.392, 300.572876, 58.794073
2449.855, 300.624696, 58.838870
11074.958, 300.772381, 58.974422
32831.737, 300.666304, 58.881730
8602.192, 300.639725, 58.855235
15903.770, 300.647994, 58.864198
2852.305, 300.587354, 58.807661
31488.230, 300.652151, 58.871096
24036.131, 300.601706, 58.824785
2896.603, 300.670178, 58.885255
2059.852, 300.582526, 58.805583
2481.279, 300.745683, 58.954887
31335.988, 300.654912, 58.876255
4854.525, 300.768165, 58.977509
23039.404, 300.790674, 58.999010
11395.054, 300.845962, 59.047656
9731.643, 300.693558, 58.911032
10143.143, 300.814762, 59.020048
52966.328, 300.880612, 59.084312
67194.335, 300.677878, 58.901427
22467.894, 300.964116, 59.159304
38264.304, 300.738638, 58.958422
33663.274, 300.817569, 59.029506
3303.956, 300.668749, 58.892129
9380.477, 300.715428, 58.936342
39581.749, 300.824458, 59.036904
14510.150, 300.574880, 58.810935
4483.634, 300.599982, 58.832821
4840.317, 300.697485, 58.922643
15512.614, 300.775651, 58.994915
15952.507, 300.830763, 59.044918
6981.225, 300.921508, 59.125894
47560.977, 300.895656, 59.106909
145430.143, 300.653104, 58.891780
5248.854, 300.582478, 58.821453
12100.620, 300.634710, 58.872480
43437.460, 300.683148, 58.918385
3684.096, 300.644677, 58.879935
2863.374, 300.606863, 58.846625
4843.578, 300.706671, 58.938847
54395.080, 300.737472, 58.971035
14695.476, 300.661582, 58.901057
6471.973, 300.551812, 58.801375
29983.422, 300.572491, 58.821690
145963.172, 300.905024, 59.126612
28013.971, 300.948837, 59.163506
13832.535, 300.598455, 58.846357
5692.758, 300.583684, 58.832226
6496.395, 300.688567, 58.927803
14058.277, 300.850836, 59.076628
6116.229, 300.560697, 58.812446
41547.274, 300.616004, 58.866592
382750.856, 300.627541, 58.886240
14666.994, 300.794005, 59.026102
1985.749, 300.889198, 59.110124
15443.562, 300.622782, 58.871163
4608.452, 300.934360, 59.153023
7202.787, 300.575360, 58.829100
69893.079, 300.598763, 58.857500
3244.532, 300.693870, 58.938461
6995.714, 300.704204, 58.948610
27926.849, 300.717705, 58.962887
12562.770, 300.543051, 58.803366
2406.748, 300.684977, 58.931329
9034.259, 300.885413, 59.113304
6454.979, 300.689619, 58.936815
37604.660, 300.802004, 59.044438
8178.653, 300.582382, 58.842715
6474.547, 300.664102, 58.917380
2023.805, 300.813522, 59.052950
61353.402, 300.695073, 58.950641
97569.169, 300.665772, 58.926784
7726.370, 300.603683, 58.866872
74909.826, 300.848835, 59.092430
29591.081, 300.529310, 58.803651
10649.923, 300.545430, 58.815297
2445.771, 300.708325, 58.964322
4888.584, 300.649656, 58.914558
10989.317, 300.587229, 58.859537
37507.960, 300.813086, 59.071173
2878.412, 300.557567, 58.832744
13521.840, 300.800814, 59.054754
7840.459, 300.890399, 59.135265
16584.370, 300.635529, 58.909436
2077.879, 300.678594, 58.946236
12991.254, 300.698929, 58.970068
14825.683, 300.841628, 59.098144
2470.597, 300.553371, 58.835805
18777.734, 300.565783, 58.849035
5662.385, 300.588422, 58.868872
67253.890, 300.620131, 58.899973
23599.217, 300.783304, 59.047369
8183.773, 300.704554, 58.976301
21180.181, 300.544733, 58.836360
4451.156, 300.570988, 58.854638
71321.224, 300.892994, 59.151568
3286.903, 300.683916, 58.959838
2467.278, 300.611756, 58.895110
11722.478, 300.644819, 58.927420
40513.631, 300.664988, 58.949211
56023.948, 300.789661, 59.063235
14588.353, 300.661311, 58.943628
14238.720, 300.587723, 58.876361
17239.183, 300.871782, 59.134400
3658.764, 300.648994, 58.932662
21833.875, 300.740226, 59.018113
98882.066, 300.579566, 58.881054
4059.911, 300.810173, 59.085405
4065.134, 300.670116, 58.959094
13945.983, 300.674674, 58.964156
20392.523, 300.907928, 59.176125
21617.638, 300.591529, 58.890698
19464.210, 300.813052, 59.091112
20492.135, 300.827283, 59.103840
21038.397, 300.519121, 58.826840
5248.944, 300.635834, 58.931396
26371.748, 300.744206, 59.033552
2866.017, 300.644255, 58.940618
32980.979, 300.655643, 58.954520
37374.457, 300.777538, 59.064132
19461.557, 300.615511, 58.918081
2071.897, 300.620517, 58.919478
46555.267, 300.539094, 58.849801
2054.710, 300.692568, 58.986892
3250.797, 300.522525, 58.833383
2057.219, 300.510968, 58.822984
4943.779, 300.873463, 59.152363
3632.369, 300.617454, 58.922015
35015.419, 300.635454, 58.941894
19795.371, 300.898071, 59.177597
9266.202, 300.502842, 58.819860
3212.641, 300.603182, 58.910772
309209.941, 300.703076, 59.009895
20448.027, 300.742588, 59.038639
49527.779, 300.832237, 59.121456
23157.120, 300.678885, 58.983660
11140.681, 300.771468, 59.067843
9527.611, 300.883184, 59.168188
13849.608, 300.550711, 58.869424
4894.569, 300.641863, 58.951985
31230.565, 300.711197, 59.017546
9337.291, 300.559851, 58.879293
2426.137, 300.589373, 58.905075
8609.337, 300.890421, 59.177685
12646.620, 300.715849, 59.022093
12553.930, 300.845897, 59.139845
53652.516, 300.559047, 58.885377
57202.192, 300.660941, 58.978960
2072.980, 300.500261, 58.828212
7316.177, 300.520295, 58.848042
21147.181, 300.582590, 58.906770
44815.580, 300.613770, 58.936656
2108.760, 300.759840, 59.066449
4826.609, 300.766538, 59.073623
76893.918, 300.487545, 58.826036
37466.364, 300.799295, 59.105943
8867.324, 300.542170, 58.873425
39545.763, 300.740020, 59.054763
32536.813, 300.826950, 59.131660
9338.196, 300.548946, 58.878383
26745.317, 300.514466, 58.851470
2018.624, 300.706769, 59.022500
3243.152, 300.495895, 58.831256
4485.496, 300.507691, 58.841898
7384.267, 300.667926, 58.989064
4829.038, 300.838005, 59.142468
44871.081, 300.623411, 58.953232
57843.614, 300.720203, 59.039915
58126.110, 300.766635, 59.082110
18614.533, 300.499910, 58.838946
3670.738, 300.524007, 58.859201
2910.508, 300.528022, 58.862581
4895.770, 300.532226, 58.866161
36264.667, 300.813407, 59.125213
44398.362, 300.637759, 58.968332
6971.809, 300.730192, 59.048411
2882.324, 300.630325, 58.958657
21855.171, 300.557393, 58.895135
25074.040, 300.484415, 58.831874
12925.049, 300.492177, 58.835564
2469.276, 300.804700, 59.118791
2024.110, 300.649251, 58.978708
9887.297, 300.845802, 59.158326
57735.443, 300.864828, 59.178871
5317.698, 300.472875, 58.821522
6938.778, 300.568083, 58.912144
7294.509, 300.472444, 58.825279
2032.240, 300.586128, 58.929319
16155.352, 300.810756, 59.134688
2497.805, 300.539120, 58.888963
35846.705, 300.611019, 58.957113
5249.011, 300.531476, 58.883945
4109.571, 300.545220, 58.894964
39278.847, 300.639644, 58.984607
52028.888, 300.708469, 59.047017
11409.611, 300.538797, 58.894257
3680.714, 300.621782, 58.970375
42614.943, 300.734309, 59.074349
4831.641, 300.825184, 59.154268
19479.246, 300.462437, 58.827707
23661.602, 300.655501, 59.003534
36159.556, 300.466077, 58.832719
24133.728, 300.663108, 59.012833
6863.458, 300.643324, 58.993377
26989.272, 300.672847, 59.021798
21356.232, 300.471757, 58.841569
3991.450, 300.636284, 58.988413
6185.956, 300.483509, 58.849638
2479.511, 300.586224, 58.944671
13111.827, 300.710064, 59.058871
97923.102, 300.767837, 59.115273
2823.014, 300.637644, 58.993390
36147.057, 300.689080, 59.042451
38342.882, 300.528362, 58.897902
23086.460, 300.584453, 58.948661
8583.490, 300.715027, 59.064156
42163.286, 300.837147, 59.180218
18684.662, 300.664336, 59.020792
2876.370, 300.760512, 59.105949
2918.206, 300.454152, 58.828597
22341.818, 300.547303, 58.916835
2874.085, 300.460844, 58.835362
5785.419, 300.569618, 58.935436
14709.363, 300.654090, 59.012892
2879.216, 300.749180, 59.098258
4087.002, 300.499264, 58.871486
12123.251, 300.622587, 58.986693
2021.352, 300.704791, 59.060916
16413.025, 300.711736, 59.071109
11805.339, 300.838145, 59.184648
2454.451, 300.483674, 58.862673
63696.325, 300.734508, 59.095631
62191.037, 300.777693, 59.133938
31235.854, 300.818338, 59.171630
6954.933, 300.841488, 59.190061
16566.804, 300.454734, 58.841310
10165.283, 300.556312, 58.934551
6088.095, 300.589210, 58.964723
18163.259, 300.593265, 58.969724
36167.961, 300.750129, 59.112973
51263.614, 300.478426, 58.866953
34756.580, 300.494721, 58.881120
6546.086, 300.615720, 58.989110
43775.199, 300.606268, 58.985201
36298.926, 300.464058, 58.855331
11025.604, 300.518121, 58.902279
76071.800, 300.632063, 59.013136
3675.661, 300.543021, 58.926874
2858.507, 300.558028, 58.940480
10922.404, 300.622078, 59.000296
35682.481, 300.563367, 58.949204
19311.130, 300.816264, 59.178504
2034.237, 300.751896, 59.118793
29135.292, 300.489244, 58.885406
4060.057, 300.465539, 58.861610
33027.920, 300.497833, 58.893944
4580.496, 300.450328, 58.848260
7737.184, 300.460267, 58.859164
12187.983, 300.577261, 58.968222
9717.907, 300.429236, 58.833153
4015.362, 300.670057, 59.050839
30254.971, 300.712069, 59.091156
16630.651, 300.447660, 58.851414
2891.530, 300.540425, 58.933329
29850.058, 300.470331, 58.873962
24795.734, 300.564512, 58.958962
39049.486, 300.616780, 59.008316
2441.960, 300.659953, 59.044079
73588.654, 300.643188, 59.034929
34095.320, 300.811955, 59.185355
62149.875, 300.721528, 59.106488
3296.659, 300.596015, 58.988540
3661.289, 300.679314, 59.064846
5322.589, 300.454952, 58.860970
15444.223, 300.431294, 58.840764
4476.339, 300.769477, 59.148636
2830.081, 300.597165, 58.992226
9071.768, 300.746258, 59.128237
6484.776, 300.433826, 58.844731
67536.860, 300.520291, 58.928265
5365.865, 300.804063, 59.181542
333215.940, 300.580018, 58.990634
153135.917, 300.455436, 58.875430
3597.326, 300.485514, 58.894605
2843.672, 300.449334, 58.862902
2491.081, 300.595083, 58.995800
34475.850, 300.764012, 59.153081
2466.595, 300.438733, 58.855582
39872.097, 300.695162, 59.092358
36663.706, 300.642434, 59.045075
7671.319, 300.553831, 58.963588
12703.312, 300.783098, 59.171715
21459.245, 300.649320, 59.052393
32756.218, 300.799521, 59.188955
21737.382, 300.477169, 58.896911
3271.777, 300.771946, 59.162630
11373.764, 300.428179, 58.852024
6038.118, 300.448401, 58.870294
24519.187, 300.543712, 58.961069
15918.566, 300.518788, 58.936788
9737.045, 300.413636, 58.841128
2454.499, 300.422079, 58.847874
4495.056, 300.493476, 58.913341
3681.806, 300.495062, 58.915885
20853.261, 300.653196, 59.061367
3249.704, 300.698928, 59.100438
2577.024, 300.734324, 59.132645
4485.146, 300.618594, 59.030261
41353.825, 300.697967, 59.107650
22408.909, 300.725448, 59.129875
4873.922, 300.428338, 58.858006
12178.825, 300.430816, 58.862218
2442.919, 300.437081, 58.865909
6451.346, 300.509697, 58.934196
9293.125, 300.517603, 58.942302
79754.527, 300.679452, 59.097706
60358.018, 300.737011, 59.144213
3618.706, 300.554587, 58.975369
56294.940, 300.577374, 59.000863
11075.356, 300.801008, 59.199461
2830.120, 300.658074, 59.071160
9244.170, 300.777377, 59.180318
6920.743, 300.541190, 58.966829
8510.106, 300.520105, 58.948813
5683.261, 300.485004, 58.917244
3639.303, 300.494131, 58.928558
3604.870, 300.415906, 58.857417
22696.754, 300.744005, 59.158919
3687.122, 300.760481, 59.171323
14158.306, 300.444242, 58.886670
3633.097, 300.405470, 58.850816
78425.786, 300.596359, 59.031309
31500.761, 300.627749, 59.058039
10587.707, 300.710482, 59.133628
2083.556, 300.724344, 59.143192
81247.313, 300.563062, 59.002887
23240.257, 300.726848, 59.149005
2093.207, 300.550078, 58.987476
4101.998, 300.589962, 59.023798
44486.157, 300.740760, 59.164240
49771.849, 300.395439, 58.850001
29262.090, 300.434661, 58.885951
76783.687, 300.525458, 58.974989
12232.093, 300.616025, 59.050410
2481.240, 300.476665, 58.922583
36152.757, 300.521507, 58.968121
4040.692, 300.421627, 58.874302
2037.724, 300.400127, 58.855968
4479.648, 300.514628, 58.960927
4437.140, 300.504720, 58.954262
26106.285, 300.652206, 59.091122
8068.451, 300.578397, 59.023287
17944.695, 300.713122, 59.146494
36241.693, 300.478699, 58.935127
4882.199, 300.444362, 58.902133
10513.489, 300.380543, 58.847102
114487.896, 300.418503, 58.888627
3324.106, 300.446037, 58.905751
2461.769, 300.532042, 58.985353
9374.484, 300.776141, 59.207296
18505.945, 300.732415, 59.169285
13557.376, 300.491464, 58.950811
4439.100, 300.605723, 59.054719
31038.628, 300.673437, 59.119266
6879.071, 300.396334, 58.864640
30942.195, 300.452488, 58.918854
22669.992, 300.615477, 59.067012
9429.356, 300.650948, 59.098216
2877.523, 300.545515, 59.002220
16448.846, 300.596038, 59.050215
18776.125, 300.609325, 59.063786
55324.744, 300.709767, 59.155552
15025.348, 300.411837, 58.882858
39001.250, 300.517360, 58.980432
22744.425, 300.482998, 58.949413
7321.037, 300.474915, 58.941883
8801.010, 300.377923, 58.855050
3213.565, 300.510527, 58.974773
6127.094, 300.425319, 58.898694
2011.429, 300.486315, 58.953910
3255.145, 300.617974, 59.074732
34748.124, 300.398591, 58.877721
25962.515, 300.457864, 58.931560
7438.252, 300.528034, 58.994056
3243.815, 300.626946, 59.083291
16927.270, 300.371722, 58.853874
2802.513, 300.368781, 58.850098
24609.396, 300.683763, 59.139420
10666.504, 300.662748, 59.120158
4403.679, 300.716485, 59.169717
251227.989, 300.429144, 58.920525
2057.091, 300.631392, 59.092811
57580.007, 300.641473, 59.105880
2776.284, 300.416640, 58.898146
7721.569, 300.485693, 58.962317
2051.075, 300.530848, 59.002894
13804.714, 300.425282, 58.909424
3767.183, 300.455491, 58.935501
6030.463, 300.468626, 58.948116
29326.859, 300.697634, 59.158638
20006.136, 300.370715, 58.861128
63186.860, 300.440216, 58.927491
44349.733, 300.474809, 58.960449
10267.863, 300.618551, 59.087274
21089.246, 300.715992, 59.176757
3261.411, 300.400195, 58.888220
2023.761, 300.520948, 58.999100
7774.094, 300.501945, 58.983904
24695.804, 300.481287, 58.969313
37108.944, 300.487395, 58.974181
5301.404, 300.497148, 58.980927
12950.995, 300.361237, 58.857874
8972.768, 300.699861, 59.166122
8968.986, 300.408052, 58.903207
6492.178, 300.537340, 59.020333
30413.733, 300.398855, 58.897306
2896.722, 300.389854, 58.887687
4008.409, 300.587335, 59.068086
6882.937, 300.443682, 58.938515
2079.471, 300.499560, 58.988706
5274.236, 300.504888, 58.993930
90156.882, 300.514004, 59.012710
17809.438, 300.697599, 59.174391
5700.295, 300.648325, 59.127572
2431.911, 300.696966, 59.169882
50282.558, 300.349821, 58.859143
6934.597, 300.451991, 58.949190
3592.931, 300.464885, 58.960480
85265.288, 300.524329, 59.022328
20925.400, 300.491040, 58.986945
42797.958, 300.677592, 59.158056
2839.545, 300.570818, 59.059164
8590.901, 300.637489, 59.120475
17404.700, 300.458400, 58.958866
4474.040, 300.482259, 58.979181
13479.679, 300.732224, 59.208051
12365.038, 300.597288, 59.086211
2523.577, 300.748483, 59.221338
105676.476, 300.384241, 58.897383
86178.392, 300.398845, 58.911819
43466.837, 300.355312, 58.867641
97679.419, 300.627093, 59.119027
9771.047, 300.369039, 58.881394
4427.073, 300.640154, 59.127918
20968.370, 300.485226, 58.989542
36229.555, 300.505439, 59.008812
7707.009, 300.371553, 58.885436
7322.405, 300.724956, 59.206720
68185.345, 300.540862, 59.045172
8532.176, 300.604544, 59.100175
14922.541, 300.448997, 58.960270
9819.594, 300.599493, 59.096579
92438.969, 300.344590, 58.874086
2473.638, 300.534452, 59.037147
2910.647, 300.494485, 59.001427
11003.545, 300.554209, 59.057906
17897.912, 300.573076, 59.076706
8501.062, 300.367944, 58.888461
18740.890, 300.342520, 58.866107
2474.675, 300.535210, 59.041381
3690.688, 300.660556, 59.155140
29482.461, 300.694245, 59.188166
20535.434, 300.661451, 59.159762
3271.597, 300.397207, 58.917504
4811.431, 300.454345, 58.970320
20348.110, 300.374087, 58.899606
22419.842, 300.714090, 59.210621
8248.065, 300.358464, 58.885669
14228.463, 300.580305, 59.088973
4068.698, 300.599755, 59.105549
2811.892, 300.728201, 59.220687
32705.656, 300.413661, 58.939083
24663.720, 300.669721, 59.171550
2848.597, 300.381742, 58.908830
9394.136, 300.429666, 58.954379
4873.174, 300.433494, 58.957707
25014.930, 300.505601, 59.025899
9820.063, 300.402656, 58.931530
22333.195, 300.588238, 59.101936
16557.300, 300.328624, 58.864774
8176.192, 300.559574, 59.075248
42134.045, 300.580199, 59.096730
6484.745, 300.595503, 59.108956
23353.707, 300.413431, 58.944963
15804.573, 300.509683, 59.031265
22474.287, 300.625204, 59.136897
2428.939, 300.481834, 59.005346
3261.311, 300.328143, 58.867141
8955.362, 300.368614, 58.905672
2420.261, 300.425541, 58.957067
21077.790, 300.680596, 59.190843
67603.115, 300.357936, 58.899390
11365.089, 300.383451, 58.921049
10640.802, 300.457226, 58.987381
4471.456, 300.607543, 59.123688
6149.264, 300.342948, 58.882540
67935.596, 300.346196, 58.891397
4025.596, 300.547038, 59.068866
2429.963, 300.426995, 58.960217
9397.566, 300.471634, 59.002432
10553.391, 300.466327, 58.999414
11190.931, 300.635622, 59.153022
2434.211, 300.320154, 58.864449
574901.029, 300.310173, 58.875208
4427.684, 300.405725, 58.943793
2894.912, 300.421520, 58.957755
36876.550, 300.439677, 58.980352
6874.306, 300.618887, 59.140288
5673.077, 300.376140, 58.918967
2436.889, 300.447838, 58.984136
16818.714, 300.574229, 59.101597
2826.249, 300.647898, 59.166664
2021.907, 300.361926, 58.906025
4838.207, 300.385546, 58.928396
8068.144, 300.394174, 58.937405
17172.795, 300.500834, 59.036803
6038.675, 300.642904, 59.165385
6023.443, 300.429350, 58.970928
8543.514, 300.395139, 58.940796
5628.037, 300.406241, 58.951467
2022.676, 300.335661, 58.886402
4807.743, 300.369604, 58.918368
5703.173, 300.387640, 58.935986
9244.990, 300.376047, 58.925763
17593.286, 300.528333, 59.066694
14687.760, 300.562174, 59.097718
20838.665, 300.566418, 59.102743
20234.053, 300.442197, 58.989846
43573.403, 300.612015, 59.145606
13726.346, 300.414038, 58.965421
5751.530, 300.474586, 59.020976
15974.162, 300.600117, 59.136856
25246.191, 300.675199, 59.203911
6047.911, 300.341415, 58.900265
13027.454, 300.391490, 58.948284
41726.103, 300.430668, 58.984648
49531.205, 300.536798, 59.083961
12735.780, 300.664562, 59.195964
21055.652, 300.525235, 59.071604
2446.164, 300.696691, 59.225635
13338.794, 300.518514, 59.066478
18837.615, 300.582660, 59.125082
2769.181, 300.345264, 58.906936
4569.117, 300.498157, 59.047635
7313.704, 300.463631, 59.017063
36623.168, 300.612540, 59.156245
81470.777, 300.365924, 58.936709
3234.255, 300.414232, 58.972151
2087.762, 300.420187, 58.977880
20905.118, 300.510265, 59.062323
2835.842, 300.465052, 59.020474
47739.817, 300.558984, 59.109460
66225.401, 300.661141, 59.202667
11819.772, 300.554214, 59.103541
9273.057, 300.381262, 58.946863
25737.273, 300.327448, 58.899447
3720.449, 300.434889, 58.995522
2833.416, 300.313752, 58.885385
7301.962, 300.332685, 58.903370
9466.751, 300.386077, 58.952510
20680.865, 300.523205, 59.080432
120155.616, 300.534183, 59.094972
5727.043, 300.459910, 59.020936
2018.083, 300.581508, 59.130620
13729.101, 300.360017, 58.932410
2022.539, 300.446745, 59.009187
5224.166, 300.334275, 58.907569
22783.051, 300.453024, 59.019957
8211.749, 300.531578, 59.089004
3264.433, 300.316286, 58.891598
1987.610, 300.349082, 58.923087
13871.133, 300.396822, 58.968818
3257.756, 300.499360, 59.061026
3282.599, 300.629863, 59.180049
4890.375, 300.635401, 59.185687
89837.018, 300.324085, 58.909469
34114.042, 300.609961, 59.166042
11816.275, 300.321904, 58.902168
3302.542, 300.384306, 58.958478
25399.134, 300.475612, 59.044279
7290.936, 300.413067, 58.986613
6933.792, 300.438250, 59.009137
14953.971, 300.375066, 58.954315
75124.311, 300.434786, 59.013971
3275.505, 300.634045, 59.188567
3601.804, 300.465347, 59.035803
29318.599, 300.478154, 59.050196
3653.624, 300.509761, 59.076511
102975.033, 300.531686, 59.107493
24556.659, 300.671513, 59.226717
7775.127, 300.312663, 58.898599
1999.699, 300.625777, 59.183672
5171.206, 300.285609, 58.874300
3582.044, 300.352607, 58.936212
21751.398, 300.545167, 59.113889
2838.999, 300.329861, 58.914479
23972.504, 300.345827, 58.933308
24817.262, 300.423910, 59.003630
4861.039, 300.366373, 58.950307
4053.547, 300.404080, 58.984923
49471.077, 300.593994, 59.162428
7611.300, 300.301526, 58.892795
4924.806, 300.325621, 58.913922
50897.562, 300.310425, 58.908476
27607.910, 300.578874, 59.149770
2871.260, 300.620222, 59.183560
4978.670, 300.609722, 59.176356
5238.618, 300.283156, 58.878374
3693.866, 300.309006, 58.901891
35971.752, 300.633640, 59.201511
24792.330, 300.466609, 59.050085
7367.141, 300.477844, 59.058226
19557.402, 300.675930, 59.239159
12758.344, 300.665026, 59.230785
7288.256, 300.372272, 58.964719
28162.419, 300.433605, 59.023529
8094.442, 300.301061, 58.900203
28512.459, 300.404621, 58.997942
11522.045, 300.598487, 59.172512
2014.533, 300.499550, 59.082115
3284.241, 300.655611, 59.224348
4140.625, 300.428761, 59.018826
18718.202, 300.474104, 59.062658
4079.613, 300.550804, 59.130661
23565.585, 300.552610, 59.135269
18303.395, 300.279982, 58.885813
19049.378, 300.289845, 58.894359
4866.341, 300.634520, 59.209105
3677.693, 300.655575, 59.227278
4080.864, 300.322154, 58.925225
4449.398, 300.388043, 58.986263
21218.069, 300.340322, 58.945125
9390.215, 300.347080, 58.949779
12669.925, 300.646638, 59.223968
9261.862, 300.317052, 58.922461
24321.945, 300.507016, 59.098382
69072.764, 300.612044, 59.196513
2015.139, 300.308291, 58.914408
31658.296, 300.575690, 59.162279
8480.689, 300.661613, 59.237384
5651.644, 300.523953, 59.116150
5253.305, 300.448193, 59.047109
33425.845, 300.592612, 59.180812
5332.245, 300.554849, 59.144914
7239.836, 300.265021, 58.880397
29261.447, 300.298063, 58.913168
2481.747, 300.391636, 58.996352
24462.417, 300.434915, 59.040763
8459.402, 300.452853, 59.055245
27495.843, 300.574039, 59.167862
32394.676, 300.582820, 59.175970
1970.726, 300.663435, 59.246309
20733.507, 300.442753, 59.048481
17188.810, 300.527958, 59.126046
9501.054, 300.656175, 59.241448
2485.624, 300.318480, 58.933354
5701.933, 300.369677, 58.981006
22407.038, 300.339215, 58.955840
4069.824, 300.381167, 58.993270
15179.626, 300.535446, 59.135198
4102.070, 300.402163, 59.014220
35983.849, 300.418399, 59.032050
61342.637, 300.480264, 59.090408
28927.234, 300.493477, 59.099673
10040.902, 300.544460, 59.144266
3683.689, 300.257898, 58.882563
28442.305, 300.317456, 58.940897
10859.091, 300.345434, 58.966646
32761.322, 300.444957, 59.059056
2854.815, 300.277523, 58.903371
160017.039, 300.356502, 58.982538
4074.355, 300.393561, 59.010571
6121.428, 300.401788, 59.017790
55352.176, 300.647785, 59.245052
8455.703, 300.285016, 58.911620
20279.583, 300.426538, 59.043480
60516.814, 300.335089, 58.962478
2420.437, 300.355128, 58.976412
5018.763, 300.624522, 59.222420
8505.565, 300.327322, 58.952840
8943.923, 300.261653, 58.893340
4490.511, 300.432573, 59.050416
197845.929, 300.479001, 59.100417
134255.583, 300.265491, 58.905074
8102.486, 300.278735, 58.912252
12613.811, 300.487547, 59.105335
21911.130, 300.280224, 58.917468
52172.725, 300.321168, 58.956395
13735.572, 300.285804, 58.923914
21055.442, 300.400116, 59.029570
4461.338, 300.505554, 59.122384
8440.121, 300.374323, 59.003786
8163.565, 300.429507, 59.054725
32250.675, 300.605535, 59.217062
13725.072, 300.385125, 59.016000
36989.399, 300.245386, 58.892860
2369.337, 300.509013, 59.129137
62651.348, 300.569445, 59.190532
4901.584, 300.323513, 58.961797
5345.502, 300.344718, 58.981429
4930.149, 300.403420, 59.034667
5295.418, 300.459508, 59.086711
216550.695, 300.324445, 58.972705
7742.323, 300.547800, 59.168802
2446.724, 300.289950, 58.932562
18501.874, 300.338238, 58.979623
30275.806, 300.268124, 58.916338
3276.384, 300.440742, 59.072920
30670.476, 300.624439, 59.242852
3329.343, 300.417158, 59.052042
12023.701, 300.249993, 58.900347
4846.240, 300.292237, 58.939565
37712.675, 300.379478, 59.021884
9746.465, 300.474962, 59.108190
26004.537, 300.590609, 59.213222
4108.798, 300.386164, 59.025432
12539.289, 300.424259, 59.061320
9009.286, 300.600600, 59.222947
4889.496, 300.314338, 58.962141
2828.599, 300.390311, 59.030675
17989.209, 300.595270, 59.219003
45489.791, 300.392982, 59.039143
3257.020, 300.540171, 59.169502
5260.304, 300.242696, 58.897979
7696.886, 300.414147, 59.057361
15390.287, 300.498730, 59.134133
30107.752, 300.614837, 59.240450
16531.388, 300.250591, 58.909544
15545.374, 300.379368, 59.026863
8912.537, 300.431686, 59.074433
58466.893, 300.602308, 59.231936
13292.962, 300.262738, 58.919979
16591.160, 300.277961, 58.934516
41309.869, 300.338037, 58.991422
60216.032, 300.278103, 58.940248
4503.289, 300.444545, 59.087093
4488.892, 300.493989, 59.132235
52028.631, 300.591665, 59.223434
2386.380, 300.290031, 58.945562
2007.625, 300.302764, 58.956779
2427.665, 300.409807, 59.055300
2052.991, 300.308711, 58.963446
179275.359, 300.481073, 59.131325
103526.402, 300.289978, 58.952983
4518.831, 300.464323, 59.107213
2830.705, 300.263507, 58.923871
18193.596, 300.366779, 59.021661
6084.204, 300.424927, 59.073923
13218.000, 300.451502, 59.098639
7004.525, 300.627197, 59.257209
31988.939, 300.224527, 58.892577
7251.808, 300.327722, 58.986304
7884.133, 300.370534, 59.025516
7817.775, 300.526027, 59.166976
11772.544, 300.376957, 59.032240
8553.865, 300.433208, 59.085973
1991.053, 300.334094, 58.994792
8515.260, 300.466816, 59.117335
18623.507, 300.570426, 59.213283
3730.930, 300.262990, 58.931286
2434.614, 300.246712, 58.916495
9098.371, 300.550677, 59.196150
28489.677, 300.580179, 59.223877
17267.251, 300.301610, 58.969842
10297.011, 300.387032, 59.048386
10542.662, 300.447639, 59.103068
20835.548, 300.374017, 59.037637
4055.207, 300.361123, 59.024558
3240.065, 300.425973, 59.083817
4888.478, 300.295424, 58.965419
3617.940, 300.223831, 58.899343
3239.074, 300.332773, 59.000005
4512.939, 300.365711, 59.031689
