# Source Fluxes and Coordinates
# Flux (e-/s), RA (deg), Dec (deg)
44782.865, 300.991073, 58.738065
789523.900, 301.098876, 58.834976
64276.381, 301.196789, 58.921971
49878.487, 300.944276, 58.700405
2029.146, 300.983663, 58.733422
52950.829, 301.036280, 58.786457
26941.235, 301.234772, 58.961196
7511.908, 300.892225, 58.654245
3540.478, 300.934432, 58.689822
2020.790, 301.198572, 58.927684
8040.084, 301.155368, 58.894341
10420.220, 301.165293, 58.903089
7978.726, 301.115749, 58.859438
15906.478, 301.141581, 58.883747
10039.525, 301.223576, 58.956387
28536.468, 300.910213, 58.678175
19270.726, 301.054977, 58.807903
28474.679, 300.967602, 58.730014
2802.622, 301.109586, 58.855540
4360.739, 301.084219, 58.835240
4304.268, 300.929551, 58.697026
2026.762, 301.028675, 58.785479
14643.706, 301.116990, 58.866266
11077.634, 301.130035, 58.878313
5555.912, 300.988877, 58.751546
2354.136, 300.922901, 58.692695
50419.486, 301.055885, 58.817612
5453.370, 300.980656, 58.746480
28419.413, 301.177849, 58.926687
3554.512, 301.090703, 58.847746
4349.908, 300.889971, 58.668383
5679.615, 301.062507, 58.823771
17457.158, 301.271927, 59.014624
13530.136, 300.875238, 58.658417
46069.283, 300.974204, 58.749045
27325.437, 300.880514, 58.663834
8280.352, 301.113502, 58.872344
16617.857, 301.086178, 58.849383
35679.251, 300.958228, 58.737681
23002.885, 301.099758, 58.864099
37519.152, 300.978828, 58.758059
20301.154, 301.009860, 58.785688
15620.016, 300.917824, 58.703727
42970.499, 300.881533, 58.673937
5468.007, 301.000595, 58.779348
15600.315, 301.062870, 58.836270
5177.025, 300.923080, 58.709689
3973.603, 300.942043, 58.727873
36831.066, 301.181486, 58.947844
2033.085, 300.938228, 58.725592
2013.016, 300.923300, 58.713748
2360.214, 300.942710, 58.731332
14183.423, 300.977590, 58.764994
29851.824, 301.011813, 58.797950
21153.189, 301.112221, 58.888864
4799.982, 301.205885, 58.970339
20348.905, 300.981153, 58.772960
5815.844, 300.992859, 58.781068
28290.628, 301.134717, 58.911582
15286.094, 300.927111, 58.726199
7863.341, 301.061116, 58.844161
93791.621, 301.202215, 58.976343
58815.379, 300.929047, 58.731060
6037.289, 301.065708, 58.851471
8341.108, 301.125615, 58.905875
10465.915, 300.875483, 58.682725
6308.764, 300.886721, 58.693866
72336.656, 301.238662, 59.012469
4380.637, 301.027135, 58.820557
53774.378, 301.167357, 58.949530
25389.711, 301.209548, 58.986727
34286.755, 301.252894, 59.025464
21058.710, 301.056493, 58.849879
21858.124, 301.135054, 58.921351
28292.261, 300.945294, 58.752496
2386.361, 300.917662, 58.724819
2793.407, 301.075987, 58.867545
7554.277, 300.973863, 58.777158
10727.803, 300.982689, 58.785737
63799.509, 301.170933, 58.958993
3542.661, 301.043170, 58.839963
22951.623, 301.119625, 58.911776
1972.570, 301.033755, 58.832198
5146.233, 300.928148, 58.738941
19646.409, 301.065412, 58.864946
34438.559, 301.010981, 58.820404
5593.133, 301.048794, 58.850335
2719.510, 300.890019, 58.706853
52187.885, 301.152594, 58.947785
21088.992, 300.844144, 58.669114
32287.544, 300.874706, 58.697252
12243.302, 300.890797, 58.710507
262078.824, 300.894627, 58.725524
14481.768, 300.863546, 58.688645
14724.189, 300.941108, 58.759550
16096.179, 301.108579, 58.910590
62779.220, 300.862667, 58.694978
23250.557, 301.088493, 58.894617
4784.806, 300.894728, 58.719026
34459.595, 301.071283, 58.881391
11614.792, 301.201696, 58.996351
2401.288, 301.223140, 59.014489
2771.618, 300.876202, 58.704122
6629.017, 300.921668, 58.749298
121814.469, 300.868839, 58.712139
2418.740, 300.891790, 58.722859
10349.354, 300.972284, 58.796923
1962.519, 301.007562, 58.827819
19135.416, 300.985508, 58.812003
17283.920, 300.922009, 58.756856
19394.630, 300.945684, 58.774876
11073.656, 301.013013, 58.835733
51899.313, 301.109902, 58.926775
23436.636, 300.836626, 58.678850
5196.958, 300.987634, 58.815917
33930.538, 301.045387, 58.872933
115651.814, 301.068438, 58.896542
20282.603, 300.939571, 58.780151
52613.874, 300.905264, 58.751743
129804.708, 300.890083, 58.744391
5494.252, 300.964890, 58.803061
5141.429, 301.016069, 58.849181
54114.455, 300.943197, 58.787925
19012.092, 300.973640, 58.814412
53231.706, 301.105203, 58.934220
15389.802, 300.833178, 58.688477
34336.239, 301.111694, 58.941849
11935.580, 300.822076, 58.680694
5191.868, 300.845011, 58.700171
61769.550, 301.167769, 58.994573
5869.985, 300.864544, 58.719178
7916.163, 300.992971, 58.835258
5919.924, 301.018159, 58.857079
16202.890, 301.047977, 58.887199
3604.275, 301.161555, 58.986318
23997.737, 300.994836, 58.840514
5194.114, 300.921016, 58.772388
4380.774, 301.185079, 59.010866
5160.588, 300.860506, 58.721299
3132.084, 300.956484, 58.806633
63555.017, 301.015461, 58.864936
29044.370, 301.075733, 58.917404
2005.678, 300.927077, 58.782657
5090.545, 300.888807, 58.749697
16769.170, 301.106810, 58.947881
11312.914, 300.875326, 58.739526
4320.934, 300.895754, 58.757764
15377.957, 300.985624, 58.841117
36714.272, 300.828168, 58.700485
97047.033, 300.884907, 58.756090
1998.637, 301.131396, 58.969613
9480.779, 301.035155, 58.886118
145379.985, 301.137960, 58.982330
5136.029, 300.965449, 58.823776
3546.852, 301.041911, 58.891972
8716.439, 301.121204, 58.963506
208203.407, 300.804258, 58.696164
4389.329, 300.838363, 58.709792
5154.859, 300.863901, 58.733331
380096.984, 300.858986, 58.741183
16127.957, 300.905000, 58.771450
2751.215, 300.946269, 58.807330
2364.944, 300.842961, 58.714718
2023.635, 300.880737, 58.749782
4035.639, 301.047284, 58.900261
40017.908, 300.970274, 58.834767
2745.739, 301.085312, 58.934768
9122.177, 301.127059, 58.973630
7548.357, 300.807306, 58.686353
125598.933, 301.026833, 58.890734
10804.043, 301.068087, 58.923493
16125.483, 301.188875, 59.032505
17094.921, 300.900515, 58.775660
15111.592, 301.042045, 58.901999
5613.670, 301.181438, 59.026767
5921.762, 300.911306, 58.785901
16136.512, 300.997647, 58.865677
61337.214, 301.000208, 58.871933
20149.702, 300.950231, 58.823323
27994.221, 300.955147, 58.828084
12611.613, 301.015283, 58.881960
22157.980, 300.819883, 58.709138
5455.240, 300.865612, 58.747923
4334.763, 300.904898, 58.784169
2360.847, 300.974133, 58.845927
2875.570, 301.062477, 58.926191
24872.157, 301.141174, 58.998545
12219.399, 300.846257, 58.733994
13782.432, 300.812089, 58.703743
2818.503, 300.909584, 58.791053
6731.501, 300.919179, 58.799339
12393.240, 301.097326, 58.960466
1304059.970, 300.811813, 58.724134
4359.706, 300.881352, 58.768130
5085.705, 300.948150, 58.827777
15150.236, 300.960249, 58.840389
2752.794, 300.859782, 58.748387
4012.178, 300.839658, 58.732399
14168.833, 300.834853, 58.730247
8222.567, 300.928121, 58.815735
33069.720, 300.950669, 58.837708
5567.337, 300.786437, 58.687855
3553.566, 300.893049, 58.783697
8671.019, 300.915417, 58.804769
7134.063, 300.851872, 58.749750
5540.349, 301.028473, 58.909207
6650.094, 300.831869, 58.733366
6746.645, 301.002844, 58.886825
35103.174, 301.066540, 58.947486
36542.333, 300.849823, 58.752647
109691.901, 300.862791, 58.766530
5226.811, 300.912833, 58.807161
12698.579, 300.988367, 58.877194
139874.699, 301.023231, 58.914306
47251.826, 300.823992, 58.736257
1975.735, 301.092313, 58.970308
15747.176, 301.106432, 58.984571
5178.661, 300.923086, 58.820149
6771.192, 301.171566, 59.042882
9440.229, 300.890405, 58.791986
6316.667, 300.895662, 58.796728
3147.139, 300.802726, 58.712427
18171.481, 300.789408, 58.703825
5599.702, 300.868568, 58.772998
55766.825, 301.109836, 58.996361
123603.825, 300.769298, 58.695311
43825.824, 301.046990, 58.942931
2346.792, 300.770088, 58.690407
2337.126, 300.818519, 58.734411
113205.340, 301.131928, 59.022320
4282.585, 300.858949, 58.773036
11194.260, 300.903582, 58.814068
4336.904, 300.917918, 58.826335
59949.300, 300.983012, 58.889111
17255.577, 300.836537, 58.755415
2804.620, 300.841985, 58.758796
9826.152, 300.870194, 58.784942
60968.411, 300.916559, 58.830928
18984.366, 300.960036, 58.866739
58746.365, 301.119429, 59.013095
41185.019, 300.816199, 58.739224
18318.766, 300.988748, 58.895406
4414.492, 301.036327, 58.936986
84917.849, 300.778046, 58.709178
5137.708, 300.941609, 58.853557
7592.195, 300.961715, 58.872686
11099.862, 300.848365, 58.772885
6705.569, 300.806562, 58.734790
5134.772, 300.880961, 58.802883
30570.280, 301.142636, 59.042896
3538.490, 300.871036, 58.794275
20314.633, 301.155215, 59.051837
81555.774, 300.935170, 58.858656
7117.297, 300.863170, 58.790172
3962.416, 300.921731, 58.842168
7592.027, 300.906936, 58.830024
3594.174, 301.147697, 59.045882
3591.529, 300.818185, 58.751980
592669.678, 300.819931, 58.766018
8397.968, 301.026240, 58.940145
25230.338, 301.075657, 58.986127
31478.332, 301.100921, 59.008603
27464.372, 300.782458, 58.723127
26767.802, 300.803850, 58.745543
13215.711, 300.975634, 58.896473
5540.453, 300.841651, 58.775039
5983.636, 300.786211, 58.727797
15198.582, 301.067518, 58.982350
50306.254, 300.771902, 58.719849
8894.019, 301.063132, 58.978157
77485.857, 300.836759, 58.779469
22742.227, 300.902560, 58.835941
3530.706, 300.796657, 58.739803
30020.517, 300.750613, 58.702911
8256.247, 301.040023, 58.963280
43893.202, 301.139202, 59.055101
41433.567, 300.923915, 58.867965
22818.094, 301.014699, 58.948405
4315.496, 300.774678, 58.731248
28592.007, 300.884143, 58.832504
26706.722, 300.968629, 58.908275
11036.775, 300.776555, 58.734285
2401.596, 300.789230, 58.745953
23992.906, 300.830358, 58.785568
9129.147, 300.986040, 58.925091
14349.654, 301.041756, 58.975378
46858.213, 301.059338, 58.992871
2788.163, 300.769230, 58.730118
1978.013, 300.796177, 58.755339
2800.897, 300.747085, 58.712499
4027.220, 300.749954, 58.714879
3200.540, 300.802822, 58.763100
8291.836, 300.837921, 58.795722
2778.144, 300.960205, 58.905403
39662.404, 301.019670, 58.961914
47105.484, 300.817420, 58.782597
16430.024, 300.848425, 58.808922
302814.432, 300.738589, 58.724015
34013.551, 300.761155, 58.733571
5893.498, 300.899980, 58.854856
4746.657, 300.961905, 58.910673
76368.441, 300.732336, 58.710457
5093.460, 300.813829, 58.777192
7866.434, 300.867293, 58.826790
5925.359, 301.024252, 58.968642
6410.427, 301.100133, 59.035685
20572.184, 300.875651, 58.838126
21860.049, 300.802971, 58.774172
8670.705, 300.850829, 58.815858
29461.067, 300.980240, 58.933994
17194.098, 300.903527, 58.864911
1985.929, 300.971265, 58.923651
80159.876, 301.023062, 58.976138
2811.725, 300.825103, 58.793138
18265.639, 300.940738, 58.900497
16614.278, 300.951206, 58.911148
25159.030, 300.806485, 58.780064
41721.922, 300.823894, 58.797718
3660.892, 300.777334, 58.751959
24829.156, 301.090061, 59.035173
9406.106, 301.129721, 59.069664
10000.523, 300.837462, 58.807543
67116.019, 300.760932, 58.742092
20491.492, 301.002572, 58.959099
9023.765, 300.872749, 58.844170
2041.861, 301.066091, 59.015634
36010.096, 301.077033, 59.028947
16639.398, 301.110521, 59.058790
12656.547, 300.944183, 58.910252
26450.041, 300.974807, 58.939898
57013.316, 300.847081, 58.827640
3204.319, 300.777695, 58.760626
21395.033, 300.961501, 58.930236
5165.831, 300.780162, 58.765141
3546.843, 301.083331, 59.038965
2806.850, 300.741514, 58.732576
13422.794, 300.806993, 58.793853
10626.063, 300.814796, 58.799903
7106.888, 300.839954, 58.822571
4777.981, 300.853787, 58.835005
80982.962, 301.020133, 58.991856
5102.949, 300.926020, 58.902866
3159.876, 300.716736, 58.713981
22861.259, 300.868448, 58.853282
8715.182, 300.893446, 58.875604
13665.847, 300.927200, 58.906696
3183.262, 300.934408, 58.911474
3918.401, 300.947807, 58.923798
24428.852, 301.002599, 58.975437
68131.852, 300.961212, 58.941458
4718.594, 301.099284, 59.061323
17610.233, 300.771661, 58.770904
1964.466, 300.795765, 58.788657
74356.629, 300.773445, 58.776913
2761.872, 300.738218, 58.740257
82196.947, 300.856003, 58.853367
8872.271, 300.978257, 58.958398
36490.094, 301.093495, 59.064617
31018.586, 300.742927, 58.749477
2376.297, 300.836010, 58.831893
5103.902, 300.704911, 58.715354
2376.926, 300.716942, 58.725508
21516.175, 300.750297, 58.758380
6755.190, 300.846357, 58.844679
7042.628, 300.865212, 58.863031
1975.635, 300.711689, 58.723147
195518.832, 301.016532, 59.006778
2364.241, 300.754605, 58.763538
21174.319, 300.888153, 58.886156
19506.840, 300.918400, 58.914485
32691.742, 300.783962, 58.796458
30941.039, 301.040456, 59.026922
29097.333, 300.697261, 58.718548
2061.219, 300.771156, 58.782932
5956.618, 300.804476, 58.814791
12812.955, 300.961227, 58.956847
83564.054, 300.803136, 58.824292
74211.715, 300.738699, 58.761504
2414.922, 300.829819, 58.838029
7560.974, 300.895000, 58.899365
14443.888, 300.978080, 58.974828
43345.058, 301.022097, 59.016981
8731.229, 300.707579, 58.730908
5899.179, 300.767473, 58.785391
2421.199, 300.718890, 58.740710
21374.472, 301.030895, 59.025596
15114.371, 300.793073, 58.811914
4796.558, 300.810613, 58.826653
1991.468, 300.711960, 58.737500
33952.470, 300.766599, 58.789954
2779.471, 300.814706, 58.831219
16548.088, 300.755712, 58.779921
18989.723, 300.866105, 58.879883
12763.547, 300.919284, 58.927180
23401.377, 300.961405, 58.965889
222888.162, 300.710637, 58.751714
2755.571, 300.876188, 58.887850
299984.349, 300.899371, 58.922355
2415.139, 300.816711, 58.834962
59729.626, 300.742406, 58.776447
2752.462, 300.939469, 58.947357
3159.597, 301.056628, 59.053059
11426.997, 300.777621, 58.805745
32430.504, 300.810010, 58.837361
15202.438, 300.793819, 58.823547
17785.880, 300.751499, 58.787446
3954.973, 300.757064, 58.789677
3572.843, 300.887911, 58.908466
12304.009, 300.731421, 58.769155
56383.646, 300.773738, 58.811654
2348.695, 300.892620, 58.913541
11637.727, 301.077863, 59.081197
1972.594, 300.829765, 58.857300
5477.815, 300.834764, 58.862172
6324.960, 300.746313, 58.783478
20313.021, 300.695247, 58.739426
35266.119, 300.958896, 58.979650
7156.353, 300.680551, 58.726276
2746.504, 300.719772, 58.760871
8705.480, 300.754488, 58.793898
105994.947, 300.714648, 58.765987
6356.468, 301.051333, 59.062188
5993.994, 300.674606, 58.723079
7101.691, 300.730956, 58.774766
11849.420, 300.778625, 58.820477
2756.648, 300.794225, 58.834466
27202.970, 300.804716, 58.846041
4781.945, 300.751833, 58.796805
90872.650, 300.834101, 58.876583
5203.194, 300.861670, 58.896528
46524.886, 300.743736, 58.793068
7060.073, 300.694568, 58.746699
36600.744, 300.706878, 58.759819
8547.662, 300.827502, 58.866719
13645.007, 301.032509, 59.052825
43233.152, 300.954190, 58.985632
2000.129, 300.905049, 58.939134
13105.759, 300.797449, 58.844399
16266.553, 300.843212, 58.885148
33016.870, 301.042246, 59.065649
2375.500, 300.672203, 58.729404
2756.129, 300.811238, 58.859313
2391.817, 300.943729, 58.979160
5930.746, 300.679094, 58.741505
2356.855, 300.979538, 59.013247
20050.537, 300.806913, 58.862978
2002.648, 300.800552, 58.853673
55324.920, 301.017713, 59.053380
9127.544, 300.667795, 58.735220
2787.153, 300.710289, 58.772759
44892.254, 301.052540, 59.085232
3163.871, 300.772838, 58.832314
3557.595, 300.787513, 58.846221
24089.657, 300.886792, 58.938770
9155.170, 301.041891, 59.076655
6288.760, 300.729301, 58.795392
3964.785, 300.698125, 58.767740
3548.041, 300.750992, 58.815714
2740.664, 300.866576, 58.919701
11898.500, 300.659579, 58.735205
45443.216, 300.663784, 58.742676
2771.438, 300.704538, 58.774723
3938.262, 300.813836, 58.874240
23627.509, 300.717538, 58.790047
16269.531, 300.761572, 58.830135
2358.396, 300.692696, 58.766687
57499.663, 300.830018, 58.895850
96703.836, 300.646705, 58.732235
6397.228, 300.816978, 58.881733
2293.292, 300.801653, 58.867971
9525.498, 300.840681, 58.904595
52689.314, 300.926502, 58.985058
14881.337, 300.721791, 58.799312
33832.674, 300.948103, 59.004926
15518.257, 301.047331, 59.093050
2329.835, 300.665513, 58.748096
66398.916, 300.845265, 58.918113
2373.033, 300.688172, 58.771531
5527.448, 300.741422, 58.822278
5196.878, 300.752311, 58.832111
12910.713, 300.984328, 59.043498
42826.484, 300.958829, 59.025009
5799.228, 300.767968, 58.851201
7107.515, 300.634563, 58.730922
30850.170, 300.642270, 58.740391
2377.741, 300.656005, 58.750349
4792.970, 300.970120, 59.033531
3975.060, 300.653325, 58.748021
42714.813, 300.914124, 58.987442
28821.112, 300.696253, 58.790476
4776.589, 300.810244, 58.891234
32527.572, 300.959080, 59.030217
9309.506, 301.018459, 59.080922
7122.002, 300.922771, 58.996038
9933.995, 300.665197, 58.763827
4769.274, 300.760592, 58.849988
36171.025, 300.767534, 58.858910
2786.205, 300.649962, 58.749990
5920.329, 300.685708, 58.783264
3190.005, 300.665923, 58.766800
5575.626, 300.775180, 58.866479
14269.693, 301.023395, 59.090677
21071.469, 300.638547, 58.744772
69571.369, 300.718687, 58.821825
3170.978, 300.686014, 58.787934
3125.685, 300.739246, 58.836126
3606.922, 300.743603, 58.841162
55428.387, 300.866869, 58.957984
39260.626, 300.795770, 58.892862
7655.601, 301.026200, 59.097618
322535.229, 300.954962, 59.044990
25240.913, 300.801942, 58.900335
95224.436, 300.992878, 59.075810
2379.278, 300.767678, 58.867798
17878.774, 300.939234, 59.024195
7545.343, 300.743003, 58.847945
4774.493, 300.762684, 58.865357
2402.979, 300.990801, 59.069775
33442.247, 300.726277, 58.836575
3633.070, 300.806937, 58.906536
60507.309, 300.872566, 58.970013
1965.890, 300.690694, 58.801804
31818.661, 300.707994, 58.820286
5133.439, 300.736036, 58.845694
38881.692, 300.768039, 58.877257
21313.752, 300.614801, 58.739681
3879.975, 300.748666, 58.858644
14087.618, 300.939768, 59.031447
80437.669, 300.631041, 58.757494
5943.011, 300.684449, 58.801949
18290.894, 300.885259, 58.984443
4372.707, 300.628268, 58.750059
6323.940, 300.648473, 58.769786
39184.887, 300.896619, 58.997156
118639.042, 300.616216, 58.746272
4810.435, 300.708005, 58.824010
11635.508, 300.863023, 58.964934
2379.773, 300.655812, 58.776523
134419.239, 300.653378, 58.785634
19840.511, 300.891903, 58.992615
12326.543, 300.698631, 58.817646
45128.368, 300.774384, 58.890478
1977.377, 300.688290, 58.809220
2760.221, 300.665476, 58.789586
153163.476, 300.750078, 58.872527
18727.916, 300.883752, 58.988908
8246.387, 300.737909, 58.858606
2415.946, 300.746664, 58.865529
29994.005, 300.663262, 58.794543
58686.383, 300.673360, 58.803934
16431.107, 300.907119, 59.015122
5495.417, 300.731124, 58.855917
14579.315, 300.736737, 58.862803
13843.479, 300.939146, 59.046671
17759.639, 300.973480, 59.076889
35457.791, 300.614945, 58.755141
16319.071, 300.828806, 58.948192
8718.607, 300.693119, 58.825780
19186.099, 300.863403, 58.981126
9442.585, 300.605406, 58.749548
41442.280, 300.702271, 58.841366
5154.945, 300.721478, 58.854623
16926.413, 300.732573, 58.866679
37667.027, 300.880600, 59.002195
109212.020, 300.751001, 58.891206
21601.471, 300.626779, 58.772927
49809.690, 300.645453, 58.793743
41410.032, 300.662685, 58.807448
11183.972, 300.864323, 58.987184
30940.952, 300.964076, 59.078122
49015.138, 300.608652, 58.760081
52194.679, 300.937113, 59.058064
23565.555, 300.651101, 58.801657
5123.873, 300.614233, 58.767346
164048.886, 300.812886, 58.954373
66548.983, 300.827959, 58.965100
7099.121, 300.622952, 58.776226
10460.879, 300.991301, 59.109111
98539.419, 300.673887, 58.830808
3938.599, 300.776359, 58.916358
2043.153, 300.804070, 58.940306
34750.248, 300.885535, 59.017139
9925.216, 300.636048, 58.790313
4747.565, 300.644510, 58.798803
37364.380, 300.924726, 59.054697
43759.319, 300.958087, 59.085822
13521.122, 300.738683, 58.887498
16727.848, 300.618773, 58.779398
3128.667, 300.663389, 58.818192
51957.199, 300.688121, 58.850269
57301.992, 300.837846, 58.982795
3973.921, 300.601729, 58.765448
49807.788, 300.923579, 59.060914
3957.598, 300.585469, 58.751618
2008.073, 300.724753, 58.877752
7174.826, 300.627062, 58.792789
3195.079, 300.897239, 59.037170
2400.174, 300.632249, 58.797241
2383.846, 300.676874, 58.837720
3571.612, 300.679244, 58.840195
44213.491, 300.737513, 58.896366
127527.758, 300.598148, 58.776517
7510.652, 300.867318, 59.013194
3616.777, 300.648347, 58.815730
181740.679, 300.850312, 59.004932
74135.606, 300.726886, 58.891891
92105.550, 300.635690, 58.812796
7249.203, 300.832476, 58.986509
21503.647, 300.837983, 58.992433
2387.561, 300.895189, 59.041984
17341.048, 300.582558, 58.761252
4774.259, 300.966387, 59.106995
9935.971, 300.776182, 58.938893
2010.541, 300.646296, 58.821088
15620.880, 300.789703, 58.953080
7446.762, 300.862822, 59.017744
61016.055, 300.606675, 58.792802
19859.328, 300.681960, 58.856922
17311.229, 300.670494, 58.847749
12700.427, 300.798846, 58.963632
1972.420, 300.660713, 58.837576
13425.201, 300.649068, 58.829967
9093.033, 300.711017, 58.887947
67715.708, 300.923253, 59.083209
7245.272, 300.938405, 59.092584
1933.111, 300.687017, 58.865980
9212.632, 300.620134, 58.806468
6749.291, 300.638148, 58.823123
12591.937, 300.626563, 58.814812
5904.449, 300.692179, 58.873439
24467.867, 300.652879, 58.842460
3190.472, 300.726643, 58.905248
3220.862, 300.736017, 58.914164
36491.600, 300.780120, 58.956796
3157.154, 300.589876, 58.781488
2826.069, 300.611675, 58.803508
4350.768, 300.663716, 58.851461
16407.184, 300.822897, 58.999503
3186.231, 300.602694, 58.798427
12194.643, 300.634790, 58.828972
8262.303, 300.738012, 58.923005
2771.617, 300.560287, 58.760204
9084.206, 300.726844, 58.912997
5475.587, 300.766963, 58.949384
30366.871, 300.826553, 59.004780
3137.053, 300.563891, 58.764474
22996.585, 300.715372, 58.905984
24634.809, 300.740865, 58.928015
5461.059, 300.814775, 58.992779
15805.776, 300.862384, 59.037703
14900.984, 300.942123, 59.108964
38482.035, 300.683463, 58.878305
11724.268, 300.640833, 58.839562
7871.027, 300.673430, 58.869777
16321.422, 300.561794, 58.768553
15164.812, 300.909127, 59.082777
6389.298, 300.891652, 59.066292
7962.232, 300.667240, 58.865612
56921.186, 300.802208, 58.993327
2810.213, 300.557274, 58.765259
18155.610, 300.626517, 58.831051
45597.005, 300.794546, 58.987273
62176.645, 300.888581, 59.070604
3948.599, 300.581322, 58.789357
3152.886, 300.661717, 58.862601
59203.494, 300.688587, 58.892693
35969.436, 300.642160, 58.850547
2336.751, 300.768788, 58.961323
53472.156, 300.829483, 59.020711
2841.853, 300.877391, 59.059595
3595.331, 300.673221, 58.875910
3964.637, 300.679221, 58.881858
1989.212, 300.698625, 58.899574
2798.731, 300.543026, 58.760650
29820.592, 300.731070, 58.934375
1935.492, 300.582914, 58.797781
34790.053, 300.764058, 58.965888
26121.614, 300.773423, 58.974409
12256.760, 300.640223, 58.855173
41594.398, 300.665912, 58.881173
1977.258, 300.587952, 58.806605
15453.779, 300.648632, 58.864764
8620.556, 300.612636, 58.832563
34167.786, 300.601787, 58.825464
22397.456, 300.649964, 58.870305
1994.435, 300.756475, 58.964372
4695.144, 300.537030, 58.766559
26099.955, 300.655129, 58.876176
55699.250, 300.677889, 58.901659
3231.192, 300.736211, 58.947515
24322.350, 300.790422, 58.998926
7639.391, 300.847232, 59.047955
20162.675, 300.543613, 58.773709
6699.179, 300.569831, 58.797455
4324.854, 300.574124, 58.801799
7013.027, 300.710502, 58.926872
12318.108, 300.802984, 59.011443
49268.055, 300.880691, 59.084151
4280.449, 300.636540, 58.861297
12540.821, 300.715651, 58.936156
34694.803, 300.739341, 58.958202
36086.104, 300.817646, 59.029379
3579.219, 300.557843, 58.790780
5138.477, 300.572762, 58.805023
11460.473, 300.672855, 58.897440
1949.921, 300.698707, 58.919630
35139.264, 300.824062, 59.036866
2027.951, 300.863889, 59.069043
3589.463, 300.742652, 58.962262
22635.120, 300.775469, 58.995402
2024.814, 300.681242, 58.908323
6837.780, 300.921444, 59.125883
41196.110, 300.534218, 58.779245
9967.572, 300.583226, 58.821155
3149.309, 300.731682, 58.954948
5969.175, 300.756168, 58.978313
3235.910, 300.543476, 58.785317
11655.481, 300.518676, 58.764840
134469.213, 300.652899, 58.891759
29664.287, 300.895203, 59.106563
39865.436, 300.683255, 58.918700
6864.266, 300.907551, 59.119780
5091.590, 300.539723, 58.787726
52680.826, 300.570890, 58.821554
46561.369, 300.738098, 58.971239
3966.523, 300.561181, 58.808203
13772.586, 300.585728, 58.832796
147468.736, 300.904939, 59.126651
6317.491, 300.660584, 58.901299
11178.265, 300.599008, 58.845908
410251.771, 300.628075, 58.886021
6775.006, 300.684607, 58.923819
2347.567, 300.610242, 58.856575
1986.832, 300.771087, 59.001911
40730.376, 300.616341, 58.866932
21161.360, 300.850569, 59.076769
7645.004, 300.888266, 59.110479
2821.192, 300.513260, 58.771620
9519.399, 300.793287, 59.026795
81283.016, 300.666368, 58.917948
91947.727, 300.596586, 58.856109
3897.291, 300.544832, 58.802606
2346.896, 300.571591, 58.827084
4374.426, 300.697112, 58.942728
5898.397, 300.704535, 58.949556
21719.788, 300.717068, 58.962729
11242.814, 300.884688, 59.113415
18396.100, 300.518050, 58.782299
3538.499, 300.581081, 58.838673
3565.289, 300.674186, 58.924495
63306.290, 300.500423, 58.770885
10720.934, 300.582140, 58.842385
2425.883, 300.880678, 59.110931
31068.411, 300.802227, 59.044573
7473.700, 300.614678, 58.872788
5150.192, 300.600005, 58.861032
11300.062, 300.529182, 58.798439
2353.359, 300.561775, 58.826529
11070.115, 300.602555, 58.867139
88983.537, 300.665291, 58.927010
41614.636, 300.528348, 58.802887
63009.635, 300.848896, 59.092575
14189.158, 300.507098, 58.781022
7577.848, 300.802878, 59.049133
10317.577, 300.844752, 59.087120
5137.498, 300.500692, 58.776259
3145.320, 300.573326, 58.842503
2822.396, 300.533798, 58.807601
2370.468, 300.578568, 58.849461
25983.866, 300.892034, 59.135482
3606.031, 300.544372, 58.819136
5139.148, 300.582264, 58.854322
17755.497, 300.509119, 58.790362
3173.563, 300.515725, 58.794289
15805.529, 300.586986, 58.860532
22729.956, 300.491133, 58.775034
13544.902, 300.799992, 59.054230
5151.524, 300.553364, 58.830082
30055.412, 300.813706, 59.071062
38753.072, 300.618441, 58.895937
3584.130, 300.738156, 58.999515
6324.725, 300.510511, 58.796108
14496.206, 300.842316, 59.097840
20363.966, 300.558739, 58.841645
38710.135, 300.622090, 58.902180
25498.711, 300.582549, 58.865713
23264.042, 300.783557, 59.047299
14446.076, 300.565130, 58.849410
8729.020, 300.866312, 59.121438
3168.439, 300.487387, 58.779090
2763.152, 300.524785, 58.812773
13346.096, 300.502750, 58.795601
4759.870, 300.518386, 58.808542
8321.286, 300.592395, 58.877423
8971.745, 300.843140, 59.105187
4814.773, 300.587256, 58.874781
25817.728, 300.665094, 58.949411
18715.827, 300.542767, 58.837182
5511.850, 300.630575, 58.915766
1982.394, 300.646791, 58.929528
9931.421, 300.661101, 58.943654
2371.580, 300.680102, 58.959153
42486.488, 300.789677, 59.063368
16343.962, 300.871971, 59.134359
20417.742, 300.880736, 59.142809
15630.529, 300.475358, 58.778878
26155.601, 300.740363, 59.018074
26752.316, 300.562333, 58.857922
64798.549, 300.479884, 58.786659
103079.985, 300.580145, 58.880942
1928.971, 300.534748, 58.833869
13253.754, 300.590146, 58.887715
19078.821, 300.674280, 58.963988
16566.826, 300.714224, 59.000102
19602.527, 300.812605, 59.090780
76745.141, 300.492902, 58.806693
17258.688, 300.827307, 59.104083
48822.962, 300.804987, 59.088011
9023.829, 300.855007, 59.128501
5460.100, 300.468905, 58.779814
16705.261, 300.746138, 59.033275
15747.514, 300.519317, 58.826547
61383.319, 300.653938, 58.952532
40307.256, 300.538882, 58.848955
35224.821, 300.777133, 59.064176
1970.462, 300.832211, 59.110916
12311.708, 300.696726, 58.991141
6885.315, 300.692294, 58.986967
3583.235, 300.731288, 59.021944
11812.484, 300.511069, 58.823579
6001.520, 300.479616, 58.794794
12315.431, 300.612736, 58.918667
4361.905, 300.584279, 58.893037
35422.928, 300.636140, 58.942475
21720.092, 300.742464, 59.038470
13729.828, 300.553049, 58.868012
341043.231, 300.703800, 59.010784
31336.350, 300.770523, 59.066408
11053.286, 300.627628, 58.937966
2439.625, 300.792001, 59.086530
7580.609, 300.544057, 58.863318
13250.867, 300.635739, 58.947910
9032.796, 300.572627, 58.891143
35554.212, 300.771394, 59.072526
28597.139, 300.456886, 58.787812
2353.297, 300.584235, 58.901929
2379.808, 300.598917, 58.915155
3561.635, 300.461527, 58.790382
14822.594, 300.845061, 59.139864
1910.908, 300.463347, 58.792826
29593.079, 300.541953, 58.869024
17626.568, 300.483755, 58.816477
16797.009, 300.661920, 58.976782
9503.808, 300.761103, 59.066099
20141.140, 300.803726, 59.105325
47515.708, 300.558696, 58.885512
24948.791, 300.582702, 58.906436
3087.765, 300.655042, 58.969962
2768.972, 300.835305, 59.133149
38842.515, 300.612750, 58.936325
3978.789, 300.638121, 58.956640
64062.974, 300.488394, 58.826341
4339.327, 300.512492, 58.843220
37795.875, 300.740630, 59.054937
2021.464, 300.457373, 58.793423
3945.446, 300.602162, 58.925826
18954.052, 300.827655, 59.132011
2323.238, 300.519910, 58.852963
10450.269, 300.660009, 58.981553
18143.868, 300.502860, 58.839912
9492.724, 300.590408, 58.919090
49914.489, 300.623281, 58.953389
45062.784, 300.718147, 59.039377
7965.237, 300.724240, 59.042309
33032.323, 300.765336, 59.081674
32431.927, 300.812877, 59.125114
8666.343, 300.543265, 58.880173
35766.007, 300.637558, 58.968417
4310.745, 300.552055, 58.887931
14070.002, 300.439346, 58.787726
9817.590, 300.456362, 58.803019
2001.033, 300.446329, 58.792266
2095.123, 300.518135, 58.858665
15017.856, 300.555860, 58.895208
48561.349, 300.447953, 58.800138
29993.359, 300.458449, 58.808963
53161.998, 300.581911, 58.923877
12268.062, 300.484722, 58.832265
2770.750, 300.470749, 58.819382
3589.276, 300.729652, 59.055170
7893.459, 300.459793, 58.813994
22045.776, 300.811749, 59.134791
4725.574, 300.462600, 58.816870
7431.375, 300.520373, 58.869691
22360.597, 300.503124, 58.859474
48705.432, 300.708570, 59.047133
34861.509, 300.639465, 58.984603
2398.441, 300.509748, 58.864757
3516.268, 300.439858, 58.803177
2404.713, 300.534869, 58.890515
13030.550, 300.537722, 58.894155
3186.882, 300.783587, 59.115354
3550.873, 300.728918, 59.068409
42333.537, 300.733979, 59.074052
3170.870, 300.599978, 58.950362
41448.309, 300.655835, 59.005270
8827.208, 300.462619, 58.828150
18500.880, 300.466016, 58.831756
23371.096, 300.447653, 58.815438
3602.201, 300.516949, 58.877292
9825.767, 300.457167, 58.824589
21832.820, 300.672840, 59.021567
29641.706, 300.795940, 59.134541
3148.272, 300.435812, 58.805199
7508.221, 300.529359, 58.892847
91988.597, 300.768335, 59.114948
10265.583, 300.471133, 58.841840
12409.058, 300.710686, 59.058754
23152.836, 300.689282, 59.042436
30932.042, 300.528379, 58.897820
21518.136, 300.584410, 58.947993
14069.223, 300.664727, 59.020464
7263.530, 300.714514, 59.064346
7154.021, 300.648174, 59.005428
5984.667, 300.702393, 59.054078
4385.099, 300.496828, 58.868017
10088.280, 300.654395, 59.012627
2020.803, 300.750208, 59.097338
11561.016, 300.547479, 58.917680
1962.706, 300.730169, 59.081947
11005.606, 300.461521, 58.843760
4386.430, 300.564249, 58.936117
63666.556, 300.777616, 59.133777
20046.080, 300.511021, 58.894414
8062.394, 300.711608, 59.071048
39428.681, 300.734774, 59.094849
5478.561, 300.409794, 58.797160
9534.417, 300.424385, 58.811519
3514.458, 300.767063, 59.122005
12991.870, 300.475705, 58.859494
3184.278, 300.582751, 58.955210
4718.305, 300.429443, 58.816855
19772.095, 300.593942, 58.969794
1993.103, 300.720515, 59.082663
7124.326, 300.412698, 58.803845
48420.078, 300.477934, 58.866845
34885.079, 300.750285, 59.112888
26522.583, 300.464821, 58.855764
39199.586, 300.402075, 58.799550
16277.749, 300.457109, 58.849858
1979.277, 300.533530, 58.916244
34878.647, 300.606081, 58.985283
24042.842, 300.621448, 58.999672
3198.750, 300.680592, 59.049851
8404.038, 300.429529, 58.823317
71644.800, 300.631776, 59.013037
3177.779, 300.800840, 59.159251
35406.239, 300.490163, 58.885321
6310.504, 300.542421, 58.926946
29033.370, 300.563976, 58.949316
15724.839, 300.484073, 58.876644
8232.690, 300.528234, 58.916321
6263.678, 300.438638, 58.837428
5131.337, 300.429121, 58.828673
29612.134, 300.448109, 58.850432
2771.816, 300.494572, 58.888695
8825.770, 300.581971, 58.969052
16717.623, 300.497450, 58.893775
16207.177, 300.539503, 58.935037
3567.680, 300.738704, 59.112221
1983.428, 300.786142, 59.154017
10229.166, 300.421998, 58.825455
29950.619, 300.711183, 59.091165
2430.509, 300.398873, 58.803892
14042.303, 300.503253, 58.904195
33682.705, 300.616770, 59.008395
7147.075, 300.666099, 59.050144
10695.577, 300.567915, 58.963054
61283.487, 300.643330, 59.035041
53250.060, 300.721885, 59.106837
7487.698, 300.454605, 58.861212
4722.821, 300.466137, 58.871412
3985.220, 300.472340, 58.876404
13462.876, 300.421770, 58.833730
345619.715, 300.580273, 58.990454
70014.741, 300.519976, 58.928583
5305.668, 300.745842, 59.128679
2739.208, 300.713077, 59.099680
120571.211, 300.457774, 58.875745
16301.472, 300.397366, 58.818323
29215.873, 300.763925, 59.153378
19667.814, 300.625702, 59.028203
38622.992, 300.642469, 59.044960
28085.727, 300.695340, 59.092100
23792.074, 300.649111, 59.052333
3499.996, 300.782884, 59.171368
24710.735, 300.477190, 58.896713
2026.995, 300.554537, 58.966072
19314.911, 300.415329, 58.841547
8708.218, 300.518095, 58.936081
26653.409, 300.543374, 58.960898
8401.052, 300.739027, 59.137141
34125.678, 300.445006, 58.874300
9477.811, 300.522381, 58.941981
9912.456, 300.727604, 59.129400
40661.920, 300.697696, 59.107555
58659.868, 300.737509, 59.144289
7165.994, 300.406946, 58.840262
4712.560, 300.462236, 58.889218
1987.186, 300.379188, 58.814527
2391.429, 300.409947, 58.843244
62651.356, 300.681214, 59.097657
4333.707, 300.387959, 58.823691
10659.606, 300.402069, 58.837998
9445.488, 300.497967, 58.926010
16443.773, 300.505708, 58.933711
47640.716, 300.577879, 59.001075
23728.448, 300.717281, 59.125770
3119.201, 300.508307, 58.936419
4718.105, 300.556464, 58.981513
3568.281, 300.401971, 58.842160
17302.674, 300.626933, 59.048393
29783.676, 300.641947, 59.063698
12278.044, 300.375843, 58.820513
6424.141, 300.426169, 58.867668
3138.338, 300.519203, 58.952697
3613.574, 300.656273, 59.077278
8467.573, 300.392480, 58.839771
10349.541, 300.444312, 58.887726
85964.662, 300.595971, 59.031479
22193.481, 300.739941, 59.158019
30844.871, 300.627912, 59.058195
6338.718, 300.367520, 58.819223
5206.818, 300.590699, 59.023725
23638.667, 300.726828, 59.148829
3550.897, 300.466357, 58.911370
5559.647, 300.485437, 58.928651
9486.137, 300.540652, 58.979047
71786.693, 300.562951, 59.002990
43339.423, 300.396068, 58.850165
3218.199, 300.609327, 59.042417
13481.485, 300.436371, 58.887127
8829.962, 300.708657, 59.134027
6830.118, 300.615912, 59.050644
7075.667, 300.360352, 58.818390
3933.217, 300.385016, 58.840355
9892.656, 300.425521, 58.880463
3600.545, 300.371357, 58.830798
58089.465, 300.524312, 58.975601
2772.104, 300.363594, 58.824827
28360.887, 300.652976, 59.091287
31766.518, 300.478675, 58.935018
16367.788, 300.712794, 59.146447
5509.985, 300.425823, 58.885308
14623.740, 300.554709, 59.005907
61756.087, 300.487097, 58.950094
23552.358, 300.732029, 59.169679
2375.526, 300.434127, 58.897806
30568.508, 300.453171, 58.918545
30031.097, 300.341192, 58.817847
86440.777, 300.417594, 58.889162
12525.226, 300.348556, 58.822453
5236.485, 300.616164, 59.066011
5190.456, 300.651557, 59.098219
23517.183, 300.672893, 59.119235
12734.109, 300.384524, 58.856208
41906.082, 300.517071, 58.980675
3627.018, 300.597670, 59.051153
4366.170, 300.618525, 59.070731
44220.159, 300.709862, 59.155463
39603.326, 300.357598, 58.835963
2406.173, 300.606235, 59.059466
5128.717, 300.423459, 58.894053
6361.560, 300.568560, 59.027315
7920.946, 300.410656, 58.884121
6647.464, 300.574794, 59.033845
2352.914, 300.372777, 58.849473
2048.072, 300.399239, 58.873534
3531.286, 300.492515, 58.959648
35899.611, 300.399110, 58.877427
27298.927, 300.457753, 58.931665
1972.474, 300.552484, 59.015297
2380.938, 300.607377, 59.065277
3563.321, 300.626391, 59.082965
3607.189, 300.527968, 58.994389
10636.061, 300.370367, 58.853305
12388.802, 300.663655, 59.119966
24838.824, 300.683376, 59.139180
4736.310, 300.366815, 58.849144
3177.586, 300.502330, 58.973609
2000.070, 300.342491, 58.827696
221737.293, 300.430291, 58.920515
2383.152, 300.619957, 59.080882
3965.525, 300.385876, 58.868222
7532.180, 300.479174, 58.954472
59431.669, 300.641618, 59.106013
13033.965, 300.388211, 58.874281
36625.400, 300.460687, 58.941173
1948.021, 300.609953, 59.074700
13021.136, 300.426437, 58.909816
8319.223, 300.455237, 58.935801
2379.804, 300.604876, 59.071580
6521.489, 300.672413, 59.132963
31786.576, 300.716828, 59.176681
20778.973, 300.442061, 58.925852
31033.433, 300.698006, 59.158781
15435.399, 300.370557, 58.861115
2006.045, 300.513646, 58.990417
3112.036, 300.401592, 58.888622
41730.426, 300.474593, 58.960205
3521.789, 300.390689, 58.880409
3635.322, 300.524550, 59.002711
40383.357, 300.326012, 58.826049
7663.239, 300.352568, 58.847770
13475.514, 300.360767, 58.857728
14930.077, 300.439278, 58.929588
42526.949, 300.403839, 58.901884
2426.861, 300.418994, 58.913256
22735.711, 300.570493, 59.053217
20059.776, 300.345810, 58.851584
13414.406, 300.648692, 59.127651
94724.392, 300.328514, 58.839980
6317.472, 300.474637, 58.968824
60417.922, 300.488196, 58.988328
40432.586, 300.678089, 59.158231
24899.365, 300.369362, 58.881138
59392.219, 300.524997, 59.021918
33299.963, 300.346581, 58.859284
103384.726, 300.383116, 58.897443
16932.308, 300.457547, 58.959039
107605.584, 300.628146, 59.119252
5161.475, 300.317916, 58.829871
45073.497, 300.355192, 58.866939
1969.466, 300.469095, 58.967873
2427.417, 300.651568, 59.133431
11460.068, 300.430412, 58.935782
118519.769, 300.508827, 59.010834
74275.924, 300.398177, 58.912433
3153.178, 300.547125, 59.042105
2867.211, 300.696164, 59.176382
3962.881, 300.441597, 58.947151
24340.721, 300.667574, 59.154930
2764.935, 300.318072, 58.835755
20679.145, 300.330901, 58.850685
64174.287, 300.541051, 59.045009
2444.136, 300.603676, 59.099815
9954.002, 300.555120, 59.057520
2427.151, 300.687529, 59.177383
2394.546, 300.305892, 58.830331
28798.347, 300.359834, 58.884156
17684.987, 300.401447, 58.920708
51720.082, 300.345447, 58.873831
1991.283, 300.511770, 59.019618
4347.580, 300.301239, 58.828910
7233.642, 300.572157, 59.076362
3632.573, 300.597342, 59.099982
23994.766, 300.660943, 59.160092
9624.583, 300.693663, 59.187798
6726.337, 300.495652, 59.008421
2742.716, 300.488923, 59.004012
10648.388, 300.314734, 58.847511
5103.306, 300.328557, 58.857963
20359.589, 300.414739, 58.939479
3152.223, 300.480863, 58.997525
8787.866, 300.579654, 59.088168
28494.287, 300.669359, 59.171683
7918.507, 300.321068, 58.855070
4733.658, 300.492630, 59.010842
26799.676, 300.504507, 59.024950
21035.694, 300.305412, 58.842065
2395.531, 300.397180, 58.925729
9508.731, 300.400735, 58.930589
33504.031, 300.588651, 59.102963
4399.845, 300.337253, 58.871949
5900.107, 300.434498, 58.962362
42103.396, 300.580247, 59.096640
10271.840, 300.326739, 58.864794
33787.978, 300.411825, 58.944360
4318.186, 300.428494, 58.957421
2352.619, 300.554545, 59.070882
12257.737, 300.366668, 58.903269
1986.803, 300.507209, 59.029623
15706.419, 300.525957, 59.049297
62362.661, 300.358452, 58.898921
7162.622, 300.618901, 59.133191
2797.643, 300.634646, 59.146827
25208.963, 300.348134, 58.890283
13014.771, 300.383982, 58.921323
15041.313, 300.289772, 58.836039
2807.798, 300.456742, 58.987124
10745.861, 300.472114, 59.002221
6464.660, 300.606984, 59.124443
16414.856, 300.679598, 59.190977
11055.076, 300.301759, 58.847880
14265.379, 300.411319, 58.949839
16271.031, 300.635674, 59.153151
78290.875, 300.318953, 58.867927
5568.975, 300.341171, 58.885002
29451.966, 300.623558, 59.143866
2788.036, 300.394444, 58.934633
40807.130, 300.570622, 59.102432
4010.370, 300.618405, 59.140115
8034.662, 300.643856, 59.164004
44674.346, 300.443338, 58.989203
17216.924, 300.500630, 59.036786
7509.947, 300.291029, 58.844642
17803.635, 300.325594, 58.878250
16682.309, 300.437504, 58.981054
3150.567, 300.392042, 58.940272
3172.051, 300.277482, 58.835587
11704.946, 300.528409, 59.066667
13105.093, 300.562424, 59.097820
53769.300, 300.323041, 58.882923
3567.382, 300.479560, 59.021959
2392.332, 300.590367, 59.122324
45730.009, 300.612318, 59.145878
378974.752, 300.304792, 58.874666
3219.045, 300.487293, 59.030321
10291.667, 300.421467, 58.972914
1991.790, 300.279802, 58.841722
53858.531, 300.294393, 58.859787
7947.840, 300.280300, 58.844798
45189.922, 300.431171, 58.985069
16947.603, 300.526264, 59.070383
53167.105, 300.537236, 59.083997
14490.200, 300.600064, 59.136559
21032.504, 300.665342, 59.195946
6397.292, 300.365802, 58.923647
9469.426, 300.345167, 58.906132
3164.620, 300.387408, 58.943947
26105.090, 300.582061, 59.122979
4334.253, 300.356883, 58.918070
4115.457, 300.464185, 59.016789
23470.405, 300.510841, 59.062124
11171.792, 300.370368, 58.932723
5927.773, 300.409947, 58.968921
26294.078, 300.410480, 58.975398
4383.149, 300.357844, 58.922812
3601.912, 300.399944, 58.961106
15541.376, 300.614306, 59.157522
66647.966, 300.661608, 59.202641
23080.868, 300.265096, 58.841313
5175.431, 300.294357, 58.865187
16162.532, 300.434930, 58.995744
43225.965, 300.558126, 59.109236
58964.065, 300.364897, 58.937343
7199.155, 300.554297, 59.103854
3954.903, 300.644253, 59.184900
7578.211, 300.270337, 58.844657
5862.051, 300.359728, 58.926881
13523.086, 300.386446, 58.952567
6657.475, 300.637294, 59.179778
35828.230, 300.325959, 58.899171
92617.800, 300.535145, 59.094940
13571.622, 300.448206, 59.011900
2810.937, 300.345840, 58.919125
3201.592, 300.531733, 59.088440
5581.285, 300.359496, 58.933093
15494.162, 300.396505, 58.968933
13903.097, 300.498050, 59.061349
16640.874, 300.452222, 59.020804
25606.979, 300.634314, 59.188048
20326.948, 300.476022, 59.043116
29295.076, 300.647545, 59.200130
9549.983, 300.366231, 58.943546
81964.241, 300.435493, 59.013930
25772.727, 300.609764, 59.166014
8721.358, 300.412599, 58.986609
106183.613, 300.323627, 58.909746
19706.595, 300.283168, 58.870126
6722.806, 300.317220, 58.900130
7097.140, 300.388858, 58.967341
2019.380, 300.542211, 59.105807
21388.930, 300.477495, 59.049359
3532.933, 300.368291, 58.949067
2767.783, 300.399755, 58.977587
29155.929, 300.544827, 59.113784
2800.746, 300.251795, 58.842816
12634.542, 300.311674, 58.899445
9133.740, 300.404573, 58.984214
37244.852, 300.422544, 59.003264
6396.103, 300.493440, 59.064617
3974.809, 300.353348, 58.937373
7902.753, 300.576103, 59.140498
96058.581, 300.254960, 58.853409
6282.156, 300.275448, 58.867392
3932.992, 300.376685, 58.959428
3162.824, 300.579115, 59.143405
2389.252, 300.638116, 59.198152
12365.688, 300.314259, 58.906259
110905.436, 300.530808, 59.107830
8827.937, 300.610314, 59.176156
2014.324, 300.446294, 59.026344
19493.167, 300.467984, 59.049761
8353.100, 300.479018, 59.057505
28779.778, 300.592418, 59.162790
17231.601, 300.578577, 59.150708
3101.894, 300.407957, 58.993538
10255.389, 300.459091, 59.040876
34657.300, 300.633369, 59.201596
2354.925, 300.360989, 58.952384
7993.933, 300.622782, 59.192245
4786.762, 300.339845, 58.934989
27416.839, 300.432697, 59.023359
20453.160, 300.309357, 58.909599
28189.311, 300.404783, 58.998014
5104.095, 300.457603, 59.043201
7111.282, 300.300200, 58.901883
23917.165, 300.553362, 59.135589
6804.383, 300.596962, 59.171555
19389.594, 300.290378, 58.894497
5154.031, 300.295901, 58.897606
16892.240, 300.324221, 58.926400
8604.296, 300.254515, 58.861633
16931.390, 300.258242, 58.867442
13747.746, 300.327222, 58.931192
12749.730, 300.279568, 58.886105
11768.941, 300.272688, 58.883975
5891.665, 300.335853, 58.938197
3198.446, 300.425945, 59.020001
2445.550, 300.472616, 59.062226
13895.764, 300.340714, 58.944841
8693.251, 300.419832, 59.016475
34628.552, 300.508584, 59.099020
9911.022, 300.436101, 59.033038
4397.135, 300.501640, 59.091673
2373.769, 300.555764, 59.140270
29764.887, 300.243721, 58.859007
2783.489, 300.527157, 59.115616
34150.314, 300.575828, 59.162599
55970.368, 300.612399, 59.196572
1997.098, 300.251697, 58.864743
42064.043, 300.592061, 59.180975
3196.390, 300.402957, 59.004535
48982.197, 300.299577, 58.913924
5522.538, 300.550530, 59.139082
3278.224, 300.391673, 58.996008
3298.752, 300.553667, 59.144777
15094.681, 300.436933, 59.040846
4032.751, 300.250919, 58.869781
28142.646, 300.574041, 59.168114
2400.430, 300.391820, 59.000644
7460.931, 300.405443, 59.014234
14695.712, 300.441714, 59.048034
4341.687, 300.477835, 59.079155
19117.949, 300.527412, 59.126240
6301.482, 300.598138, 59.188991
23845.796, 300.338499, 58.955904
25546.333, 300.344894, 58.960360
19294.966, 300.399165, 59.010266
75060.538, 300.480430, 59.090491
18990.140, 300.535904, 59.135258
5221.107, 300.599706, 59.191620
3896.798, 300.242487, 58.865407
9461.478, 300.324838, 58.942997
2296.423, 300.542456, 59.139592
4540.972, 300.580544, 59.174611
7887.717, 300.425486, 59.035051
237566.533, 300.481181, 59.100144
35113.269, 300.417699, 59.031809
5147.749, 300.238277, 58.866681
25173.197, 300.317581, 58.940939
5859.512, 300.382791, 59.000267
29634.866, 300.444839, 59.058731
6336.063, 300.298538, 58.923135
127786.836, 300.355859, 58.981460
6777.310, 300.453020, 59.064398
2743.013, 300.608498, 59.206074
2733.515, 300.233172, 58.864211
65786.360, 300.333502, 58.962054
15755.816, 300.303561, 58.932334
7802.026, 300.322061, 58.950015
4347.646, 300.573080, 59.175682
4386.554, 300.287253, 58.916119
10020.558, 300.236874, 58.871811
19459.890, 300.271590, 58.905016
20002.651, 300.265685, 58.901714
18075.865, 300.280066, 58.917674
45538.788, 300.320794, 58.956477
4791.722, 300.486748, 59.104667
35826.124, 300.576782, 59.191757
3560.848, 300.246175, 58.885035
39729.842, 300.353487, 58.988249
6657.106, 300.211641, 58.854507
1994.764, 300.417467, 59.042324
35131.669, 300.605304, 59.216652
5279.317, 300.281990, 58.921011
1991.651, 300.412951, 59.040400
2428.663, 300.542263, 59.158120
7092.445, 300.257691, 58.900692
16804.717, 300.233805, 58.881598
5548.922, 300.229442, 58.875047
1980.126, 300.288222, 58.928378
3233.494, 300.295313, 58.935331
2384.641, 300.307692, 58.947879
10621.246, 300.278937, 58.923954
153190.274, 300.325187, 58.971938
17571.229, 300.337834, 58.979330
13445.636, 300.248490, 58.897535
2768.409, 300.412090, 59.046379
19704.777, 300.418293, 59.053617
4799.008, 300.367042, 59.006365
29887.689, 300.566346, 59.189751
9531.429, 300.513567, 59.141071
42344.504, 300.210396, 58.867413
13049.498, 300.218319, 58.873136
9196.073, 300.423854, 59.060508
26113.388, 300.590840, 59.213469
2844.534, 300.602771, 59.222813
18946.484, 300.222687, 58.878601
11774.743, 300.268226, 58.920063
3147.527, 300.445748, 59.081714
17604.552, 300.595742, 59.219402
3138.191, 300.316194, 58.964791
37979.812, 300.393264, 59.039241
5961.074, 300.249374, 58.905200
11532.560, 300.380737, 59.026686
7551.215, 300.287482, 58.941622
34860.455, 300.338966, 58.991295
14113.433, 300.359445, 59.007889
1979.860, 300.408356, 59.051274
2341.806, 300.327875, 58.978813
20058.650, 300.299219, 58.955859
45106.716, 300.591541, 59.223640
4699.628, 300.194160, 58.859620
3924.232, 300.258093, 58.918419
82436.086, 300.290589, 58.952576
15350.491, 300.372447, 59.025338
3229.210, 300.483464, 59.123935
75619.972, 300.484998, 59.130929
3131.115, 300.248656, 58.910253
9103.845, 300.463119, 59.107348
8303.928, 300.216695, 58.883243
8649.078, 300.219216, 58.886316
19724.529, 300.225108, 58.892337
13919.470, 300.451688, 59.098880
12916.635, 300.274549, 58.937433
1988.707, 300.346319, 59.002185
7091.828, 300.208194, 58.876666
3200.353, 300.317869, 58.977454
5692.728, 300.525784, 59.166886
2846.211, 300.192018, 58.862171
2543.974, 300.367112, 59.022661
4842.083, 300.377488, 59.032621
1962.278, 300.220140, 58.889494
