# Source Fluxes and Coordinates
# Flux (e-/s), RA (deg), Dec (deg)
11070.094, 301.317924, 58.981848
41384.588, 301.217337, 58.894053
58508.612, 301.360473, 59.023360
19598.052, 301.023932, 58.720211
3798.597, 301.173715, 58.853379
2491.745, 301.078106, 58.769074
7508.424, 301.094043, 58.786118
6219.623, 301.155401, 58.839965
2532.923, 301.189677, 58.870455
14851.514, 301.207191, 58.887900
8642.872, 301.077318, 58.771495
23749.900, 301.373002, 59.037004
4154.309, 301.032701, 58.730506
65449.036, 301.046410, 58.749488
17383.435, 301.125039, 58.816682
6559.018, 301.136943, 58.825495
2085.246, 301.220726, 58.902114
27677.443, 301.260707, 58.940649
2533.018, 300.995793, 58.702078
35047.032, 301.087444, 58.789089
9568.329, 300.964926, 58.676219
24208.023, 300.986274, 58.698310
5461.945, 301.008194, 58.717784
2064.343, 301.015087, 58.723585
12053.169, 301.216653, 58.907175
5059.615, 301.093582, 58.796183
207459.055, 301.361527, 59.042094
11309.345, 301.100635, 58.803673
22200.485, 301.251847, 58.940494
7098.085, 301.243614, 58.934287
32629.518, 301.076913, 58.787762
18972.139, 301.111891, 58.818528
15452.616, 301.090554, 58.799817
10177.659, 301.350235, 59.031810
18306.558, 300.992584, 58.712663
63542.032, 300.970042, 58.696024
3261.978, 301.005252, 58.724156
84314.512, 301.110854, 58.824576
19654.422, 301.327821, 59.016132
5083.243, 301.160024, 58.864295
463149.330, 301.207016, 58.921040
15093.432, 301.276497, 58.971832
5369.889, 301.034323, 58.754372
8427.478, 301.204102, 58.907492
2541.013, 301.036084, 58.756827
2965.401, 301.093093, 58.809289
4957.034, 301.120619, 58.835128
7048.849, 301.023601, 58.748726
10051.890, 301.278968, 58.979086
10378.965, 301.087191, 58.807877
967502.925, 301.099985, 58.834432
24788.288, 301.292973, 58.993139
28140.536, 301.264143, 58.968869
67261.443, 301.242761, 58.953968
4150.469, 301.093338, 58.818702
2534.781, 301.001602, 58.738735
15008.558, 300.940676, 58.684866
111317.884, 300.991861, 58.736493
77302.677, 300.947646, 58.700960
20157.957, 300.958536, 58.706372
6611.655, 301.060755, 58.798377
42248.088, 301.236527, 58.960862
65209.727, 301.035991, 58.785990
74032.245, 301.315577, 59.031204
6169.226, 301.199561, 58.928167
12750.058, 301.064417, 58.808528
14781.486, 300.928819, 58.686477
5366.506, 301.010164, 58.760598
5423.610, 301.131158, 58.869736
6184.223, 300.934605, 58.695541
3673.934, 301.085423, 58.829927
15235.335, 301.142402, 58.883951
10718.630, 301.110358, 58.855437
14557.213, 301.114677, 58.859589
29260.812, 301.055122, 58.807635
4800.619, 301.329936, 59.052039
8202.984, 301.096338, 58.846631
13264.059, 301.116926, 58.865505
4135.078, 301.004153, 58.763615
46790.658, 301.148882, 58.899302
5368.688, 300.940974, 58.707583
3331.719, 300.989349, 58.751569
54570.106, 301.055932, 58.817492
11626.307, 300.959712, 58.728875
2530.392, 301.107053, 58.860661
11375.120, 301.278731, 59.014993
8613.362, 300.934134, 58.705722
4877.136, 300.970645, 58.738272
31348.774, 301.177695, 58.927089
2110.261, 301.010492, 58.776303
3322.242, 301.041874, 58.805363
2464.828, 301.293070, 59.030170
50334.356, 300.974603, 58.748939
2955.542, 301.000926, 58.770079
7474.754, 301.271656, 59.014164
17002.728, 301.084947, 58.848710
31273.001, 301.100400, 58.864121
66516.118, 301.293797, 59.039172
40360.269, 300.958329, 58.737440
6322.354, 301.122339, 58.884619
20058.941, 301.008835, 58.785839
12790.545, 300.951549, 58.733013
24802.110, 301.063085, 58.835677
46253.440, 301.181933, 58.947992
7456.284, 300.900436, 58.693533
3314.649, 300.924936, 58.714569
11349.366, 301.283686, 59.038742
12036.177, 301.206447, 58.970405
23413.732, 301.011440, 58.798206
18803.959, 301.112090, 58.888928
37152.337, 301.135153, 58.911654
17461.040, 300.981375, 58.773298
104802.668, 301.202021, 58.976431
6642.184, 301.237996, 59.005060
52717.321, 300.928926, 58.731190
59872.637, 301.167325, 58.949591
36470.764, 301.253171, 59.025495
36388.575, 301.209362, 58.986759
12561.500, 301.056546, 58.849543
16346.168, 301.136060, 58.921171
3828.672, 301.268909, 59.039193
2851.879, 300.913791, 58.721403
3783.316, 300.957406, 58.761316
198355.064, 300.903118, 58.723852
12824.596, 300.982800, 58.786235
68120.686, 301.170736, 58.958874
4157.899, 300.927717, 58.736171
7047.757, 300.945272, 58.753362
5450.293, 301.104234, 58.895696
12062.244, 301.121185, 58.911906
4158.120, 300.886202, 58.699342
56581.895, 301.012109, 58.820440
7012.390, 301.034566, 58.834460
27127.726, 301.065575, 58.864841
2070.239, 301.177696, 58.961656
24387.698, 300.890084, 58.709045
2103.500, 301.029973, 58.831530
50861.795, 301.152687, 58.947851
2101.809, 300.893559, 58.713233
18399.681, 300.941456, 58.759168
21798.387, 301.107765, 58.910109
25592.368, 301.088480, 58.894854
4944.120, 300.975044, 58.790664
4995.212, 300.908267, 58.731601
14280.482, 301.246603, 59.036524
3336.012, 301.274361, 59.061683
25748.884, 300.988238, 58.811437
6616.066, 300.996548, 58.814349
7423.356, 300.946045, 58.769978
3384.035, 300.891899, 58.721727
4956.261, 301.022554, 58.842391
4643.340, 301.264826, 59.058031
3770.037, 300.973430, 58.797211
123114.534, 300.869392, 58.712113
34526.895, 300.888229, 58.726114
15684.229, 300.944571, 58.775003
9955.739, 301.011554, 58.835366
54725.838, 301.109765, 58.926794
2037.680, 300.918270, 58.750301
35928.654, 301.045354, 58.872758
4229.367, 300.920551, 58.758146
2097.702, 301.028187, 58.855161
115692.543, 301.068626, 58.896746
35094.881, 300.941384, 58.780877
45464.953, 300.877497, 58.724498
57550.210, 300.904986, 58.752062
2083.763, 301.174950, 58.990032
2499.089, 300.965919, 58.802632
2896.309, 300.970535, 58.807345
79124.845, 300.895655, 58.745852
58326.166, 300.943084, 58.788381
7915.808, 301.060293, 58.890490
48708.390, 301.105139, 58.934285
7019.927, 301.192044, 59.009058
8336.001, 300.974491, 58.814498
27333.368, 301.112660, 58.940977
67104.047, 301.167112, 58.994491
3357.186, 300.866021, 58.719050
32164.847, 300.995017, 58.840131
8324.679, 300.946325, 58.796605
2894.032, 300.990489, 58.835087
15504.955, 300.882911, 58.740368
14166.732, 301.046848, 58.887735
2074.138, 300.962781, 58.812270
80297.279, 301.015589, 58.865056
32028.731, 301.074811, 58.917276
5739.379, 300.868681, 58.731409
2523.010, 301.088598, 58.929744
3741.276, 301.091039, 58.931806
13325.474, 300.950896, 58.807089
16213.792, 300.879067, 58.743381
2923.751, 300.982046, 58.835472
5428.673, 301.106394, 58.947602
13281.961, 301.122808, 58.963508
82619.555, 300.886088, 58.754962
4202.904, 300.986974, 58.840930
15221.517, 301.095128, 58.939832
147983.396, 301.137653, 58.982131
2891.303, 301.042976, 58.891887
2142.986, 301.032664, 58.883443
32951.929, 301.240044, 59.073168
7822.951, 300.843465, 58.713951
364165.801, 300.859475, 58.740908
49575.789, 300.969877, 58.834622
5832.362, 300.894734, 58.765070
131994.763, 301.026627, 58.890607
11500.405, 301.068483, 58.923399
20059.001, 301.188312, 59.032394
23044.273, 300.898702, 58.775511
2900.551, 300.869725, 58.747836
26552.764, 300.955701, 58.828006
58383.246, 301.000112, 58.871614
14064.220, 301.015000, 58.882145
5486.654, 300.880831, 58.760082
28999.633, 300.947638, 58.823960
25550.576, 301.061338, 58.926706
12233.235, 301.222044, 59.069275
16046.576, 300.845351, 58.731255
22371.064, 301.140874, 58.998512
5803.443, 300.889739, 58.772009
27456.194, 300.960218, 58.839578
14149.878, 301.097283, 58.960485
3300.806, 300.880104, 58.763842
4088.924, 300.930747, 58.810551
1230273.066, 300.812055, 58.724897
4137.717, 301.159408, 59.018533
10700.863, 301.199551, 59.056192
172128.620, 300.865677, 58.765568
5773.621, 300.929196, 58.814599
15800.260, 300.951832, 58.837455
4175.870, 300.861859, 58.754712
6144.248, 300.850645, 58.747731
7452.613, 300.863186, 58.758981
7046.895, 301.003624, 58.886767
58499.413, 301.202431, 59.068676
2879.242, 301.212389, 59.072922
14913.463, 300.851467, 58.753243
11948.622, 300.895536, 58.793155
25941.505, 301.066042, 58.947230
10361.556, 300.873006, 58.771803
2103.019, 300.924505, 58.818808
22200.663, 301.105701, 58.984272
140711.033, 301.022947, 58.914252
4174.348, 300.898309, 58.796215
37143.961, 301.096721, 58.980652
33585.847, 301.111697, 58.995126
4254.148, 301.177592, 59.054207
2490.558, 300.902640, 58.807707
2063.873, 300.832294, 58.744747
6213.221, 300.924511, 58.829266
40759.484, 301.047227, 58.943120
122264.077, 301.132026, 59.022118
2900.642, 301.187130, 59.065393
71213.515, 300.983318, 58.888999
32538.139, 300.818755, 58.740182
10763.058, 300.834927, 58.752826
19840.509, 300.962512, 58.867992
5866.555, 301.030430, 58.928771
86364.498, 300.913172, 58.830086
53198.133, 301.119824, 59.013098
18311.109, 300.987831, 58.895794
3379.962, 300.815078, 58.738228
4533.550, 300.861562, 58.780594
11616.435, 300.961520, 58.872628
10704.598, 300.900431, 58.818410
8162.507, 300.871248, 58.793036
2955.274, 300.838149, 58.763588
8247.222, 300.832898, 58.760205
90910.571, 300.935385, 58.858630
2496.388, 300.881294, 58.804679
9481.888, 300.803906, 58.736387
29917.042, 301.141893, 59.043494
601737.382, 300.819162, 58.765655
22018.636, 300.976118, 58.896742
31171.688, 301.100984, 59.008765
32359.467, 301.193165, 59.091792
5827.962, 301.025524, 58.939950
24738.729, 301.074437, 58.986431
14615.101, 301.175112, 59.076421
14026.359, 300.795275, 58.734490
23478.908, 300.801918, 58.741594
4914.735, 300.815426, 58.754753
11681.109, 301.063239, 58.978258
78120.368, 300.837727, 58.779542
5444.810, 301.067520, 58.982303
6207.680, 300.883113, 58.817095
2906.218, 300.985873, 58.908633
24449.476, 300.900638, 58.835858
13728.736, 300.800020, 58.745397
2096.599, 300.814721, 58.757969
11103.547, 300.780727, 58.730444
2516.969, 301.040258, 58.963859
34951.778, 301.138367, 59.054576
2086.162, 300.856782, 58.799774
8639.159, 300.847947, 58.793139
35765.933, 300.884569, 58.832309
60453.562, 300.925203, 58.868582
22251.036, 301.014476, 58.948360
6994.311, 300.821467, 58.773059
39827.991, 300.967275, 58.908397
10376.907, 300.987598, 58.924647
3783.682, 300.848119, 58.796779
3361.347, 300.860894, 58.810165
2072.272, 300.869318, 58.817390
41666.258, 301.058485, 58.992761
6193.981, 300.775592, 58.734110
3311.483, 300.841921, 58.793766
23724.434, 301.040498, 58.975142
37966.534, 301.117995, 59.045610
6220.037, 301.126902, 59.052017
6553.443, 300.841212, 58.796641
11964.014, 301.000348, 58.940541
44536.659, 301.160120, 59.087564
8335.301, 300.775213, 58.738190
5404.517, 300.816977, 58.776507
43051.599, 300.818224, 58.782461
2920.164, 300.866002, 58.821300
14816.395, 300.847899, 58.807450
2914.988, 300.900002, 58.854798
2019.295, 300.764483, 58.734172
21924.763, 300.875611, 58.837123
4985.004, 301.023017, 58.968315
10328.297, 300.796639, 58.765629
31004.553, 300.980142, 58.933810
31264.353, 301.145187, 59.081976
39058.561, 301.130733, 59.070447
45059.570, 300.800511, 58.774420
18551.144, 300.941236, 58.900252
2885.631, 300.971433, 58.924396
2510.150, 300.775077, 58.746611
2515.393, 301.007897, 58.958243
78613.288, 301.022572, 58.976207
25885.224, 301.090441, 59.035216
27301.259, 300.776536, 58.751669
45503.783, 300.877340, 58.844941
9231.406, 300.758295, 58.735069
14070.168, 300.837354, 58.807283
32179.761, 300.763248, 58.742495
11662.086, 300.784995, 58.762158
11900.572, 300.805840, 58.779917
48278.599, 300.823473, 58.798285
5020.904, 300.900062, 58.863925
7538.227, 301.066968, 59.015410
29579.803, 301.077094, 59.029051
18130.423, 301.110654, 59.058056
47004.627, 300.788569, 58.769597
7880.927, 300.818612, 58.794640
5016.874, 300.945011, 58.911023
29305.610, 300.974866, 58.940142
59099.533, 300.847493, 58.827319
7033.524, 300.922930, 58.892070
13173.623, 300.828957, 58.809166
12460.795, 300.874996, 58.850391
14099.968, 300.961427, 58.930606
12333.051, 300.778626, 58.767505
3727.533, 300.929831, 58.902660
4199.689, 300.884422, 58.863315
27896.380, 300.927634, 58.907052
82443.958, 301.019876, 58.991979
4983.616, 300.789762, 58.781520
2442.968, 300.805901, 58.795194
82242.895, 300.961027, 58.941676
22786.569, 301.002507, 58.975529
2096.123, 300.755708, 58.750228
6933.707, 300.887769, 58.872629
6668.492, 300.891983, 58.876604
7050.927, 300.793744, 58.788005
20227.173, 300.822531, 58.817529
62270.541, 300.773950, 58.776571
7868.895, 300.831466, 58.823888
86596.508, 300.857061, 58.853304
5398.516, 300.910824, 58.896457
39242.314, 301.093381, 59.064762
37802.179, 300.743387, 58.749440
4597.094, 300.848479, 58.840842
4589.416, 300.978016, 58.958302
9940.963, 300.762502, 58.764448
4986.756, 300.873108, 58.865497
2023.658, 300.786350, 58.786598
7814.505, 300.903806, 58.894565
44667.947, 301.112486, 59.087030
15809.582, 300.749709, 58.758231
5900.902, 300.865552, 58.862556
198149.146, 301.016856, 59.006836
2895.896, 300.765552, 58.772493
21148.401, 300.887237, 58.885926
8628.232, 300.781406, 58.790355
6562.367, 300.732317, 58.746963
35117.568, 300.746322, 58.762430
26061.188, 300.785627, 58.796269
7840.220, 300.796987, 58.806194
3304.341, 300.842470, 58.847169
2103.535, 300.820799, 58.827698
51023.868, 301.022746, 59.016794
8211.810, 300.849725, 58.857975
21940.650, 300.977897, 58.974824
9968.666, 300.733551, 58.752873
6164.266, 300.843608, 58.854045
6669.994, 300.887242, 58.893493
2486.391, 300.752755, 58.771258
48064.230, 300.803912, 58.822225
18414.643, 301.031065, 59.025500
48168.814, 300.734271, 58.760610
51940.205, 300.766063, 58.790017
31462.063, 300.721209, 58.747573
18574.269, 300.772946, 58.794223
12489.810, 300.793449, 58.812050
9124.869, 300.919795, 58.926899
4160.894, 300.903332, 58.911729
26998.019, 300.960817, 58.965832
13110.210, 300.840140, 58.856712
2083.503, 301.064193, 59.057033
70037.438, 300.744322, 58.775991
7560.803, 300.754973, 58.779452
39238.073, 301.092651, 59.089302
2454.588, 300.916367, 58.929280
12526.863, 300.777957, 58.805390
42926.171, 300.809202, 58.837044
276207.402, 300.899287, 58.922428
2493.339, 300.943921, 58.956123
185791.335, 300.709858, 58.752554
4525.792, 300.825380, 58.850642
41990.193, 301.035932, 59.043509
4105.402, 300.722900, 58.757441
81154.172, 300.774145, 58.810011
4112.923, 300.888641, 58.909345
26046.024, 300.751226, 58.788138
16479.922, 300.730672, 58.769610
7956.555, 300.842467, 58.870050
7090.067, 301.077501, 59.081260
37749.036, 300.958415, 58.979383
3704.525, 300.858747, 58.887869
106809.179, 300.714758, 58.765739
5436.592, 300.788315, 58.825692
2521.044, 300.791563, 58.828504
16517.987, 300.863038, 58.894834
12810.853, 300.822027, 58.859541
26955.810, 300.846008, 58.885661
49183.191, 300.743822, 58.792948
32441.792, 300.981228, 59.005525
9076.500, 300.762427, 58.806180
55879.030, 300.831830, 58.873846
10998.417, 301.063429, 59.079511
8670.399, 300.779335, 58.823077
9326.619, 301.104177, 59.116466
49472.788, 300.706250, 58.760241
39125.909, 300.872378, 58.911219
51529.243, 300.954244, 58.985631
13303.150, 301.032558, 59.053045
8283.528, 300.824481, 58.865932
33294.938, 300.879026, 58.918733
35705.656, 301.042375, 59.065535
20114.681, 300.768998, 58.818500
8692.942, 300.797418, 58.843852
11612.387, 300.837652, 58.880773
2071.859, 300.948450, 58.980929
2459.579, 300.745994, 58.801283
4605.395, 300.979621, 59.013699
7111.621, 300.820903, 58.871431
64009.500, 301.017625, 59.053332
4104.066, 300.810871, 58.863310
15609.529, 301.077952, 59.105522
42280.921, 301.053238, 59.086090
3776.544, 301.082504, 59.108954
3341.055, 300.781682, 58.837918
10502.763, 301.043058, 59.076499
3426.693, 301.051083, 59.082126
7864.727, 300.757188, 58.819112
3780.734, 300.804464, 58.861534
29072.708, 300.886729, 58.938804
13989.917, 300.711031, 58.778367
7574.621, 300.957095, 59.001799
35817.898, 300.763110, 58.829576
4588.007, 300.812392, 58.870459
7079.213, 300.701272, 58.770331
45710.051, 300.716541, 58.789047
7426.690, 300.806648, 58.866609
2519.171, 301.060714, 59.095894
3796.986, 300.703763, 58.774229
9509.222, 300.757678, 58.825194
61806.923, 300.830005, 58.895962
4100.312, 300.862285, 58.921749
17737.573, 300.841875, 58.905037
4536.849, 300.794569, 58.861830
52082.473, 300.926314, 58.985057
7846.279, 300.956326, 59.008698
12385.516, 300.855582, 58.918986
25109.956, 301.047837, 59.093238
8246.711, 300.696963, 58.775508
4995.921, 300.700284, 58.777159
49859.775, 300.946178, 59.005331
19444.292, 300.739947, 58.815416
5848.045, 300.820625, 58.888817
6227.656, 300.728307, 58.806648
2059.766, 300.769666, 58.844930
71122.571, 300.845403, 58.918066
2489.511, 300.789026, 58.863657
14812.317, 300.885452, 58.956710
8019.239, 300.969926, 59.033598
44276.592, 300.914178, 58.987283
2051.587, 300.676476, 58.768268
18595.020, 300.686657, 58.779524
5001.617, 301.018971, 59.080612
12487.497, 301.050911, 59.110082
2471.439, 300.924521, 58.995900
27520.416, 300.958671, 59.030192
17363.967, 300.665671, 58.763929
9491.137, 300.794174, 58.881528
13980.283, 300.760118, 58.851404
4171.588, 300.872845, 58.952377
29163.598, 300.766138, 58.859519
6703.537, 300.682855, 58.782485
5398.431, 300.775403, 58.866288
2903.092, 300.819696, 58.906320
9535.932, 300.689373, 58.789978
2136.348, 301.022946, 59.090283
20117.635, 301.035949, 59.104348
77658.870, 300.719100, 58.822163
4080.545, 300.800233, 58.890634
5366.962, 300.745678, 58.842784
6700.121, 301.043259, 59.112421
47552.045, 300.867571, 58.957750
15889.219, 301.026006, 59.097835
4927.548, 301.039084, 59.109251
53775.017, 300.770789, 58.876875
9102.017, 300.765998, 58.864404
312750.425, 300.955514, 59.045022
96873.783, 300.993131, 59.075745
5372.056, 300.771036, 58.870143
2106.298, 300.816898, 58.911743
7626.576, 300.938984, 59.024362
21383.528, 300.691882, 58.802237
2953.518, 300.788273, 58.887887
2553.254, 300.663995, 58.775228
21841.156, 300.751743, 58.858956
5802.908, 300.779319, 58.880646
4160.977, 300.792081, 58.892068
4456.895, 300.831760, 58.928159
62830.361, 300.872582, 58.970183
3806.057, 300.926618, 59.014409
5380.780, 300.683409, 58.794156
30994.283, 300.726668, 58.836731
6219.157, 300.742835, 58.848252
2463.003, 300.805646, 58.905234
6116.899, 300.655681, 58.770489
4136.972, 300.696991, 58.807086
45001.923, 300.707880, 58.820804
3350.846, 301.015680, 59.095546
21553.509, 300.939758, 59.031176
6279.170, 300.732844, 58.842686
43845.712, 300.884372, 58.986038
3676.046, 300.755658, 58.865947
8760.604, 301.031085, 59.115265
4979.369, 300.699853, 58.815911
17410.285, 300.862104, 58.966053
29015.299, 300.891309, 58.992371
38934.902, 300.896437, 58.997337
82100.421, 300.659425, 58.784862
59710.432, 300.774626, 58.890288
10367.562, 300.715220, 58.835569
198194.883, 300.750861, 58.872745
4561.537, 300.873436, 58.977280
56537.323, 300.664113, 58.793448
6288.578, 300.688086, 58.809521
9920.927, 300.787722, 58.901067
4157.804, 300.745543, 58.863187
7817.844, 300.641466, 58.770216
6205.591, 300.645203, 58.773714
8669.674, 300.735444, 58.855860
2102.131, 300.780298, 58.895998
51611.551, 300.674553, 58.804018
5344.706, 300.700283, 58.825154
18315.619, 300.907369, 59.015085
3324.740, 300.898247, 59.007007
23402.068, 300.973138, 59.077018
12469.703, 300.736294, 58.862752
20877.894, 300.829257, 58.948202
91208.265, 300.625239, 58.777008
2059.196, 300.711141, 58.838885
30425.248, 300.863558, 58.981682
13191.129, 300.697555, 58.829762
5383.864, 300.820154, 58.939947
51993.055, 300.646431, 58.786005
10015.387, 300.803837, 58.927204
2063.145, 300.665680, 58.801230
3721.900, 300.732865, 58.865097
8625.534, 300.718538, 58.852804
138031.327, 300.750581, 58.890900
36810.462, 300.880196, 59.002055
32904.917, 300.964306, 59.077958
14977.778, 300.704281, 58.841496
3323.687, 300.721598, 58.855256
3318.815, 300.794305, 58.922885
43202.842, 300.662541, 58.807389
13882.445, 300.817568, 58.946136
10672.219, 300.710457, 58.849047
10647.881, 300.680474, 58.822889
56562.316, 300.937108, 59.058220
22267.214, 301.019156, 59.130221
3299.448, 300.731983, 58.868937
18885.405, 300.713097, 58.855472
34680.959, 300.644332, 58.793509
11597.436, 300.793013, 58.927243
165634.497, 300.813652, 58.954411
7042.165, 300.726290, 58.867186
15061.131, 300.992122, 59.108932
35219.793, 300.766297, 58.908681
80500.040, 300.828165, 58.965271
100757.582, 300.674038, 58.830306
29234.317, 300.885897, 59.017065
15312.818, 300.635796, 58.790055
2149.879, 300.856326, 58.988472
39685.090, 300.925054, 59.054825
2511.422, 300.737792, 58.881809
9873.274, 300.780038, 58.921927
12776.900, 300.726593, 58.876926
5020.392, 300.687013, 58.840692
8063.830, 301.007436, 59.131052
2023.555, 300.683703, 58.838141
5361.231, 300.737122, 58.887853
60750.016, 300.837842, 58.982814
10367.758, 300.667086, 58.825605
4953.619, 300.779293, 58.927430
8262.971, 300.632652, 58.794696
8346.420, 300.692393, 58.849304
45666.097, 300.923022, 59.060972
3775.426, 300.902368, 59.040625
17314.776, 300.626296, 58.792273
4088.855, 300.617235, 58.783437
41897.837, 300.736522, 58.896454
3308.341, 300.611725, 58.779759
4555.543, 300.868085, 59.013432
2474.463, 300.870916, 59.015470
53988.741, 300.683431, 58.851348
192559.895, 300.850134, 59.004648
12056.280, 300.648687, 58.816148
75454.651, 300.726451, 58.891631
8276.689, 300.744193, 58.904822
3330.768, 300.719575, 58.881835
20855.804, 300.838324, 58.992520
114938.529, 300.635403, 58.812454
2436.459, 300.649697, 58.819512
11569.243, 300.670102, 58.839496
9896.804, 300.713164, 58.878532
2857.571, 300.676570, 58.845023
30937.509, 300.789094, 58.952728
4214.819, 300.700945, 58.869294
10432.066, 300.777149, 58.939488
10629.258, 300.656105, 58.833388
6587.836, 300.734784, 58.904972
2934.869, 300.644519, 58.822146
15256.080, 300.670095, 58.847401
4607.831, 300.799459, 58.964074
49535.681, 300.607224, 58.793510
16647.451, 300.649257, 58.829927
2049.730, 300.663480, 58.840727
6212.510, 300.736525, 58.907533
2928.977, 300.755958, 58.925704
2952.018, 300.605543, 58.788962
2532.302, 300.815908, 58.982227
4177.094, 300.613295, 58.798674
12032.029, 300.619969, 58.806064
3310.314, 300.649033, 58.833368
2876.605, 300.697652, 58.877669
5816.800, 300.715962, 58.895270
3328.088, 300.771499, 58.945526
40055.777, 300.780563, 58.956826
4186.138, 300.806852, 58.978047
8226.931, 300.665487, 58.850875
3311.123, 300.680695, 58.867062
5881.755, 300.917252, 59.081503
12867.462, 300.823534, 58.999398
4254.731, 300.883959, 59.052725
15244.050, 300.623614, 58.819941
2921.903, 300.659104, 58.848976
12938.869, 300.618313, 58.813679
29922.033, 300.826527, 59.005006
8363.128, 300.726208, 58.912888
12450.150, 300.862472, 59.037282
20599.051, 300.942108, 59.108872
2860.941, 300.606640, 58.803716
24890.706, 300.715426, 58.906145
4977.143, 300.842126, 59.019476
102692.635, 300.981861, 59.152289
34840.952, 300.744600, 58.934231
72730.607, 300.889001, 59.070401
15156.257, 300.909432, 59.082913
25478.570, 300.682142, 58.878006
53182.930, 300.794764, 58.987167
67841.340, 300.802189, 58.993542
2903.835, 300.837718, 59.020749
3282.974, 300.635728, 58.838509
2036.522, 300.719250, 58.915227
6544.673, 300.595838, 58.803690
53921.592, 300.829711, 59.020627
8650.929, 300.581665, 58.792038
4117.551, 300.618340, 58.825016
3666.792, 300.686620, 58.887658
34498.057, 300.641772, 58.850622
43618.168, 300.731216, 58.934330
2100.339, 300.638497, 58.845742
39169.711, 300.764411, 58.965756
19043.301, 300.774428, 58.974607
10698.206, 300.578032, 58.795327
8236.323, 300.587080, 58.803786
21064.481, 300.648506, 58.863261
4545.365, 300.716926, 58.922740
2041.007, 300.583027, 58.800506
23567.884, 300.639882, 58.855189
12739.979, 300.615743, 58.833988
51861.989, 300.667361, 58.882394
2069.941, 300.683353, 58.895164
62972.758, 300.741741, 58.956738
2502.078, 300.956059, 59.142206
2916.616, 300.641567, 58.859352
32529.201, 300.649931, 58.870341
30588.001, 300.600431, 58.825117
12046.562, 300.815669, 59.019783
27262.742, 300.655349, 58.876151
9016.534, 300.671010, 58.889050
21716.223, 300.790781, 58.998697
45949.833, 300.880993, 59.084248
7042.831, 300.621073, 58.845919
108300.160, 300.672573, 58.901760
8273.690, 300.590455, 58.819662
5001.462, 300.733593, 58.949883
41851.423, 300.817412, 59.029561
38211.780, 300.960065, 59.160549
12004.938, 300.714627, 58.936135
34497.476, 300.824324, 59.036967
28267.391, 300.775905, 58.995533
3312.354, 300.793994, 59.009164
4980.609, 300.782547, 59.000291
10089.966, 300.921487, 59.125782
13722.177, 300.756370, 58.978152
4520.054, 300.796896, 59.013806
159430.922, 300.652802, 58.892043
12849.589, 300.582258, 58.821386
28381.120, 300.895652, 59.106867
9106.913, 300.643005, 58.879395
45924.306, 300.683707, 58.918626
5372.517, 300.589275, 58.829863
11914.284, 300.661262, 58.896647
3340.440, 300.738759, 58.965552
2666.778, 300.640375, 58.876456
3742.957, 300.709602, 58.939887
6601.325, 300.729007, 58.959808
53802.775, 300.737676, 58.970862
7378.136, 300.883146, 59.100667
2048.426, 300.559172, 58.804808
4105.202, 300.626888, 58.867473
148843.886, 300.905064, 59.126504
29202.737, 300.572275, 58.821410
3261.584, 300.583123, 58.829916
5362.215, 300.747794, 58.979440
22117.960, 300.948619, 59.163528
3321.144, 300.706033, 58.942215
3326.838, 300.927139, 59.142417
19141.030, 300.850690, 59.076702
4145.064, 300.590970, 58.839217
13741.896, 300.597916, 58.847109
48384.118, 300.881534, 59.106617
5773.340, 300.889193, 59.110778
41092.500, 300.615628, 58.867139
2096.686, 300.687635, 58.927911
11590.984, 300.628328, 58.877160
4954.897, 300.633933, 58.881157
10457.559, 300.792995, 59.026619
122154.969, 300.599799, 58.860153
4516.023, 300.622305, 58.872447
385724.540, 300.627578, 58.885997
19386.233, 300.544896, 58.803959
2932.247, 300.693836, 58.938271
12931.034, 300.885089, 59.113283
28339.124, 300.717094, 58.962995
6573.462, 300.765882, 59.005609
15686.814, 300.583627, 58.841897
5103.850, 300.927236, 59.151375
4101.424, 300.702480, 58.948849
11278.236, 300.538576, 58.801173
3331.773, 300.674877, 58.925104
33245.845, 300.802106, 59.044437
5764.845, 300.668120, 58.921165
10337.179, 300.704289, 58.956691
3712.187, 300.571735, 58.833898
7935.272, 300.926488, 59.156465
2866.665, 300.617774, 58.877289
80618.638, 300.848907, 59.092144
2886.753, 300.637847, 58.896243
10284.128, 300.643655, 58.903482
88763.256, 300.665027, 58.926661
6561.683, 300.679626, 58.935188
2947.965, 300.804268, 59.049731
5903.948, 300.845112, 59.086828
19262.341, 300.528894, 58.803461
12729.708, 300.705572, 58.963647
10314.533, 300.612522, 58.880730
7443.269, 300.558693, 58.832037
17799.155, 300.586847, 58.859659
3349.801, 300.670309, 58.934982
16204.510, 300.801708, 59.054973
7322.928, 300.890435, 59.135333
6286.092, 300.634907, 58.904321
14417.268, 300.677433, 58.944958
4581.875, 300.623392, 58.894258
2546.136, 300.909549, 59.153825
6637.296, 300.617054, 58.889989
2488.331, 300.618468, 58.892438
15096.435, 300.841943, 59.097776
25803.148, 300.565748, 58.849144
31783.945, 300.783385, 59.047140
25844.006, 300.809874, 59.071847
2475.578, 300.576358, 58.856698
26177.584, 300.615890, 58.896920
6287.921, 300.523536, 58.809932
30592.403, 300.621605, 58.902101
7417.454, 300.703772, 58.975436
5406.107, 300.638554, 58.916555
63582.870, 300.892882, 59.151521
11981.589, 300.643001, 58.924861
53432.284, 300.660970, 58.942623
5382.894, 300.637006, 58.919330
32385.999, 300.741469, 59.018117
55913.757, 300.789773, 59.063208
18343.669, 300.872026, 59.134592
29511.193, 300.541322, 58.837149
4136.388, 300.523491, 58.819175
27638.463, 300.664079, 58.949595
2510.482, 300.579146, 58.870664
18968.208, 300.631113, 58.920118
9039.053, 300.550681, 58.849574
104519.131, 300.579213, 58.881226
2873.757, 300.619745, 58.911682
6164.743, 300.667390, 58.956086
10133.723, 300.675550, 58.964082
20977.598, 300.827916, 59.104003
11241.585, 300.540255, 58.841028
23358.574, 300.812506, 59.090852
39005.627, 300.656693, 58.954412
44959.732, 300.743988, 59.036113
2891.055, 300.557295, 58.860449
31833.308, 300.777540, 59.063969
2520.400, 300.549679, 58.854375
2476.831, 300.634427, 58.933193
5393.489, 300.692615, 58.986457
6235.286, 300.696657, 58.990655
26472.003, 300.539707, 58.849442
2911.863, 300.604113, 58.907175
19231.808, 300.504483, 58.817849
18722.925, 300.613803, 58.917892
5801.721, 300.716042, 59.010514
2914.521, 300.510234, 58.823277
2506.903, 300.532055, 58.843136
6599.911, 300.673783, 58.973787
16968.971, 300.897401, 59.177829
27826.405, 300.635497, 58.941832
288261.865, 300.702872, 59.009856
6234.830, 300.836102, 59.123259
18770.277, 300.639411, 58.947003
3327.068, 300.779650, 59.073898
12626.842, 300.883265, 59.168395
17429.557, 300.771945, 59.068400
3333.772, 300.862687, 59.149464
12865.964, 300.545259, 58.863631
4073.588, 300.616254, 58.926173
9055.205, 300.625383, 58.936519
14199.476, 300.717314, 59.022289
7944.621, 300.684194, 58.991834
28035.618, 300.711085, 59.017163
7461.316, 300.889336, 59.177049
10080.318, 300.846011, 59.139861
11161.081, 300.823538, 59.120355
19754.821, 300.515473, 58.843143
5356.239, 300.649681, 58.964316
48237.965, 300.558683, 58.885472
15791.633, 300.661326, 58.977111
8352.359, 300.759749, 59.066368
30724.068, 300.542361, 58.869654
17869.323, 300.583321, 58.906811
50577.198, 300.613323, 58.936375
9466.384, 300.639552, 58.957926
11524.264, 300.652326, 58.968912
7085.296, 300.594102, 58.916609
13324.703, 300.500468, 58.832543
44536.380, 300.740223, 59.054908
2043.357, 300.802739, 59.106808
23155.071, 300.828044, 59.131995
62918.542, 300.489087, 58.826448
15429.163, 300.659786, 58.981140
5415.836, 300.596918, 58.923634
5805.611, 300.656360, 58.978111
2860.298, 300.691677, 59.009950
44626.864, 300.718146, 59.038876
8816.010, 300.724807, 59.042329
40952.383, 300.765360, 59.081763
10016.069, 300.514120, 58.851092
43749.249, 300.623365, 58.953565
32380.977, 300.813237, 59.124930
41032.804, 300.637607, 58.968120
7027.810, 300.747291, 59.064842
36210.086, 300.498142, 58.840593
8833.149, 300.556415, 58.894703
16553.962, 300.845639, 59.158048
6991.947, 300.519508, 58.861338
57341.201, 300.864977, 59.179150
16543.425, 300.484331, 58.831400
4937.233, 300.608807, 58.945284
8769.089, 300.834885, 59.150568
5360.824, 300.473410, 58.823737
3332.842, 300.542771, 58.885562
6133.227, 300.534772, 58.881227
20451.530, 300.810522, 59.135122
80947.671, 300.465192, 58.829818
68756.549, 300.706475, 59.046979
4239.748, 300.603519, 58.949207
41138.016, 300.639204, 58.984483
3781.845, 300.664705, 59.004855
44428.630, 300.734307, 59.074426
2463.194, 300.523573, 58.878827
17649.366, 300.494278, 58.854860
17316.765, 300.538074, 58.894483
2456.229, 300.573255, 58.925331
3380.771, 300.768274, 59.102863
15289.152, 300.508818, 58.869427
29893.549, 300.654835, 59.003730
46021.584, 300.669738, 59.021292
2477.044, 300.621034, 58.971396
7804.388, 300.753389, 59.093624
2072.569, 300.480734, 58.844351
19377.291, 300.483366, 58.848609
3730.107, 300.525079, 58.887125
10738.726, 300.710450, 59.057735
31972.007, 300.837956, 59.180371
31873.374, 300.689211, 59.042645
5390.045, 300.735395, 59.082260
97551.767, 300.767416, 59.115428
19084.104, 300.585094, 58.947978
4148.181, 300.699948, 59.050523
15784.947, 300.715266, 59.064743
11669.640, 300.570611, 58.934245
7505.809, 300.455455, 58.828636
36022.499, 300.527977, 58.898140
13025.449, 300.654661, 59.012609
17280.494, 300.541231, 58.910950
11251.056, 300.548220, 58.917162
22807.942, 300.793855, 59.144232
5014.182, 300.515816, 58.890064
4598.174, 300.560910, 58.930892
2540.816, 300.653275, 59.016114
4953.981, 300.673963, 59.035275
28398.831, 300.551110, 58.929246
12849.756, 300.711067, 59.071129
12076.090, 300.836314, 59.184764
43652.728, 300.734900, 59.094973
67165.842, 300.478897, 58.866858
2510.210, 300.646897, 59.013276
4976.619, 300.751323, 59.108494
44654.013, 300.776332, 59.133566
83455.197, 300.817470, 59.174766
3709.178, 300.506858, 58.886228
7583.058, 300.841308, 59.190113
50019.607, 300.750731, 59.113357
45041.977, 300.790243, 59.149477
19130.490, 300.592553, 58.969481
29454.692, 300.465674, 58.855765
34577.280, 300.571464, 58.953219
2922.382, 300.579275, 58.956943
37628.663, 300.606167, 58.985525
6631.108, 300.697329, 59.066289
6213.516, 300.579935, 58.960488
83735.521, 300.631649, 59.013438
3282.295, 300.470122, 58.859743
10681.712, 300.509010, 58.896630
6308.804, 300.543633, 58.927445
32113.239, 300.563975, 58.949502
2048.823, 300.791253, 59.152826
47997.305, 300.488406, 58.884818
5093.674, 300.621379, 59.000568
2555.057, 300.767652, 59.134065
7819.573, 300.615144, 58.998750
3363.715, 300.449879, 58.847577
5001.199, 300.483753, 58.879050
10006.470, 300.581003, 58.969256
22004.357, 300.497066, 58.893550
29764.917, 300.711556, 59.091028
2975.344, 300.460440, 58.859082
21833.240, 300.539904, 58.935504
17828.119, 300.666944, 59.050600
26640.209, 300.451221, 58.856774
38436.748, 300.446159, 58.852625
37962.189, 300.617035, 59.008276
70486.869, 300.722579, 59.106934
7521.277, 300.568835, 58.963278
31069.028, 300.812104, 59.185313
4984.963, 300.468539, 58.870792
70454.609, 300.642964, 59.034792
4963.340, 300.477137, 58.880812
2490.389, 300.605332, 58.997356
11976.973, 300.454513, 58.861387
4552.310, 300.503558, 58.905790
75092.103, 300.521180, 58.927834
7446.864, 300.739420, 59.121721
6756.562, 300.745375, 59.128359
6710.995, 300.803967, 59.181224
2114.634, 300.623115, 59.017881
128584.538, 300.458322, 58.875639
4602.288, 300.574279, 58.974579
11999.860, 300.576989, 58.978023
361216.209, 300.579758, 58.990990
3277.834, 300.685357, 59.076515
3734.254, 300.752161, 59.138999
26636.539, 300.764158, 59.153272
38326.421, 300.642536, 59.044987
33061.482, 300.695073, 59.092309
6710.163, 300.783821, 59.172167
30644.616, 300.799820, 59.189231
5800.817, 300.420830, 58.841723
23603.296, 300.649173, 59.052220
29063.716, 300.477380, 58.897077
10298.283, 300.464421, 58.885280
7056.332, 300.518521, 58.935819
2547.671, 300.606363, 59.015746
10776.230, 300.421566, 58.848733
15901.175, 300.543649, 58.961034
7504.589, 300.738749, 59.137583
37010.692, 300.445659, 58.874133
17915.670, 300.726232, 59.129990
5729.959, 300.430402, 58.858174
3322.255, 300.510141, 58.930924
8674.258, 300.627806, 59.040267
10759.889, 300.407705, 58.839915
26801.775, 300.697761, 59.107739
53466.601, 300.736957, 59.144425
6657.208, 300.489920, 58.917135
63673.092, 300.681383, 59.097501
55489.549, 300.577976, 59.001019
4130.121, 300.713149, 59.120856
7125.981, 300.801352, 59.200940
5421.021, 300.459016, 58.890159
7034.208, 300.656130, 59.071258
5808.542, 300.780544, 59.182835
7935.690, 300.595500, 59.016415
4510.422, 300.406740, 58.843965
6555.220, 300.554300, 58.980841
3722.153, 300.570363, 58.995647
2086.898, 300.432378, 58.869932
6998.619, 300.438505, 58.876958
2492.670, 300.446747, 58.885105
11650.014, 300.453926, 58.893744
2125.351, 300.500486, 58.935566
13521.738, 300.506601, 58.944469
14836.885, 300.647272, 59.070998
3709.484, 300.425838, 58.868257
10432.021, 300.465430, 58.904881
10310.939, 300.715639, 59.135959
6302.992, 300.446097, 58.888787
2918.468, 300.482423, 58.921457
3773.368, 300.540581, 58.975556
7916.923, 300.403596, 58.851430
6138.178, 300.518987, 58.957214
80850.101, 300.596178, 59.031273
34445.704, 300.627627, 59.058144
93973.698, 300.391624, 58.850294
6227.352, 300.667241, 59.093102
13750.838, 300.730328, 59.151981
12389.571, 300.417238, 58.865947
89991.135, 300.562725, 59.002857
21946.824, 300.726741, 59.149263
12359.788, 300.430954, 58.879937
4986.317, 300.531310, 58.970830
18340.065, 300.708775, 59.133894
8715.711, 300.495709, 58.939191
30197.291, 300.614862, 59.050701
2476.925, 300.390089, 58.842799
7162.257, 300.435907, 58.886982
2490.864, 300.674405, 59.104544
5383.446, 300.453134, 58.904326
3740.641, 300.460786, 58.911264
10726.950, 300.508005, 58.954991
2444.438, 300.422365, 58.876538
31142.890, 300.744447, 59.173436
57134.979, 300.524356, 58.975569
2528.178, 300.426475, 58.882174
28712.329, 300.652378, 59.090826
8744.804, 300.420659, 58.880584
40270.648, 300.479054, 58.934897
12636.207, 300.712667, 59.146535
14012.682, 300.404514, 58.867162
10736.543, 300.410889, 58.871762
116932.777, 300.418013, 58.888913
4626.159, 300.536363, 58.987169
2493.417, 300.558937, 59.007901
3311.153, 300.463250, 58.921172
18303.575, 300.492213, 58.950785
8675.922, 300.776710, 59.207919
30981.873, 300.453500, 58.918530
19672.911, 300.731929, 59.169240
14181.289, 300.616195, 59.066362
33330.115, 300.672621, 59.119236
19790.784, 300.383920, 58.857506
7549.617, 300.650922, 59.098700
45002.591, 300.709840, 59.155419
5776.991, 300.476414, 58.940978
37366.505, 300.516861, 58.980069
17963.883, 300.483202, 58.948851
2016.805, 300.401993, 58.873035
2960.703, 300.501965, 58.966049
19397.993, 300.606839, 59.064159
39289.513, 300.457471, 58.932522
4119.675, 300.568575, 59.027836
3701.765, 300.378690, 58.854550
32409.820, 300.399305, 58.876939
2542.417, 300.411043, 58.884496
21844.883, 300.367398, 58.851841
5777.565, 300.389166, 58.867738
5952.186, 300.527353, 58.994479
5415.041, 300.547555, 59.013769
2867.093, 300.734878, 59.182933
16650.337, 300.662934, 59.120218
21765.078, 300.683655, 59.139424
5468.762, 300.597897, 59.060862
235745.652, 300.431331, 58.919970
58063.805, 300.641874, 59.105990
12020.837, 300.426329, 58.908537
29650.590, 300.697998, 59.158412
20090.567, 300.378641, 58.865551
14135.397, 300.502142, 58.979119
5353.588, 300.597114, 59.065791
22783.854, 300.717104, 59.176828
2543.703, 300.448282, 58.928966
55607.252, 300.361747, 58.858346
3306.495, 300.468056, 58.949029
25093.788, 300.369898, 58.861550
22863.271, 300.441537, 58.925942
13305.584, 300.418289, 58.905983
3776.519, 300.589959, 59.062971
38836.362, 300.474253, 58.960188
7042.317, 300.520283, 59.001729
7913.805, 300.453080, 58.940845
20892.120, 300.439074, 58.929575
32931.591, 300.600178, 59.079451
7074.262, 300.559064, 59.039652
2901.692, 300.465460, 58.954507
4666.663, 300.408384, 58.903408
25422.542, 300.625937, 59.104350
28038.635, 300.400197, 58.898944
2543.844, 300.537671, 59.022732
2061.692, 300.614086, 59.092669
8641.562, 300.416528, 58.913848
5732.270, 300.549595, 59.036472
3775.672, 300.459960, 58.954707
4554.174, 300.350511, 58.854986
13248.408, 300.473744, 58.969551
32944.409, 300.490550, 58.986699
5347.267, 300.373729, 58.876740
40426.799, 300.677898, 59.158322
111411.121, 300.628152, 59.119283
6227.172, 300.646595, 59.127955
67566.843, 300.524810, 59.022118
7256.288, 300.748451, 59.221226
9861.243, 300.503255, 58.999989
104192.231, 300.347112, 58.862233
7094.250, 300.366666, 58.875174
3395.912, 300.445433, 58.946829
15416.807, 300.457802, 58.959615
10168.028, 300.732111, 59.208146
83046.818, 300.385440, 58.897302
4663.493, 300.696771, 59.176601
117632.753, 300.509838, 59.011966
22696.825, 300.368122, 58.881056
3713.899, 300.492726, 58.992034
78115.716, 300.398151, 58.912210
20272.338, 300.465201, 58.970982
28358.557, 300.484761, 58.990255
2991.067, 300.724851, 59.206538
3372.757, 300.409353, 58.919282
4118.982, 300.361224, 58.876221
6170.890, 300.415004, 58.925844
64001.719, 300.541014, 59.045011
33086.582, 300.553387, 59.056272
5022.278, 300.430683, 58.941292
10485.191, 300.524963, 59.030277
2489.851, 300.601722, 59.099196
7057.586, 300.369301, 58.890070
61859.463, 300.346802, 58.874194
2878.792, 300.667888, 59.163037
2026.427, 300.702808, 59.194098
2578.890, 300.344170, 58.867441
8275.658, 300.571849, 59.076823
7456.933, 300.577002, 59.081468
8092.541, 300.693613, 59.187924
17625.238, 300.661030, 59.160054
42724.442, 300.669900, 59.170855
23615.611, 300.724624, 59.218217
20170.896, 300.379176, 58.904747
3727.129, 300.709710, 59.204122
20799.792, 300.372743, 58.899740
4567.231, 300.340981, 58.868300
2515.923, 300.523095, 59.034974
5038.084, 300.714686, 59.209644
4571.503, 300.359674, 58.886560
29178.528, 300.414093, 58.939553
7937.619, 300.579438, 59.088474
12830.102, 300.676984, 59.177195
8646.035, 300.329208, 58.860789
2897.281, 300.548982, 59.061432
4186.567, 300.392623, 58.919118
10778.181, 300.402145, 58.929255
7140.452, 300.712308, 59.212308
9131.010, 300.359560, 58.892088
34981.833, 300.503543, 59.025865
25189.082, 300.587844, 59.102184
15731.530, 300.655383, 59.162397
3727.998, 300.352548, 58.884452
36535.380, 300.580331, 59.096687
9612.733, 300.421266, 58.949522
9954.682, 300.328522, 58.864818
8759.613, 300.378582, 58.910746
28680.297, 300.414167, 58.944826
64776.034, 300.357988, 58.898519
17825.970, 300.459326, 58.988460
2907.063, 300.618744, 59.133066
72001.229, 300.322488, 58.869426
9152.604, 300.333165, 58.871951
7406.654, 300.369498, 58.906050
17597.338, 300.679738, 59.190789
9552.938, 300.341738, 58.881229
4584.233, 300.572131, 59.092852
8783.099, 300.607054, 59.124126
19151.733, 300.382599, 58.921186
3790.806, 300.408506, 58.943028
3301.834, 300.705461, 59.213913
26191.139, 300.347426, 58.891274
3411.898, 300.471751, 59.002245
2112.187, 300.345734, 58.886927
15001.593, 300.634850, 59.153218
11171.855, 300.489354, 59.024029
27435.699, 300.575278, 59.102310
8334.017, 300.643507, 59.164152
77761.873, 300.323670, 58.882765
5363.291, 300.533157, 59.063402
2899.632, 300.651891, 59.171704
2109.093, 300.466338, 59.002467
25899.918, 300.500566, 59.036645
5368.112, 300.616887, 59.141400
6941.627, 300.370202, 58.917186
3292.367, 300.461725, 59.000914
13723.227, 300.437108, 58.980530
2440.418, 300.411232, 58.955188
17410.089, 300.310945, 58.866941
2873.603, 300.372570, 58.920876
6178.332, 300.463503, 59.005229
28730.842, 300.633097, 59.161633
16550.795, 300.528030, 59.066303
6311.533, 300.563096, 59.097137
24833.493, 300.442364, 58.989834
21650.168, 300.566127, 59.103268
44245.122, 300.611740, 59.145708
5358.234, 300.576490, 59.111386
419228.575, 300.305894, 58.875094
2086.602, 300.376981, 58.929703
21267.903, 300.600419, 59.136924
13299.220, 300.527386, 59.070251
53307.940, 300.536510, 59.083925
20060.704, 300.665105, 59.196174
10025.011, 300.675986, 59.204692
10253.468, 300.417802, 58.969509
50163.672, 300.429122, 58.984420
3741.245, 300.518705, 59.062133
2058.713, 300.470861, 59.018993
4594.596, 300.582420, 59.121983
2081.838, 300.330272, 58.891412
19881.260, 300.476138, 59.028623
13682.150, 300.498045, 59.047441
9855.373, 300.321363, 58.886826
7082.726, 300.463969, 59.016799
2037.384, 300.518996, 59.065916
7573.623, 300.582312, 59.125032
6946.723, 300.335002, 58.898685
3780.382, 300.421606, 58.977988
72551.164, 300.661885, 59.202573
48708.817, 300.343438, 58.910293
31278.353, 300.356239, 58.925936
13355.098, 300.510442, 59.062385
63210.917, 300.559348, 59.109611
3340.026, 300.649811, 59.187920
22099.439, 300.613218, 59.157551
5921.242, 300.554656, 59.103439
73558.599, 300.364552, 58.937565
19813.227, 300.432296, 58.994950
2529.841, 300.696048, 59.232615
36952.748, 300.327222, 58.898660
14831.793, 300.409134, 58.974162
16152.426, 300.386316, 58.952874
111333.486, 300.534776, 59.095201
2481.132, 300.443067, 59.004812
3769.864, 300.424218, 58.989345
5368.212, 300.531939, 59.089334
8280.394, 300.373004, 58.945134
5819.562, 300.388703, 58.959853
23105.664, 300.396779, 58.968921
6226.106, 300.499363, 59.061417
5906.024, 300.357706, 58.932079
24827.512, 300.451953, 59.020350
10467.185, 300.634521, 59.185724
30209.983, 300.609718, 59.165879
13797.704, 300.475572, 59.043296
11269.955, 300.427524, 58.999809
189306.214, 300.319415, 58.908874
17732.884, 300.335665, 58.917072
6618.857, 300.412283, 58.986463
92456.261, 300.435491, 59.014104
7494.325, 300.364257, 58.942746
2132.398, 300.542417, 59.105600
3651.206, 300.682490, 59.232877
5812.636, 300.633686, 59.189778
18383.527, 300.478061, 59.049971
23790.453, 300.671903, 59.227137
58333.054, 300.427051, 59.005281
11183.279, 300.288993, 58.876779
10725.102, 300.404349, 58.983647
2916.937, 300.493970, 59.064594
4128.439, 300.629313, 59.187821
4146.421, 300.296688, 58.884019
2537.585, 300.301157, 58.887727
10939.657, 300.312026, 58.899339
23878.603, 300.545051, 59.114115
14058.068, 300.375861, 58.960178
13962.624, 300.346654, 58.934510
4978.459, 300.358122, 58.944572
17435.755, 300.609485, 59.176018
2939.995, 300.518208, 59.091799
89460.955, 300.530893, 59.107575
7047.439, 300.331869, 58.921989
27002.205, 300.592432, 59.162879
16681.135, 300.468287, 59.049783
3809.200, 300.479553, 59.058283
30997.884, 300.633421, 59.201688
2122.763, 300.294975, 58.888925
2533.742, 300.537034, 59.112364
18305.752, 300.576905, 59.150293
10972.309, 300.676408, 59.239694
3294.320, 300.346249, 58.938416
2453.215, 300.350766, 58.942331
5427.671, 300.375439, 58.965765
11642.171, 300.665065, 59.230666
12021.981, 300.320655, 58.916774
2120.850, 300.452946, 59.037033
4154.071, 300.305669, 58.902733
42856.745, 300.432024, 59.023526
2898.106, 300.495305, 59.076820
9563.706, 300.598846, 59.171940
5504.183, 300.621051, 59.191636
2947.945, 300.440195, 59.027229
11139.226, 300.358955, 58.955259
29843.142, 300.404532, 58.997860
2489.540, 300.323428, 58.921658
2861.839, 300.328778, 58.927539
25829.496, 300.553179, 59.135819
38747.051, 300.288511, 58.894582
4096.780, 300.296921, 58.899411
2480.283, 300.400088, 58.993402
6180.100, 300.364779, 58.963154
2912.360, 300.448528, 59.039114
14933.912, 300.279564, 58.885950
2530.531, 300.439220, 59.031575
15226.869, 300.471484, 59.061826
5015.083, 300.626057, 59.202616
12320.634, 300.420465, 59.016279
3302.370, 300.491782, 59.080174
4616.351, 300.313350, 58.917471
2853.691, 300.329107, 58.931869
33672.949, 300.507492, 59.098373
3368.750, 300.532199, 59.118227
5804.431, 300.334640, 58.938596
17868.978, 300.340347, 58.944875
10302.448, 300.390777, 58.990566
12403.274, 300.473221, 59.066261
22663.309, 300.576355, 59.162262
50217.568, 300.612750, 59.196061
2440.098, 300.306421, 58.914040
30258.970, 300.593296, 59.178659
9462.188, 300.326177, 58.933686
3659.993, 300.293191, 58.903435
