# Source Fluxes and Coordinates
# Flux (e-/s), RA (deg), Dec (deg)
30491.247, 301.358879, 59.043550
41058.967, 300.968991, 58.696048
66326.997, 301.110468, 58.824931
7518.119, 301.326068, 59.016422
7314.414, 301.203636, 58.907368
392789.728, 301.208289, 58.921560
10999.148, 301.275500, 58.972331
10545.737, 301.279651, 58.979136
26032.940, 301.293026, 58.993420
3697.009, 301.142330, 58.857022
22764.890, 301.264552, 58.968976
5413.938, 301.353901, 59.046434
4348.930, 300.995618, 58.725493
5191.633, 301.220192, 58.929125
1010472.415, 301.099581, 58.834577
65385.252, 301.242316, 58.953931
12459.079, 301.092720, 58.818891
15874.429, 301.033235, 58.766212
32797.093, 301.194363, 58.917148
24227.444, 300.959425, 58.706357
104676.808, 300.991935, 58.736457
17204.127, 300.954042, 58.702558
9551.177, 301.115573, 58.848036
5408.685, 301.140353, 58.871200
49106.650, 300.944782, 58.700269
61944.898, 301.035682, 58.786295
27378.715, 301.234588, 58.961122
6701.024, 301.010296, 58.759938
3307.811, 301.033458, 58.780262
9537.821, 300.937465, 58.695328
7487.687, 301.131534, 58.870356
8786.003, 301.165016, 58.902834
12162.614, 301.115258, 58.859274
15116.364, 301.142590, 58.883808
37318.384, 301.054615, 58.807326
3806.843, 301.110230, 58.855055
7516.086, 301.006372, 58.764308
16277.216, 301.117423, 58.865810
12127.168, 301.130779, 58.878068
3708.538, 300.990193, 58.750792
6318.994, 300.958622, 58.725287
65241.689, 301.056495, 58.817954
27586.177, 301.177893, 58.926656
4241.519, 301.271727, 59.010403
48870.735, 300.974066, 58.748735
6436.656, 301.272117, 59.014528
68055.865, 301.293983, 59.039059
9629.344, 301.085759, 58.849344
30715.308, 301.099938, 58.864285
75783.623, 301.303137, 59.047397
43587.587, 300.958150, 58.737308
2541.369, 300.945671, 58.723716
18371.629, 301.008758, 58.785827
11201.743, 301.198462, 58.954984
7898.389, 301.070715, 58.841061
5431.094, 301.062218, 58.835916
46516.406, 301.181761, 58.948010
5473.630, 300.937162, 58.725706
2935.196, 301.099057, 58.871604
4523.124, 301.206815, 58.969933
9781.593, 301.283003, 59.038490
6505.444, 301.317494, 59.068311
19964.464, 301.011895, 58.798013
14349.861, 301.112128, 58.888596
6176.364, 300.918371, 58.712949
69209.356, 301.135472, 58.914110
24242.261, 300.981296, 58.773165
3798.687, 301.014921, 58.801562
93162.844, 301.202222, 58.976303
59029.896, 300.928838, 58.730948
4602.901, 301.125393, 58.905451
57900.588, 301.167389, 58.949787
48560.762, 301.190815, 58.970598
41247.793, 301.253318, 59.025092
29079.647, 301.209123, 58.986959
3721.367, 301.270007, 59.039067
16177.043, 301.056630, 58.849897
16871.783, 301.135041, 58.921520
3350.509, 300.977147, 58.778353
23827.091, 300.945283, 58.752963
17217.402, 300.981472, 58.786046
60932.732, 301.170630, 58.958856
2884.860, 301.019592, 58.820228
29720.057, 301.065592, 58.864550
30050.846, 301.011140, 58.819823
50751.299, 301.152887, 58.947837
130442.886, 300.902207, 58.724435
9660.412, 300.890449, 58.710053
27529.427, 301.158537, 58.953999
3786.191, 300.911962, 58.731077
22281.166, 301.108562, 58.910665
5791.012, 300.937471, 58.756056
13057.999, 300.940429, 58.759202
26913.464, 301.088521, 58.894784
18027.278, 301.246038, 59.036313
4192.487, 300.909656, 58.734139
2102.682, 301.256625, 59.045492
8338.898, 300.902989, 58.729641
3819.782, 301.284496, 59.071523
19131.680, 300.944253, 58.770162
4640.134, 300.917623, 58.743790
5004.993, 301.061092, 58.874587
16964.121, 301.215701, 59.014420
6729.835, 301.265196, 59.057782
8747.875, 300.972678, 58.796962
18030.318, 301.012805, 58.834957
23013.049, 300.985361, 58.811832
60468.581, 301.109675, 58.927049
121433.409, 300.881264, 58.725277
29711.373, 301.145695, 58.958358
2894.008, 301.046669, 58.867839
17031.689, 301.139281, 58.953317
13285.529, 300.987306, 58.816402
86763.968, 300.885274, 58.739027
4966.084, 300.956403, 58.790011
29687.377, 301.045527, 58.872554
106229.829, 301.068610, 58.896624
38245.687, 300.867812, 58.714129
3776.415, 300.973470, 58.807468
13863.279, 300.939763, 58.780523
44842.143, 300.905249, 58.751898
70434.356, 300.896593, 58.745819
51288.706, 300.943086, 58.788018
18158.608, 300.974468, 58.814538
6193.626, 300.930054, 58.773182
51266.372, 301.104793, 58.934117
19120.611, 301.112451, 58.941047
66477.060, 301.167500, 58.994592
5027.730, 300.949374, 58.795013
3759.141, 300.910454, 58.760273
4987.835, 300.922483, 58.772013
28094.629, 300.995084, 58.840176
87277.576, 301.015102, 58.865125
4217.143, 301.046950, 58.886917
2515.692, 300.983677, 58.830213
29539.865, 301.075714, 58.917292
4559.040, 300.960152, 58.814608
165758.590, 301.138233, 58.981784
3716.010, 300.917911, 58.776362
8449.282, 301.107238, 58.948067
7108.678, 300.908157, 58.769620
71767.709, 300.886486, 58.754821
5014.668, 300.985548, 58.840679
12720.878, 300.901596, 58.767214
12074.926, 301.034265, 58.885552
26060.814, 301.240236, 59.073021
19497.627, 300.923291, 58.788609
45967.637, 300.970280, 58.834675
25751.090, 301.068341, 58.922331
2513.715, 300.980100, 58.840360
4165.343, 301.126318, 58.973274
3848.212, 300.945032, 58.810292
143970.882, 301.026323, 58.890846
343911.023, 300.858357, 58.741173
18026.579, 301.189285, 59.032342
2026.932, 301.194631, 59.036976
3355.492, 300.844598, 58.722240
5531.435, 301.047924, 58.906932
12476.451, 300.899629, 58.775281
7056.023, 300.917475, 58.791158
28716.630, 300.949994, 58.823171
28931.274, 300.955012, 58.827640
72299.973, 300.999372, 58.871891
15447.686, 300.880861, 58.759622
3379.098, 300.845013, 58.727023
9924.039, 301.062522, 58.926225
25273.575, 301.140732, 58.998363
8873.350, 301.222059, 59.069256
12462.459, 300.842160, 58.728933
8402.352, 300.887494, 58.769830
2566.568, 300.889890, 58.772124
5823.653, 300.940074, 58.817748
5428.457, 301.097820, 58.960336
2146.094, 300.875375, 58.759779
38711.228, 300.959503, 58.841221
6654.911, 300.854330, 58.748276
7059.876, 300.918710, 58.806933
16330.597, 300.951357, 58.837500
3789.467, 300.887362, 58.780022
57859.437, 301.202469, 59.068636
22696.855, 300.851669, 58.752260
3714.030, 301.003720, 58.887831
2876.357, 301.073853, 58.950561
126406.466, 300.862298, 58.766213
6629.120, 300.921800, 58.814677
5414.247, 301.034664, 58.917792
10366.971, 300.826295, 58.731672
145717.060, 301.022932, 58.914335
24787.107, 301.065154, 58.947680
20440.160, 300.833420, 58.739494
18501.370, 301.105944, 58.984656
5830.325, 300.923117, 58.819945
4949.181, 300.987177, 58.877179
11576.556, 300.959835, 58.855886
119987.581, 300.814636, 58.735253
3762.810, 300.971403, 58.865041
7099.125, 300.975040, 58.869417
2116.474, 300.843044, 58.749153
32085.856, 301.111587, 58.995222
5445.189, 300.961795, 58.858649
3768.127, 301.095410, 58.980082
5760.129, 300.970291, 58.869593
7023.341, 300.841422, 58.753400
2116.283, 300.850722, 58.761334
41290.864, 301.046829, 58.943087
121244.688, 301.132004, 59.022120
4529.772, 300.829597, 58.744334
3353.109, 300.929860, 58.836432
60288.214, 300.983385, 58.889340
76666.624, 300.914551, 58.830486
53247.044, 301.119510, 59.013007
5031.998, 300.826476, 58.747422
16675.318, 300.961938, 58.871959
19689.158, 300.988707, 58.895820
3363.206, 300.956737, 58.867382
9033.045, 300.837714, 58.760676
3713.967, 300.910980, 58.827478
2054.892, 300.923604, 58.838830
11185.219, 300.839296, 58.764616
83814.518, 300.935877, 58.858512
16558.326, 300.814725, 58.745418
2955.192, 300.895625, 58.817223
4607.770, 300.845150, 58.772485
2559.197, 300.808521, 58.739732
26765.899, 301.141627, 59.043478
21911.164, 300.918336, 58.842255
32962.280, 301.101260, 59.008535
54498.015, 301.193688, 59.092383
596831.086, 300.820310, 58.765774
4578.704, 300.948969, 58.870526
16724.232, 300.975714, 58.896803
4187.341, 301.025670, 58.940067
19134.665, 301.074599, 58.986554
21076.072, 301.174724, 59.076496
2448.356, 300.835110, 58.768856
32383.837, 301.083840, 58.996960
5426.712, 300.800920, 58.739321
102956.099, 300.836908, 58.779015
53908.407, 300.800271, 58.744327
7984.693, 301.066919, 58.982045
29936.165, 300.901834, 58.835357
4156.816, 300.863067, 58.800299
5447.767, 301.041222, 58.962543
3421.007, 300.853049, 58.793985
39822.345, 301.139160, 59.054587
2540.629, 300.805951, 58.751402
2067.391, 300.844859, 58.787446
2516.901, 300.887174, 58.825711
3412.962, 300.943362, 58.877072
3750.627, 300.914028, 58.851937
2072.043, 300.807917, 58.755784
3330.926, 300.890072, 58.830779
2931.420, 300.853705, 58.799748
13981.315, 300.868194, 58.814701
28132.225, 301.014469, 58.947935
32561.043, 300.884868, 58.832868
35072.262, 300.968381, 58.907960
31433.791, 300.923266, 58.867750
17225.190, 301.026197, 58.960608
55351.870, 301.059701, 58.992861
7562.015, 300.985739, 58.924308
17174.160, 301.041419, 58.975419
2076.011, 300.945076, 58.888098
3313.166, 300.785297, 58.744636
11594.403, 300.839646, 58.795723
44788.986, 301.160358, 59.087593
8292.551, 300.804998, 58.765405
2926.755, 300.992453, 58.934154
5038.953, 300.785942, 58.748618
4153.727, 300.789842, 58.753280
46527.280, 300.817723, 58.782150
3700.755, 300.792884, 58.756901
7126.342, 300.899404, 58.854732
17745.149, 300.904125, 58.860819
20757.762, 300.875420, 58.837954
37840.647, 300.980625, 58.933874
8754.594, 300.845834, 58.809645
34383.267, 301.144894, 59.081648
13969.185, 300.866414, 58.830801
17830.539, 300.942053, 58.901131
79964.448, 301.022803, 58.976052
29394.573, 301.130745, 59.070219
19130.030, 300.777083, 58.750996
39153.375, 300.801767, 58.775304
17510.441, 300.837592, 58.807046
22489.358, 300.806679, 58.779503
6640.030, 300.896241, 58.859092
4179.657, 300.988215, 58.942115
31330.629, 301.090473, 59.035520
64760.567, 300.820893, 58.797483
3768.919, 301.003470, 58.959493
6223.185, 300.780332, 58.759169
29991.466, 301.076845, 59.029147
20218.717, 301.110685, 59.058517
6232.823, 300.855388, 58.829992
2525.794, 300.944536, 58.910549
27043.957, 300.974428, 58.939944
9873.736, 300.824229, 58.803375
53315.110, 300.847381, 58.827493
23710.186, 300.960863, 58.930102
9671.491, 300.840840, 58.821430
2497.953, 300.930078, 58.902216
4982.047, 300.918489, 58.893667
3733.081, 300.784550, 58.772104
82027.253, 301.019983, 58.991689
18340.738, 300.803847, 58.793765
19298.478, 300.927457, 58.906918
6548.083, 300.947392, 58.923299
76160.990, 300.961205, 58.941583
23302.662, 301.002470, 58.975536
4971.135, 300.852118, 58.839102
5857.367, 300.891298, 58.876358
7057.196, 300.756705, 58.754488
18882.822, 300.978667, 58.958496
88086.400, 300.857051, 58.853339
74470.997, 300.773993, 58.776648
11651.666, 300.751282, 58.752412
6281.631, 300.830056, 58.824105
16610.661, 300.906804, 58.894564
32933.507, 301.093523, 59.064634
2888.834, 300.802795, 58.800872
2483.481, 300.930064, 58.915620
4075.009, 300.758382, 58.761641
25952.860, 301.143624, 59.110505
42046.738, 300.865100, 58.861431
2084.080, 300.789055, 58.789735
6620.645, 300.818439, 58.817898
3260.306, 300.744731, 58.751030
15504.924, 300.750255, 58.758205
44468.513, 301.112266, 59.086968
193679.711, 301.016975, 59.006864
45565.659, 300.775657, 58.785636
18873.182, 300.887893, 58.886242
6287.788, 300.819603, 58.824403
26074.299, 300.785414, 58.796275
2502.628, 300.754672, 58.766023
4105.413, 300.878176, 58.879685
28391.637, 300.744298, 58.762256
19838.737, 300.844365, 58.852138
24581.582, 300.891082, 58.894984
48360.143, 300.758428, 58.780178
12874.484, 300.894956, 58.898795
39887.374, 301.022519, 59.016807
27753.856, 300.794626, 58.810931
8497.707, 300.978120, 58.974929
25197.161, 301.031363, 59.025246
2507.180, 300.767570, 58.785087
39067.069, 300.804652, 58.822471
36013.073, 300.961053, 58.965568
17896.860, 300.919975, 58.927301
50494.498, 300.734033, 58.760275
37595.938, 300.766316, 58.789827
45708.702, 301.131486, 59.119237
2487.344, 300.746638, 58.769901
10485.892, 300.865935, 58.880007
3418.773, 301.079392, 59.071236
74526.766, 300.744146, 58.776107
301599.237, 300.899593, 58.921545
2883.244, 300.760307, 58.785659
32803.297, 301.092508, 59.089211
3368.095, 300.740620, 58.768667
16323.445, 300.777293, 58.805529
9083.391, 300.871079, 58.889047
41611.176, 300.809795, 58.837468
2502.312, 300.836888, 58.857741
3320.217, 300.770502, 58.799526
9505.636, 300.842020, 58.865780
2020.105, 300.753527, 58.785089
2079.313, 300.747143, 58.780283
17865.706, 300.733088, 58.770033
5770.215, 300.753072, 58.788444
39047.103, 300.773385, 58.811169
7631.454, 301.077601, 59.081523
4551.952, 300.756175, 58.792767
32609.033, 300.958601, 58.979427
103010.166, 300.714596, 58.765776
5002.143, 300.739418, 58.780861
13012.522, 300.863345, 58.895843
4127.071, 300.808962, 58.847162
10827.340, 300.810436, 58.851483
37988.290, 300.844681, 58.885354
16414.122, 301.032991, 59.053017
36123.260, 300.744049, 58.793420
49117.411, 300.832270, 58.873966
8439.551, 301.104075, 59.116287
49656.463, 300.954127, 58.985697
9754.780, 300.708799, 58.761671
2904.095, 300.878278, 58.914537
33904.219, 301.042512, 59.065574
5031.807, 300.768305, 58.815851
22054.288, 300.837431, 58.880860
7886.546, 300.797344, 58.844197
4563.212, 300.911424, 58.948847
63328.901, 301.017737, 59.053421
6636.707, 300.872070, 58.919487
41264.781, 301.053316, 59.085998
2598.241, 301.083369, 59.108831
4202.754, 301.051180, 59.082362
23249.895, 300.845887, 58.903253
4570.099, 300.854207, 58.907272
2954.841, 301.042599, 59.076505
4686.867, 300.757368, 58.819513
18697.178, 300.886422, 58.939119
2997.220, 300.712070, 58.778886
16891.721, 300.814932, 58.875369
26425.844, 300.717829, 58.790388
7097.431, 300.738748, 58.807489
19134.919, 300.761770, 58.829167
2506.520, 300.786907, 58.851400
65581.532, 300.830630, 58.895936
7875.968, 300.728805, 58.799830
32168.579, 300.968615, 59.021632
4936.897, 300.845830, 58.908786
19049.774, 300.856578, 58.920027
56204.846, 300.926050, 58.985091
34201.715, 300.948674, 59.004956
39903.382, 301.048624, 59.094411
13197.088, 300.767018, 58.839618
100359.849, 300.846149, 58.916701
16218.851, 300.719024, 58.797422
4142.473, 300.876674, 58.940017
34467.721, 300.859341, 58.927475
14079.139, 300.768437, 58.844326
2480.787, 300.694242, 58.776218
7893.323, 300.738571, 58.818358
26833.343, 300.866121, 58.935177
7859.042, 300.744893, 58.824989
2518.154, 300.749408, 58.827752
2912.598, 300.758069, 58.836072
14964.322, 300.886306, 58.956389
12582.020, 300.984300, 59.043719
17353.169, 300.703605, 58.789898
36798.876, 301.075649, 59.129085
2100.420, 300.970494, 59.033339
8291.629, 300.754720, 58.839710
47044.839, 300.914361, 58.987401
7897.113, 300.791128, 58.874807
4613.206, 300.925602, 58.995638
12311.820, 301.064749, 59.121795
2130.751, 301.018685, 59.079804
6246.905, 300.776397, 58.862411
32825.656, 300.958841, 59.030242
3759.141, 301.050070, 59.109768
9952.724, 300.688969, 58.784183
2069.636, 300.723345, 58.814984
5028.909, 300.696301, 58.792008
6589.396, 300.675487, 58.774240
26747.498, 300.767886, 58.859208
16186.957, 300.793968, 58.886958
10377.898, 300.775168, 58.866495
2513.736, 300.714606, 58.810287
5025.681, 300.779339, 58.870376
2910.538, 300.866507, 58.949708
3840.976, 301.022749, 59.090488
18355.029, 301.035463, 59.104193
2058.949, 300.703639, 58.802880
69736.194, 300.718581, 58.822375
7512.596, 300.709313, 58.809779
14309.225, 301.026556, 59.097660
44853.556, 300.867344, 58.957595
4567.464, 301.043467, 59.112231
9564.995, 300.677237, 58.783093
2152.196, 300.752925, 58.851583
301329.892, 300.955297, 59.045075
86415.938, 300.993579, 59.075514
17815.195, 300.938154, 59.024099
5018.966, 300.734926, 58.840217
66417.355, 300.871874, 58.969946
22763.159, 300.662179, 58.778618
35327.826, 300.726037, 58.837174
11148.358, 300.756826, 58.862910
55760.225, 300.707479, 58.820757
22346.255, 300.940349, 59.031789
24034.838, 300.716391, 58.833614
10803.784, 300.748465, 58.859100
26932.066, 300.767637, 58.877363
7729.077, 300.928917, 59.021929
10441.108, 301.032319, 59.115446
4945.792, 300.808884, 58.914417
16292.828, 300.885222, 58.984308
77205.685, 300.894656, 58.994996
15627.516, 300.863317, 58.964847
3740.280, 300.758090, 58.869016
2886.188, 300.776983, 58.885878
9870.712, 300.875699, 58.977455
9565.903, 300.689139, 58.809044
12422.853, 300.697683, 58.817481
161679.409, 300.653421, 58.786195
53572.764, 300.774099, 58.890600
22822.670, 300.884059, 58.988503
157492.215, 300.749895, 58.871650
3338.039, 300.787734, 58.900208
2086.261, 300.709347, 58.829863
2108.508, 300.723601, 58.842881
8744.831, 300.669504, 58.795743
48491.969, 300.675051, 58.804209
2481.011, 300.683305, 58.808234
12758.888, 300.907982, 59.015217
32718.667, 300.662644, 58.794425
2952.439, 300.899180, 59.006947
159504.881, 300.753244, 58.889990
4920.014, 300.789208, 58.908948
5004.258, 300.824785, 58.940754
2073.670, 300.793403, 58.912825
17988.529, 300.830091, 58.948123
15600.616, 300.972822, 59.076962
7066.847, 300.736396, 58.862639
5380.882, 300.796843, 58.917625
13767.894, 300.938333, 59.046750
18440.291, 300.863411, 58.981273
9170.483, 300.701535, 58.833498
3371.248, 300.805078, 58.927444
9091.128, 300.734841, 58.866569
3712.119, 300.660037, 58.798480
35734.534, 300.703931, 58.842595
40840.211, 300.879500, 59.002075
36856.343, 300.964182, 59.078040
38097.839, 300.662674, 58.807536
2092.005, 300.773801, 58.904618
55392.577, 300.937311, 59.058143
22805.083, 301.019245, 59.130015
14212.320, 300.748887, 58.886139
2542.002, 300.985007, 59.098309
37197.278, 300.644221, 58.793220
4198.423, 300.787327, 58.922887
10195.116, 300.992466, 59.109066
29396.815, 300.636994, 58.789448
34460.803, 300.686084, 58.834141
152825.048, 300.812758, 58.954450
70317.686, 300.828166, 58.965188
58378.397, 301.033759, 59.150914
2923.907, 300.741385, 58.882335
35108.008, 300.886009, 59.016735
3777.800, 300.730411, 58.874110
39705.712, 300.925308, 59.054754
93997.827, 300.673794, 58.830632
4138.950, 300.767196, 58.910465
2150.541, 300.950091, 59.076112
5416.513, 300.969036, 59.094598
12743.812, 301.007697, 59.130653
11584.812, 300.686170, 58.839156
18792.583, 300.737551, 58.887409
8235.248, 300.689837, 58.843374
3766.138, 300.654330, 58.812021
59910.971, 300.837878, 58.982923
48126.740, 300.923101, 59.060765
5397.764, 300.646766, 58.806541
2871.001, 300.662034, 58.819881
12135.443, 300.691537, 58.848930
12404.996, 300.703737, 58.862422
12999.857, 300.626228, 58.792868
2086.013, 300.647866, 58.811592
2113.106, 300.684277, 58.845242
37891.600, 300.736586, 58.896113
8663.363, 300.640121, 58.807543
35459.698, 300.684750, 58.851230
80221.833, 300.726228, 58.891600
186192.963, 300.850349, 59.004861
9137.450, 300.647364, 58.816334
44684.633, 300.803077, 58.962904
97124.561, 300.635861, 58.812509
2092.231, 300.651670, 58.820307
28627.391, 300.776690, 58.939126
15463.235, 300.838295, 58.993229
6249.153, 300.719328, 58.885506
16455.184, 300.789722, 58.953153
11262.839, 300.667022, 58.843306
10861.783, 300.650324, 58.830118
31540.606, 300.753242, 58.924821
58972.239, 300.607495, 58.794140
3385.215, 300.670383, 58.848004
4982.024, 300.733085, 58.906371
4157.437, 300.683097, 58.864162
4589.331, 300.702486, 58.880516
3431.111, 300.727751, 58.903632
5410.967, 300.804129, 58.973554
8836.811, 300.807708, 58.977695
2969.957, 300.823959, 58.991007
8423.422, 300.619684, 58.806679
36296.661, 300.780123, 58.956813
20824.034, 300.653024, 58.841585
10061.634, 300.917839, 59.081746
17804.334, 300.619507, 58.814721
5024.486, 300.641729, 58.832742
11833.905, 300.823308, 58.999554
3760.966, 300.884298, 59.053082
2940.420, 300.623193, 58.816657
11200.523, 300.725255, 58.912312
28554.451, 300.826441, 59.004990
11386.166, 300.862784, 59.037478
18526.034, 300.941591, 59.109031
11247.312, 300.602539, 58.801321
19755.681, 300.714685, 58.906595
109916.486, 300.982076, 59.152405
26524.999, 300.682191, 58.878149
2070.855, 300.695784, 58.888480
5865.055, 300.743267, 58.932695
10988.582, 300.908596, 59.082797
2533.449, 300.734646, 58.925496
64740.976, 300.802072, 58.993564
6241.939, 300.602994, 58.807706
62318.663, 300.888842, 59.070628
45326.532, 300.794557, 58.987065
64912.978, 300.830015, 59.020610
6160.399, 300.717067, 58.912825
3339.498, 300.597004, 58.803604
11260.022, 300.774501, 58.967060
6601.292, 300.607752, 58.814832
3409.100, 300.620155, 58.825459
7460.033, 300.668162, 58.871388
2088.943, 300.589969, 58.800096
3750.092, 300.623543, 58.831223
29371.632, 300.641906, 58.850743
8427.061, 300.989559, 59.164365
43944.244, 300.730777, 58.934444
5036.018, 300.656274, 58.863969
9445.947, 300.681719, 58.888053
5025.690, 300.606393, 58.819292
37116.271, 300.764431, 58.965740
5080.655, 300.688375, 58.895209
15891.481, 300.771997, 58.974265
12467.169, 300.674042, 58.886098
6598.168, 300.583281, 58.801470
9271.460, 300.640224, 58.855023
37697.546, 300.665817, 58.881492
14103.882, 300.611940, 58.832065
2123.430, 300.648710, 58.864054
2823.840, 300.686950, 58.899562
5006.280, 300.599351, 58.821581
3707.180, 300.585897, 58.809837
15615.749, 300.601258, 58.824908
21470.618, 300.650110, 58.870316
24215.644, 300.655094, 58.875905
26110.562, 300.790322, 58.999146
2953.473, 300.607735, 58.829767
7951.779, 300.814970, 59.020158
4624.500, 300.846713, 59.048475
20156.061, 300.631839, 58.856511
16136.077, 300.697755, 58.916801
44642.290, 300.880828, 59.084297
19820.058, 300.667217, 58.890665
43556.750, 300.731582, 58.953637
37438.452, 300.964158, 59.160018
59485.113, 300.677714, 58.901745
41844.742, 300.817898, 59.029464
34472.502, 300.738778, 58.958552
8347.751, 300.715955, 58.936092
2893.854, 300.698605, 58.920306
40428.398, 300.824347, 59.037052
23749.367, 300.578947, 58.816806
11284.942, 300.794408, 59.009833
3287.150, 300.593918, 58.827530
5361.274, 300.687736, 58.914058
20565.962, 300.776053, 58.995536
5850.396, 300.921980, 59.126049
7889.085, 300.600900, 58.836805
8433.806, 300.756114, 58.978461
4237.402, 300.780632, 59.000113
20622.872, 300.894895, 59.105695
6230.139, 300.583742, 58.821945
139030.691, 300.653098, 58.891713
2462.586, 300.571958, 58.811687
13685.642, 300.609772, 58.848414
44661.823, 300.682997, 58.918302
60253.963, 300.737174, 58.971037
11155.471, 300.661147, 58.900076
8676.944, 300.589145, 58.835202
146490.418, 300.905040, 59.126465
54023.401, 300.949201, 59.164463
37451.504, 300.571604, 58.821559
4978.135, 300.611307, 58.855072
4118.151, 300.557530, 58.806749
2511.655, 300.635197, 58.877514
3750.726, 300.689022, 58.927447
7961.535, 300.598454, 58.846116
2074.676, 300.604948, 58.850864
19870.722, 300.850820, 59.076569
4189.746, 300.932656, 59.148862
43403.176, 300.615429, 58.866471
10010.242, 300.886944, 59.110306
8767.410, 300.622846, 58.871061
5408.336, 300.639700, 58.886674
8379.908, 300.794027, 59.026775
373156.550, 300.627279, 58.886391
79587.238, 300.595593, 58.857746
2520.066, 300.683520, 58.929223
13369.098, 300.885078, 59.113377
34753.555, 300.584379, 58.842653
20465.807, 300.622992, 58.876057
3376.440, 300.642133, 58.892067
22331.937, 300.716532, 58.962938
4568.294, 300.765798, 59.006117
5404.226, 300.549648, 58.811883
9017.727, 300.575116, 58.835431
54205.847, 300.802016, 59.045708
11294.686, 300.925828, 59.156625
2120.429, 300.639772, 58.896254
97714.582, 300.665371, 58.926743
32054.847, 300.938551, 59.170266
8764.950, 300.590729, 58.853681
65714.045, 300.848939, 59.092545
5390.931, 300.564105, 58.829669
16146.342, 300.604165, 58.867533
2140.846, 300.676234, 58.931720
2150.045, 300.874820, 59.111547
4177.961, 300.565814, 58.831963
5785.949, 300.557320, 58.825023
4647.587, 300.844669, 59.086731
12418.566, 300.629874, 58.894571
2526.039, 300.546159, 58.817311
2849.293, 300.652292, 58.914933
2519.070, 300.773877, 59.025126
3326.582, 300.654978, 58.918985
3779.549, 300.754526, 59.009588
11803.304, 300.800379, 59.054645
11779.586, 300.890199, 59.134984
2932.418, 300.557549, 58.833511
34577.439, 300.715690, 58.984713
3791.066, 300.847555, 59.099718
2140.798, 300.594662, 58.870848
51198.391, 300.868339, 59.122719
14603.542, 300.639593, 58.913608
37081.217, 300.783445, 59.046515
17247.600, 300.841727, 59.098237
29034.027, 300.810623, 59.071983
3739.034, 300.556046, 58.838670
27658.849, 300.617443, 58.897003
15875.673, 300.565232, 58.849514
31610.624, 300.622265, 58.902625
2072.539, 300.597124, 58.877859
4551.561, 300.704483, 58.976240
21442.241, 300.755947, 59.025881
7020.953, 300.861417, 59.119631
63659.809, 300.892947, 59.151370
8252.783, 300.645425, 58.926325
49133.281, 300.790034, 59.063020
41630.500, 300.541833, 58.836133
9600.207, 300.587594, 58.874922
10502.689, 300.661393, 58.943592
10573.624, 300.871806, 59.134500
4521.718, 300.530514, 58.824284
20621.279, 300.740314, 59.018229
22209.828, 300.664217, 58.949882
18359.012, 300.667908, 58.956089
18075.113, 300.699125, 58.982479
35181.799, 300.835419, 59.107060
2473.176, 300.909732, 59.170791
17741.296, 300.559832, 58.857576
4171.580, 300.625427, 58.914901
8268.225, 300.719924, 59.001736
94208.481, 300.579343, 58.881297
12024.695, 300.614530, 58.908079
19988.940, 300.674916, 58.964464
20229.626, 300.827538, 59.104032
8719.526, 300.625872, 58.920256
21041.791, 300.812557, 59.090843
3345.516, 300.616822, 58.911675
55833.066, 300.514766, 58.825446
15051.968, 300.745608, 59.033190
2108.050, 300.637562, 58.933936
26076.427, 300.777479, 59.064146
26497.493, 300.656149, 58.954578
9239.645, 300.693366, 58.986759
41415.571, 300.538245, 58.849174
8651.472, 300.697401, 58.991979
2917.100, 300.722049, 59.013764
2108.387, 300.527553, 58.836721
49692.241, 300.635641, 58.941834
11341.598, 300.614237, 58.918749
5733.184, 300.678684, 58.977490
2129.885, 300.873729, 59.152539
9036.687, 300.562409, 58.872086
26535.740, 300.897972, 59.178100
4620.784, 300.543059, 58.853922
16517.160, 300.742377, 59.038362
287736.977, 300.702855, 59.009912
17617.185, 300.883094, 59.167917
3324.159, 300.572273, 58.884765
10532.700, 300.771613, 59.067468
3747.521, 300.503356, 58.823082
2058.123, 300.510211, 58.830415
40921.696, 300.647209, 58.958465
8331.488, 300.573250, 58.889554
16546.832, 300.589701, 58.905770
26200.327, 300.711853, 59.017519
2035.559, 300.694995, 59.000080
2549.917, 300.558823, 58.876347
4983.366, 300.889951, 59.177432
18704.220, 300.650437, 58.964195
8437.476, 300.717089, 59.022328
13012.456, 300.846621, 59.140170
3326.798, 300.896787, 59.185271
9895.082, 300.540072, 58.864393
2914.239, 300.558445, 58.879789
53409.926, 300.558218, 58.885516
45751.135, 300.613465, 58.936462
10195.583, 300.661507, 58.976944
14206.348, 300.583056, 58.907189
2549.066, 300.514758, 58.843789
3777.242, 300.523373, 58.851850
3445.716, 300.803544, 59.107067
4161.893, 300.852544, 59.151262
2943.229, 300.652287, 58.970176
28340.428, 300.827586, 59.132171
38956.419, 300.491268, 58.827440
7048.961, 300.499314, 58.832018
37274.130, 300.739932, 59.054757
3721.980, 300.548942, 58.877944
14754.395, 300.659647, 58.981370
4213.906, 300.622682, 58.948056
43571.634, 300.718212, 59.039043
2886.586, 300.596632, 58.924687
37753.069, 300.765684, 59.081370
7511.574, 300.514563, 58.850761
9536.774, 300.585733, 58.916164
33582.633, 300.813165, 59.125146
3357.133, 300.521761, 58.857030
52976.015, 300.623193, 58.953653
7095.183, 300.724381, 59.042490
4592.087, 300.492858, 58.831476
34690.734, 300.637889, 58.968227
25963.773, 300.859874, 59.168803
3370.993, 300.745451, 59.063769
6735.664, 300.496345, 58.837906
6197.367, 300.612479, 58.944716
9163.015, 300.836511, 59.149318
3810.975, 300.846762, 59.157721
12962.862, 300.555975, 58.895071
58924.710, 300.865083, 59.178906
5454.733, 300.485400, 58.831517
10838.502, 300.584567, 58.923633
3360.498, 300.496144, 58.843021
5437.416, 300.485353, 58.835265
8307.877, 300.567214, 58.912034
17613.262, 300.810668, 59.134875
3761.188, 300.853075, 59.172201
2133.952, 300.869054, 59.186258
2469.747, 300.654553, 58.992574
2982.877, 300.694345, 59.029558
9562.410, 300.580030, 58.927697
38723.355, 300.639349, 58.984704
49700.439, 300.708229, 59.046974
4673.348, 300.510794, 58.864317
5428.029, 300.529694, 58.882323
2479.300, 300.718190, 59.053799
9930.819, 300.550885, 58.903986
7908.509, 300.609008, 58.956974
8315.519, 300.539371, 58.894187
41431.051, 300.734150, 59.074409
6681.798, 300.533041, 58.889745
84216.302, 300.669121, 59.021103
7042.339, 300.487834, 58.848976
2885.018, 300.511853, 58.870660
28632.335, 300.655280, 59.003762
9208.095, 300.467478, 58.832346
3394.389, 300.679635, 59.025320
3330.036, 300.480117, 58.843522
6630.691, 300.710444, 59.054946
13241.758, 300.481290, 58.847785
2495.628, 300.508929, 58.872333
3756.288, 300.605829, 58.961136
11728.452, 300.710901, 59.058601
87288.315, 300.767799, 59.115344
2128.816, 300.472886, 58.842037
26922.120, 300.550709, 58.917612
29160.593, 300.689432, 59.042540
10054.162, 300.715395, 59.064766
3689.931, 300.464588, 58.835637
10418.216, 300.702962, 59.054387
2929.608, 300.496677, 58.865943
39534.308, 300.527917, 58.898156
8716.628, 300.758203, 59.104677
12431.487, 300.485007, 58.859368
16151.165, 300.508862, 58.879931
10414.508, 300.569691, 58.934041
14324.791, 300.584224, 58.948409
12624.851, 300.653843, 59.013127
4197.684, 300.490050, 58.862736
51000.536, 300.834313, 59.178593
7969.772, 300.861038, 59.200718
15674.435, 300.611421, 58.976531
7915.935, 300.655271, 59.018144
3706.516, 300.676791, 59.035651
15643.486, 300.476718, 58.855745
4979.116, 300.498753, 58.874426
17040.635, 300.459392, 58.843083
14728.208, 300.711234, 59.071174
44482.217, 300.735041, 59.094885
51970.964, 300.776022, 59.133655
8823.406, 300.837097, 59.185101
2924.439, 300.602955, 58.973230
15475.512, 300.841479, 59.190348
35023.999, 300.818570, 59.171857
28574.914, 300.573248, 58.953723
3368.306, 300.485971, 58.869156
40043.870, 300.749893, 59.113181
53491.679, 300.478525, 58.866932
4588.955, 300.508017, 58.890417
2901.172, 300.463797, 58.850449
7539.333, 300.593329, 58.969954
3290.710, 300.689195, 59.056036
29134.819, 300.464369, 58.855672
39600.692, 300.607034, 58.985713
2536.725, 300.737145, 59.101320
76012.979, 300.631745, 59.013179
4213.588, 300.543951, 58.927887
9217.940, 300.621787, 58.999916
26382.517, 300.689115, 59.062614
43434.770, 300.563704, 58.949936
2077.808, 300.664221, 59.037596
2909.772, 300.551797, 58.936574
25175.454, 300.815483, 59.178678
9915.667, 300.445239, 58.840746
9202.051, 300.456376, 58.849728
4622.081, 300.467629, 58.862471
5073.552, 300.504431, 58.894900
12942.844, 300.582082, 58.968159
37705.705, 300.489887, 58.885272
3338.291, 300.656574, 59.034412
17798.174, 300.836027, 59.198712
3419.237, 300.673564, 59.051549
7896.685, 300.448601, 58.847850
21713.341, 300.496481, 58.893277
9091.148, 300.539403, 58.932891
27821.008, 300.711144, 59.090504
8767.425, 300.666595, 59.049689
24417.333, 300.571029, 58.965139
33200.060, 300.444927, 58.851232
45237.205, 300.617157, 59.008286
73594.439, 300.643150, 59.034674
32790.645, 300.812544, 59.185538
4172.302, 300.527991, 58.924790
15037.858, 300.548334, 58.944246
72302.411, 300.722284, 59.107088
6189.187, 300.511297, 58.910519
4554.340, 300.638481, 59.026806
2904.937, 300.706084, 59.087905
7554.487, 300.558206, 58.955936
4177.985, 300.487096, 58.890382
11656.119, 300.452999, 58.861020
2895.393, 300.562305, 58.960362
3002.737, 300.745387, 59.128205
6868.393, 300.804386, 59.181415
63588.495, 300.520041, 58.928719
331646.272, 300.580090, 58.990603
169142.495, 300.454791, 58.874992
4650.924, 300.473820, 58.882722
6267.639, 300.567943, 58.970290
8372.477, 300.752105, 59.139442
27644.026, 300.763841, 59.153123
41228.096, 300.777220, 59.165669
7079.882, 300.445934, 58.861854
9138.836, 300.511762, 58.922449
5864.783, 300.524815, 58.935110
35228.304, 300.642337, 59.045176
30865.309, 300.695140, 59.092255
6197.759, 300.429803, 58.848387
31396.188, 300.478424, 58.896374
5833.487, 300.530589, 58.941064
6147.822, 300.573025, 58.979696
13414.027, 300.783664, 59.172246
5753.059, 300.463229, 58.880294
20126.513, 300.649229, 59.052342
51566.939, 300.801672, 59.191023
35175.222, 300.545256, 58.960845
13022.213, 300.519214, 58.935901
2917.515, 300.655221, 59.058613
13671.736, 300.464216, 58.887362
3799.935, 300.739604, 59.137111
20680.078, 300.818266, 59.210089
7517.847, 300.427647, 58.855550
8299.399, 300.442126, 58.867216
33261.773, 300.726187, 59.129574
2929.935, 300.437193, 58.863550
2896.237, 300.490085, 58.913155
2048.131, 300.477505, 58.903794
53442.307, 300.737197, 59.144354
33696.927, 300.685763, 59.096972
32746.157, 300.697409, 59.107712
55450.637, 300.577863, 59.000996
5131.406, 300.802172, 59.200660
4635.372, 300.468552, 58.897552
2882.967, 300.674743, 59.087930
3725.319, 300.413827, 58.850164
4507.061, 300.434506, 58.870482
10717.209, 300.519333, 58.950053
39716.173, 300.667662, 59.088014
25687.621, 300.676478, 59.097809
4602.646, 300.414640, 58.857876
10481.339, 300.482649, 58.921944
9987.390, 300.490661, 58.929433
2457.719, 300.740439, 59.154825
81420.840, 300.596417, 59.031479
6705.564, 300.533101, 58.969930
32796.918, 300.627585, 59.058379
16578.678, 300.432787, 58.881542
3340.414, 300.485908, 58.927513
76307.914, 300.563264, 59.002801
4920.970, 300.583922, 59.017684
4608.563, 300.590125, 59.023067
24928.232, 300.726878, 59.149173
5401.653, 300.453341, 58.900174
2492.543, 300.490821, 58.933698
3350.265, 300.507076, 58.949484
2070.249, 300.749054, 59.169628
2057.971, 300.413372, 58.864456
3349.089, 300.422335, 58.873165
13450.858, 300.436508, 58.886949
2929.712, 300.464246, 58.911112
3358.656, 300.552097, 58.991753
13447.460, 300.615130, 59.050922
3444.124, 300.708411, 59.133969
2507.282, 300.407758, 58.859934
12452.706, 300.516957, 58.961586
3748.138, 300.441547, 58.891456
7573.819, 300.397220, 58.853052
3334.530, 300.547484, 58.989873
4978.387, 300.454920, 58.907923
52333.013, 300.524476, 58.975735
29696.687, 300.652565, 59.090861
2926.310, 300.429279, 58.885726
26499.836, 300.404586, 58.869164
10389.309, 300.432687, 58.891349
51476.374, 300.476951, 58.935580
15093.790, 300.712347, 59.146675
3439.650, 300.736639, 59.167531
44895.067, 300.487872, 58.949838
16252.752, 300.732291, 59.169140
39488.643, 300.453494, 58.917940
4967.592, 300.500835, 58.957692
7107.670, 300.459944, 58.921725
15864.802, 300.616919, 59.065966
2074.704, 300.670515, 59.112844
12821.417, 300.397226, 58.866502
98092.251, 300.417520, 58.888726
27995.837, 300.672650, 59.119172
47098.819, 300.710108, 59.155444
9965.088, 300.385559, 58.857566
4971.697, 300.436366, 58.903370
42593.846, 300.517149, 58.980143
27893.314, 300.634024, 59.087240
9123.929, 300.543625, 59.004345
6237.583, 300.443927, 58.913199
33386.857, 300.398384, 58.877205
51487.698, 300.457224, 58.932739
2511.986, 300.559843, 59.022003
8444.403, 300.527752, 58.994861
22425.406, 300.683876, 59.139382
6818.105, 300.663580, 59.120036
4976.724, 300.696834, 59.151485
214964.308, 300.430978, 58.919846
50348.380, 300.641706, 59.105810
11623.037, 300.426824, 58.909524
34320.643, 300.697657, 59.158469
8013.138, 300.502610, 58.978929
2558.804, 300.417029, 58.900351
48952.525, 300.440535, 58.927090
12534.967, 300.618641, 59.086641
26718.611, 300.716299, 59.176884
19902.872, 300.370972, 58.861228
6279.142, 300.405221, 58.891143
13643.417, 300.660253, 59.126087
5823.136, 300.482314, 58.963517
4197.470, 300.529581, 59.007888
41397.319, 300.474302, 58.960285
5378.711, 300.509855, 58.990781
6221.202, 300.554136, 59.031096
5822.917, 300.423111, 58.913535
2920.547, 300.520265, 59.001376
2505.909, 300.377561, 58.872185
3819.298, 300.461970, 58.949758
48738.116, 300.677739, 59.149135
4639.121, 300.445494, 58.936076
6255.903, 300.379146, 58.876499
5901.687, 300.408115, 58.903315
5447.308, 300.537441, 59.021887
5022.103, 300.596076, 59.076550
3701.870, 300.390149, 58.888192
15455.414, 300.475175, 58.970062
11616.810, 300.400372, 58.899701
2453.460, 300.410042, 58.907223
6632.028, 300.518003, 59.007092
4998.578, 300.597708, 59.078871
2104.076, 300.697041, 59.168777
5415.135, 300.707882, 59.180019
3260.863, 300.483027, 58.976484
9232.934, 300.637125, 59.120179
48367.233, 300.677632, 59.158101
20273.102, 300.490567, 58.986605
7868.261, 300.442256, 58.942533
68693.872, 300.524795, 59.021848
2504.373, 300.619030, 59.103546
12631.023, 300.732724, 59.208188
6021.599, 300.747786, 59.221555
12881.580, 300.474543, 58.974302
5922.462, 300.696905, 59.176317
135550.259, 300.382577, 58.898515
5874.000, 300.457830, 58.959707
68689.290, 300.401727, 58.913303
67771.003, 300.511714, 59.013464
15574.589, 300.353379, 58.866621
98301.787, 300.627159, 59.119471
14531.129, 300.421389, 58.930245
13256.383, 300.530310, 59.029428
45177.812, 300.504545, 59.008488
9178.630, 300.724966, 59.206395
37907.474, 300.367843, 58.882804
2094.494, 300.542006, 59.039481
25211.020, 300.484292, 58.989791
61566.082, 300.541185, 59.045104
2896.721, 300.565926, 59.065220
11526.478, 300.356955, 58.876717
17842.161, 300.428429, 58.942111
19952.659, 300.555023, 59.058492
22323.437, 300.393175, 58.911624
5810.259, 300.688811, 59.180362
87552.311, 300.343414, 58.873472
3324.515, 300.510792, 59.019519
7928.674, 300.533855, 59.040161
12580.403, 300.572627, 59.076749
22125.913, 300.661462, 59.159856
12127.588, 300.693738, 59.187814
7537.540, 300.432265, 58.949628
2056.859, 300.444242, 58.959946
5771.858, 300.547023, 59.055224
3358.824, 300.577240, 59.082384
15775.234, 300.358472, 58.885582
8444.783, 300.714615, 59.209566
11703.171, 300.349354, 58.878929
30269.432, 300.669353, 59.171467
26838.451, 300.414637, 58.939379
5820.524, 300.479574, 58.997637
9264.199, 300.578613, 59.088392
23639.103, 300.715207, 59.213370
2505.152, 300.365741, 58.892586
17566.169, 300.613131, 59.120739
3709.219, 300.407586, 58.933048
12886.005, 300.402493, 58.930717
17364.369, 300.497962, 59.020881
52080.813, 300.503047, 59.026616
9490.957, 300.544967, 59.061284
29450.814, 300.587807, 59.101543
3715.295, 300.602289, 59.112609
41436.835, 300.580274, 59.096750
2552.483, 300.394173, 58.924358
57338.765, 300.411725, 58.944896
10765.769, 300.444908, 58.972100
53744.612, 300.371322, 58.908686
6639.024, 300.405642, 58.936984
17037.703, 300.457662, 58.987161
6304.612, 300.491666, 59.016412
6718.143, 300.619320, 59.133148
52888.121, 300.471628, 59.003459
88598.148, 300.356691, 58.898645
17164.406, 300.679622, 59.190799
11640.326, 300.383478, 58.921299
2895.975, 300.428136, 58.960029
6651.142, 300.607501, 59.124618
34834.746, 300.660815, 59.176949
24121.088, 300.348045, 58.890389
31266.985, 300.633926, 59.152728
102240.510, 300.326331, 58.879752
4098.280, 300.480702, 59.011209
7947.723, 300.417374, 58.955923
8651.543, 300.426916, 58.965214
2909.060, 300.402335, 58.941630
8283.691, 300.595637, 59.120177
3337.394, 300.537866, 59.066582
17192.576, 300.574593, 59.101774
5866.295, 300.618146, 59.140386
27547.304, 300.639791, 59.164249
23187.836, 300.407906, 58.952890
16705.120, 300.512205, 59.046489
18572.755, 300.500526, 59.036587
2491.892, 300.460043, 58.998456
2085.274, 300.391498, 58.936908
16759.362, 300.437386, 58.980667
7042.398, 300.663226, 59.185386
19491.887, 300.352048, 58.905885
2113.736, 300.414061, 58.958187
3736.324, 300.493530, 59.033150
13763.912, 300.563142, 59.097211
6235.444, 300.366100, 58.916403
26072.662, 300.442722, 58.990028
47323.776, 300.526642, 59.068629
3007.208, 300.323129, 58.877048
5820.384, 300.376617, 58.927364
3315.792, 300.418347, 58.965717
39120.491, 300.566155, 59.103936
61441.291, 300.611875, 59.146030
24138.544, 300.711171, 59.234359
9129.773, 300.423157, 58.973945
10959.214, 300.675938, 59.204549
2452.412, 300.340471, 58.897193
57348.686, 300.537419, 59.083772
16375.203, 300.599951, 59.136791
48050.824, 300.311946, 58.878171
2507.377, 300.336374, 58.894404
40084.821, 300.430531, 58.984588
2479.681, 300.511094, 59.055107
2891.564, 300.635471, 59.168759
13795.886, 300.664789, 59.196226
6186.837, 300.394892, 58.949165
2581.027, 300.366778, 58.924185
10384.903, 300.659637, 59.192800
13175.744, 300.409307, 58.966948
9213.375, 300.486949, 59.036110
12868.134, 300.497497, 59.047381
2481.679, 300.330675, 58.892411
15390.871, 300.463981, 59.016058
5393.064, 300.693827, 59.225689
3774.755, 300.372605, 58.932677
7121.771, 300.375572, 58.935583
5032.146, 300.542446, 59.088296
9684.293, 300.581459, 59.125056
2503.627, 300.380338, 58.941052
72046.899, 300.661175, 59.202684
20411.943, 300.387792, 58.952543
3336.725, 300.454648, 59.010383
14174.713, 300.509849, 59.062129
49808.307, 300.558790, 59.109281
18569.499, 300.614169, 59.157230
37839.926, 300.360614, 58.930422
9565.610, 300.607233, 59.150713
23662.437, 300.311593, 58.883693
2513.599, 300.345684, 58.911231
11249.782, 300.435696, 58.995230
20697.791, 300.552090, 59.103963
67612.204, 300.364723, 58.937432
24291.494, 300.327488, 58.899198
4561.127, 300.373083, 58.939180
7868.817, 300.469929, 59.027953
73450.591, 300.537254, 59.094591
8753.600, 300.331083, 58.903603
6720.964, 300.409791, 58.974305
4195.169, 300.313445, 58.887274
3695.211, 300.449111, 59.012729
11255.888, 300.467908, 59.031205
5091.550, 300.531687, 59.088860
6234.075, 300.317392, 58.893907
15927.938, 300.397381, 58.968198
4122.435, 300.374366, 58.945794
14089.854, 300.498577, 59.061580
25518.506, 300.452596, 59.020007
6722.933, 300.634745, 59.185805
7776.940, 300.301990, 58.881457
24383.564, 300.338305, 58.916415
152569.402, 300.321038, 58.908245
12093.238, 300.475851, 59.042919
29485.609, 300.609909, 59.165885
2125.745, 300.472140, 59.038991
82105.952, 300.435861, 59.014021
10438.134, 300.634051, 59.189539
5838.166, 300.364520, 58.942934
10732.253, 300.411741, 58.987076
23977.807, 300.302275, 58.889522
24204.880, 300.477837, 59.049995
6247.280, 300.539954, 59.104945
7062.578, 300.542277, 59.107036
12905.625, 300.563381, 59.128322
26901.181, 300.671386, 59.226824
5460.044, 300.383550, 58.962588
12326.204, 300.458241, 59.032985
10774.827, 300.492549, 59.064375
21446.629, 300.528003, 59.096582
22606.290, 300.424282, 59.003061
20574.195, 300.545413, 59.113761
6711.947, 300.654975, 59.211624
11629.348, 300.311697, 58.899080
8286.756, 300.460594, 59.036568
19779.941, 300.292968, 58.884880
5381.359, 300.369501, 58.952215
101023.995, 300.531422, 59.107479
5462.525, 300.620459, 59.182628
6980.209, 300.361259, 58.946215
98802.743, 300.634415, 59.200263
10425.460, 300.479356, 59.057224
2948.015, 300.664712, 59.223128
4956.171, 300.323813, 58.913819
17570.437, 300.609656, 59.175841
8666.082, 300.378399, 58.966023
24065.709, 300.467888, 59.049894
30852.585, 300.592762, 59.163035
2910.893, 300.409805, 58.994387
19292.899, 300.462812, 59.044872
2063.719, 300.565707, 59.137954
18757.586, 300.665622, 59.230568
20615.518, 300.676322, 59.239552
51917.248, 300.293857, 58.894913
5432.294, 300.473492, 59.054807
8400.404, 300.622888, 59.191963
52815.856, 300.432749, 59.023523
10558.208, 300.577272, 59.150661
15018.068, 300.597839, 59.172030
3339.579, 300.646116, 59.214248
33278.883, 300.309021, 58.909586
43693.039, 300.403777, 58.997192
5889.691, 300.654669, 59.223686
5316.947, 300.450922, 59.038447
6247.171, 300.454954, 59.043612
13820.395, 300.474375, 59.062244
2531.120, 300.359149, 58.955442
6604.666, 300.442144, 59.031648
23543.538, 300.553174, 59.135510
4613.388, 300.351497, 58.949139
8685.539, 300.286665, 58.890842
24292.083, 300.312270, 58.917398
2507.162, 300.456474, 59.045965
37324.198, 300.677029, 59.249939
6765.516, 300.280728, 58.886565
5412.716, 300.588245, 59.167775
5815.194, 300.363096, 58.963487
15527.026, 300.646966, 59.223430
10848.870, 300.334819, 58.938098
2954.639, 300.532772, 59.118434
47241.178, 300.576422, 59.162734
7404.980, 300.321904, 58.927510
36555.694, 300.339465, 58.945045
28254.361, 300.506821, 59.098405
73859.113, 300.611822, 59.196636
26951.384, 300.378165, 58.983386
43885.851, 300.299005, 58.912573
4198.960, 300.315525, 58.923605
3763.275, 300.369890, 58.972877
6616.811, 300.526737, 59.116927
23966.568, 300.390110, 58.995335
27532.418, 300.593008, 59.180869
27731.812, 300.274830, 58.890697
7057.210, 300.398747, 59.003519
3780.026, 300.554086, 59.144418
21334.992, 300.656483, 59.240185
38070.975, 300.416516, 59.023007
2926.830, 300.464800, 59.063732
17554.031, 300.673390, 59.255337
22730.535, 300.436855, 59.040884
2510.289, 300.448190, 59.048980
4496.416, 300.457611, 59.058609
14093.805, 300.324599, 58.937425
5772.873, 300.543810, 59.137550
41603.606, 300.339943, 58.955905
6992.167, 300.515354, 59.113460
21052.643, 300.573893, 59.167972
3775.116, 300.615043, 59.204020
4587.321, 300.288394, 58.905972
23582.846, 300.443209, 59.049785
15196.827, 300.527467, 59.126135
34134.668, 300.534156, 59.135995
10384.772, 300.544378, 59.141833
4559.515, 300.353776, 58.966398
6624.283, 300.449902, 59.055628
6709.646, 300.579884, 59.174363
4174.202, 300.318119, 58.934426
72846.331, 300.481054, 59.089766
145218.062, 300.356986, 58.981380
33770.838, 300.493559, 59.099560
4527.339, 300.548017, 59.145990
6700.975, 300.633589, 59.224375
8754.383, 300.309485, 58.929230
6655.680, 300.346666, 58.962842
39359.677, 300.418027, 59.031871
4618.493, 300.474116, 59.079793
4142.233, 300.305270, 58.925274
43950.533, 300.316501, 58.939743
3747.175, 300.409750, 59.021409
16948.294, 300.402818, 59.019467
33869.726, 300.444981, 59.058821
2931.027, 300.294499, 58.918009
51451.371, 300.648251, 59.245162
3320.231, 300.271399, 58.897582
5472.317, 300.285096, 58.910578
2530.471, 300.427728, 59.041386
5503.217, 300.439507, 59.052660
2062.388, 300.474978, 59.084510
7930.192, 300.327303, 58.951275
62434.187, 300.334721, 58.962230
5787.987, 300.451011, 59.064937
4635.741, 300.622978, 59.221219
3309.328, 300.293823, 58.920787
5837.554, 300.365733, 58.987441
2486.847, 300.551730, 59.157525
3415.506, 300.642865, 59.240009
4212.448, 300.348000, 58.972214
2048.442, 300.377808, 58.999143
37938.330, 300.281561, 58.917407
7484.836, 300.437800, 59.056319
9620.165, 300.423758, 59.043724
170260.572, 300.479813, 59.100257
85447.854, 300.267228, 58.902775
8715.858, 300.299870, 58.931011
16482.773, 300.399521, 59.023434
4975.605, 300.295841, 58.927795
18763.305, 300.390226, 59.017294
7482.007, 300.319777, 58.951363
31319.485, 300.649140, 59.254331
40406.945, 300.322044, 58.956619
34964.156, 300.606067, 59.216663
9146.358, 300.306189, 58.941012
3318.883, 300.513494, 59.131283
4543.446, 300.341490, 58.974602
6971.185, 300.575790, 59.191440
