# Source Fluxes and Coordinates
# Flux (e-/s), RA (deg), Dec (deg)
9271.144, 300.942382, 58.700967
4424.356, 301.231803, 58.961890
35431.061, 301.091241, 58.838831
24372.842, 301.032951, 58.788172
5593.936, 301.096673, 58.842786
8161.434, 301.115701, 58.859867
16794.562, 301.141920, 58.884157
2521.871, 301.165077, 58.903378
25525.345, 301.055038, 58.807863
4107.280, 301.110606, 58.855634
5284.778, 301.006236, 58.762809
6592.824, 301.131550, 58.878235
3253.358, 301.274080, 59.005295
6199.642, 301.116657, 58.865550
10772.436, 301.304931, 59.034319
7805.379, 301.186073, 58.929363
49834.829, 301.056193, 58.817513
33443.129, 301.176935, 58.926926
17046.577, 300.992865, 58.762181
2442.214, 301.280406, 59.017734
5819.052, 301.294545, 59.030243
25277.777, 301.085463, 58.849249
42965.040, 300.973911, 58.748896
9460.020, 301.271451, 59.014493
17408.211, 301.099952, 58.863789
66671.896, 301.293724, 59.039262
36093.648, 300.956990, 58.737717
24132.676, 301.008612, 58.785928
7760.238, 301.062572, 58.836207
42183.395, 301.182075, 58.947876
16100.479, 301.283546, 59.038394
4979.197, 300.977756, 58.764649
2017.013, 301.206102, 58.970564
19718.525, 301.011297, 58.798134
28148.733, 300.981270, 58.772627
16131.727, 301.111169, 58.888849
34755.772, 301.134558, 58.911783
4069.123, 301.130971, 58.907772
95502.275, 301.202204, 58.976427
51857.255, 300.929133, 58.730882
34363.849, 301.210243, 58.987081
4060.386, 300.974896, 58.772899
48910.954, 301.167399, 58.949541
23240.585, 301.056336, 58.849945
34933.777, 301.252992, 59.025564
2063.022, 300.968950, 58.769495
4462.488, 300.977835, 58.777958
17220.661, 301.135813, 58.921386
19131.203, 300.945789, 58.752705
2848.848, 300.904503, 58.713939
10584.990, 300.982380, 58.786126
11469.281, 301.019672, 58.820026
63303.507, 301.170446, 58.959035
16658.103, 301.119722, 58.911759
74271.243, 301.269357, 59.047639
18594.653, 301.065109, 58.865111
2399.553, 300.948097, 58.758508
55783.021, 301.153080, 58.947787
9258.329, 300.927342, 58.742735
32479.949, 301.011857, 58.820510
141057.640, 300.902079, 58.724849
5372.046, 300.890404, 58.710027
26747.738, 301.108828, 58.910363
2524.602, 301.219694, 59.007315
6921.551, 300.892248, 58.713399
10149.865, 300.940803, 58.759320
26769.250, 301.088464, 58.894767
2386.805, 301.038279, 58.848265
7149.475, 301.283701, 59.068462
14757.349, 301.245932, 59.036296
6133.495, 300.926574, 58.751030
107714.739, 300.883444, 58.724854
9024.974, 301.264972, 59.058067
3238.077, 300.947809, 58.774659
4909.778, 300.972102, 58.796777
41767.945, 301.101983, 58.916952
11970.062, 301.232507, 59.031129
114451.746, 300.867453, 58.712505
8639.229, 301.012481, 58.835168
60121.889, 301.110119, 58.926677
4889.948, 300.900331, 58.733878
14344.233, 300.985568, 58.811868
3305.654, 300.966799, 58.794544
7313.262, 300.954382, 58.787457
2013.032, 301.025817, 58.851914
29418.780, 301.045471, 58.872797
5727.215, 300.960249, 58.795056
110076.561, 301.068341, 58.896625
23225.173, 300.938199, 58.780762
8035.246, 301.014822, 58.848702
87100.456, 300.894576, 58.745796
56289.230, 300.903729, 58.752053
56966.383, 300.942997, 58.787962
9388.099, 301.229434, 59.041909
10225.155, 300.974551, 58.814660
51126.155, 301.104666, 58.934222
22987.638, 301.112559, 58.941110
74474.366, 301.167953, 58.994567
46525.360, 300.881558, 58.740919
14715.302, 301.047872, 58.887334
5289.596, 300.990591, 58.835341
29877.228, 300.994623, 58.840551
3243.252, 301.089992, 58.925170
2040.015, 300.954434, 58.804184
10140.558, 300.916748, 58.771727
4573.389, 300.958846, 58.809721
58362.969, 301.015528, 58.864869
29438.011, 301.075716, 58.917144
5662.091, 300.865390, 58.726399
9723.288, 300.950025, 58.803969
14296.965, 301.107203, 58.948049
12111.134, 300.894099, 58.758752
155338.064, 301.138086, 58.982236
64016.121, 300.886733, 58.754762
2433.712, 300.955059, 58.811770
10985.836, 301.036190, 58.886173
381159.335, 300.859594, 58.741420
26241.297, 301.240157, 59.073020
6900.099, 300.858430, 58.730483
46868.774, 300.969896, 58.834733
131705.575, 301.026196, 58.890538
2809.114, 300.930248, 58.798131
28134.015, 301.065327, 58.924731
16864.893, 301.188838, 59.032268
25851.014, 300.950405, 58.823423
34185.641, 300.955185, 58.828036
14239.359, 300.881265, 58.760183
9397.216, 300.898405, 58.775301
2423.395, 301.000813, 58.865862
64799.801, 300.999816, 58.871681
2018.716, 301.138974, 58.989942
9210.813, 300.875857, 58.754766
2002.754, 300.947392, 58.818723
24415.166, 301.141419, 58.998213
2832.411, 300.845622, 58.729969
2802.771, 301.047749, 58.912214
2100.775, 301.222078, 59.069518
13180.588, 301.097584, 58.960838
1065321.660, 300.811980, 58.724974
23772.488, 300.960155, 58.839815
5288.491, 300.878465, 58.765107
3664.038, 300.896624, 58.781968
3280.524, 300.948467, 58.830630
2062.712, 300.968995, 58.849797
2131.221, 300.907056, 58.794285
2053.465, 300.885162, 58.775288
13561.724, 300.951749, 58.837458
10640.366, 300.828740, 58.726915
15100.185, 300.846750, 58.744742
4492.452, 300.928762, 58.817117
4911.716, 301.054268, 58.930864
118755.114, 300.863917, 58.766938
56210.396, 301.202512, 59.068792
13805.691, 300.851527, 58.753611
2409.405, 300.861199, 58.759367
2024.337, 300.915729, 58.808672
27567.446, 301.066392, 58.947719
14969.857, 300.874090, 58.775125
143132.937, 301.023158, 58.914348
27032.071, 301.106014, 58.984606
13089.129, 300.922816, 58.819485
41862.265, 301.014311, 58.907012
4908.496, 301.171905, 59.042742
6476.718, 300.896491, 58.798108
32293.370, 301.111809, 58.995323
5261.066, 300.837490, 58.745939
4029.422, 300.997403, 58.892031
22328.617, 300.841004, 58.752591
40741.632, 301.046806, 58.942982
114692.286, 301.132146, 59.022178
2512.185, 300.896944, 58.805202
80570.934, 300.914689, 58.829923
14231.402, 300.962267, 58.867303
50768.928, 300.816110, 58.738767
10156.941, 300.965155, 58.870528
54831.396, 300.983178, 58.889348
3661.344, 300.913574, 58.824211
56261.838, 301.119665, 59.013158
3293.532, 300.845336, 58.763369
2497.662, 301.036300, 58.936752
7687.701, 300.941706, 58.853039
16088.675, 300.988396, 58.896000
6494.357, 301.154414, 59.044677
11406.725, 300.961609, 58.872541
9810.426, 300.934326, 58.848830
8491.591, 300.989514, 58.899935
6506.675, 300.871411, 58.793532
15814.525, 300.949424, 58.865604
44507.950, 301.144235, 59.044008
85708.855, 300.935278, 58.858583
4873.986, 300.900349, 58.822801
569438.166, 300.820142, 58.765529
3730.364, 300.848627, 58.777719
2836.731, 300.837909, 58.768496
33111.667, 301.101594, 59.008742
50652.619, 301.193342, 59.092068
22550.176, 300.974815, 58.896949
4956.564, 301.026056, 58.940356
3243.860, 300.816687, 58.751383
17759.220, 301.074679, 58.986406
14872.098, 301.063842, 58.978249
13320.353, 301.174504, 59.076396
97164.595, 300.837112, 58.779009
4488.819, 300.986249, 58.907994
17236.271, 301.066076, 58.982362
23958.668, 300.902283, 58.835700
15427.061, 300.802848, 58.746303
34144.246, 301.139071, 59.054596
9285.175, 300.846665, 58.790920
4045.339, 301.039449, 58.963472
43432.582, 300.969509, 58.907650
9717.751, 300.932101, 58.872417
2025.949, 300.838388, 58.786644
28004.799, 301.014335, 58.948264
23082.947, 300.884867, 58.832515
37095.796, 300.922701, 58.867952
8544.247, 300.986220, 58.924631
47202.548, 301.059466, 58.993137
4446.315, 300.820465, 58.775606
15463.627, 300.841305, 58.795407
14834.551, 301.041077, 58.975629
12571.913, 300.775906, 58.737486
2431.805, 301.073106, 59.004644
2487.220, 300.998900, 58.939598
42008.015, 301.160186, 59.087588
6914.843, 300.782998, 58.746727
45600.674, 300.817681, 58.783021
7358.260, 300.865658, 58.823613
5368.034, 300.900246, 58.854624
6875.381, 300.794353, 58.761974
4495.599, 300.847332, 58.809436
33315.224, 300.874292, 58.838465
33697.406, 300.980512, 58.933875
42446.501, 301.050473, 58.996890
32188.883, 300.802515, 58.774491
79376.335, 301.023207, 58.976121
33966.087, 301.130839, 59.070169
29058.287, 301.144881, 59.081880
30653.655, 301.090576, 59.035189
55133.676, 300.765735, 58.743601
21231.143, 300.940285, 58.900092
17538.875, 300.776781, 58.751585
11391.682, 300.806003, 58.779361
13926.706, 300.837110, 58.807790
40520.434, 300.823491, 58.797975
8883.025, 301.003724, 58.958912
4977.326, 300.794497, 58.771713
5764.258, 300.905551, 58.872350
34521.899, 301.076824, 59.028927
21448.436, 301.110671, 59.058650
10087.389, 300.781107, 58.763999
27932.724, 300.974481, 58.940439
51845.221, 300.847396, 58.827622
3317.810, 300.783508, 58.766628
2837.993, 300.812870, 58.793818
5325.753, 300.979920, 58.946002
11764.540, 300.794407, 58.779981
3666.896, 300.930601, 58.902458
3672.826, 300.798151, 58.784341
2094.814, 300.960929, 58.930296
6095.164, 300.813212, 58.798225
14382.954, 300.992309, 58.960907
9385.866, 300.806410, 58.793325
85985.648, 301.020222, 58.991993
4023.911, 300.835112, 58.820402
24622.456, 300.926867, 58.906280
21876.838, 301.002795, 58.975337
4097.579, 300.753042, 58.747262
2860.617, 301.010269, 58.980007
82799.414, 300.960613, 58.941547
13493.949, 300.891306, 58.876201
98443.110, 300.856497, 58.853499
67398.487, 300.773430, 58.776457
6132.766, 300.830105, 58.823807
3666.309, 300.866761, 58.856566
6207.794, 300.978670, 58.958420
10154.888, 300.797891, 58.795856
34736.465, 301.093823, 59.064811
28114.801, 300.742964, 58.749599
3657.248, 300.769439, 58.771080
10623.423, 301.142871, 59.109583
18478.643, 300.750237, 58.758208
5258.906, 300.819433, 58.818913
186234.241, 301.017276, 59.006924
42788.827, 301.112362, 59.086948
4886.856, 300.754476, 58.763489
10991.172, 300.880668, 58.879603
17581.080, 300.888039, 58.886321
25600.937, 300.785281, 58.796114
11693.751, 300.838839, 58.844191
93506.936, 300.738228, 58.760882
19449.362, 300.896106, 58.899109
16736.728, 300.730501, 58.752418
20032.351, 300.949051, 58.949613
11154.368, 300.978340, 58.974781
40029.980, 301.022214, 59.016903
7374.597, 300.936721, 58.938739
8621.174, 300.820130, 58.833959
14513.833, 301.031263, 59.025289
35111.822, 301.071395, 59.062001
58447.592, 300.768127, 58.790813
44992.353, 300.803755, 58.822268
15845.899, 300.755728, 58.779573
6559.630, 300.920296, 58.927054
26048.953, 300.961181, 58.965874
3234.225, 300.793206, 58.812279
3270.393, 300.796388, 58.816236
3244.953, 300.891013, 58.901758
65813.510, 300.743810, 58.776050
8592.256, 300.865687, 58.880096
4556.413, 301.078749, 59.071905
2437.310, 300.844579, 58.861384
40474.076, 301.092672, 59.089312
3738.229, 300.921758, 58.932802
20707.444, 300.875576, 58.894822
284315.983, 300.899596, 58.922970
4603.584, 300.778483, 58.805722
3224.880, 300.806596, 58.830327
167951.922, 300.710088, 58.752765
32068.964, 300.810073, 58.837263
19037.398, 300.883655, 58.903281
13071.091, 300.889616, 58.909249
3335.345, 300.899515, 58.916679
23163.035, 300.732299, 58.769030
72346.187, 300.830217, 58.860654
8034.985, 300.727243, 58.763167
2533.071, 300.737483, 58.772155
9744.618, 300.751338, 58.785250
60612.267, 300.773822, 58.811353
3692.793, 300.855294, 58.878882
3690.647, 300.842968, 58.869862
6584.378, 301.078098, 59.081336
17438.410, 300.751840, 58.789208
37216.891, 300.959115, 58.979291
4464.125, 300.795924, 58.829677
2051.832, 300.853297, 58.881334
3655.845, 300.822712, 58.855038
2037.331, 300.779154, 58.815910
109009.091, 300.713631, 58.765674
10934.449, 300.863140, 58.896040
93684.422, 300.832778, 58.876012
14991.536, 300.826863, 58.866725
38896.616, 300.706814, 58.760462
38605.362, 300.743544, 58.793475
49762.957, 300.954334, 58.985761
6650.391, 301.104219, 59.116218
2885.534, 301.107612, 59.118578
2406.612, 300.881072, 58.916206
4945.274, 301.032444, 59.053066
11257.264, 300.752354, 58.802439
16811.583, 300.843692, 58.885138
35919.085, 301.042140, 59.065598
3279.688, 300.902312, 58.937095
6466.004, 300.798126, 58.844818
11345.571, 300.781952, 58.834066
3710.287, 300.867145, 58.909531
8174.104, 300.714448, 58.773961
13968.698, 300.813845, 58.864371
29253.713, 300.868555, 58.915196
5760.394, 300.697721, 58.759079
60913.192, 301.017505, 59.053399
2133.783, 301.083643, 59.108765
38875.599, 301.053656, 59.086133
10111.992, 300.836993, 58.890703
15162.253, 301.042757, 59.076345
7359.543, 300.713272, 58.778883
21213.012, 300.886627, 58.938946
13318.897, 300.813689, 58.872939
6114.247, 301.060400, 59.095308
3632.649, 300.725497, 58.794186
19003.565, 300.901563, 58.955750
4118.883, 300.698525, 58.769696
40649.298, 300.716776, 58.788800
8141.713, 300.775900, 58.841598
8076.795, 300.792520, 58.857240
14693.218, 300.760161, 58.829506
54889.663, 300.830536, 58.895837
3697.495, 300.780856, 58.848185
2835.102, 300.958155, 59.009016
2067.253, 300.885314, 58.943796
54323.346, 300.926196, 58.985317
29972.601, 301.048006, 59.093746
7711.594, 300.739778, 58.814208
31349.744, 300.948603, 59.004821
9768.080, 300.855431, 58.920652
3216.280, 300.867762, 58.930399
2433.286, 300.691567, 58.770948
6112.795, 300.742684, 58.819267
5247.355, 300.695821, 58.777494
3269.485, 300.768609, 58.843075
78531.591, 300.844981, 58.917443
20579.610, 300.703615, 58.788282
7359.602, 300.745416, 58.825036
4847.814, 300.691826, 58.779032
12304.084, 300.984046, 59.043721
3251.560, 300.836917, 58.910888
5717.861, 300.804057, 58.882449
28660.800, 301.075053, 59.128655
4127.301, 300.885547, 58.956837
15843.259, 300.965752, 59.033725
45208.989, 300.914193, 58.987425
6082.977, 300.829667, 58.909128
41518.581, 300.685051, 58.783797
7818.420, 301.018552, 59.080156
35056.879, 300.958693, 59.030319
4902.055, 300.680130, 58.776056
2043.342, 300.767625, 58.855167
2012.741, 300.795314, 58.880806
8664.416, 301.049412, 59.110455
16964.404, 300.782214, 58.872447
41855.732, 300.989411, 59.059899
4091.687, 300.672266, 58.770970
23669.408, 300.767690, 58.859237
22791.623, 300.775228, 58.865690
5395.326, 301.023112, 59.090571
23786.400, 301.036455, 59.104254
2859.137, 300.689838, 58.789698
63341.709, 300.719151, 58.821945
4462.304, 300.799881, 58.890447
5298.005, 300.663281, 58.767057
57579.765, 300.799028, 58.894124
52524.200, 300.866896, 58.958293
12051.207, 301.026094, 59.097550
7307.087, 301.043528, 59.112483
4448.806, 300.774251, 58.872062
312275.800, 300.955551, 59.044983
94868.715, 300.993589, 59.075639
47596.372, 300.936371, 59.022688
3240.391, 300.764453, 58.866902
15948.721, 300.742463, 58.848166
2453.259, 300.656434, 58.770283
55870.286, 300.871863, 58.969850
26371.331, 300.725729, 58.836943
30820.706, 300.825786, 58.927603
5283.287, 300.704527, 58.816262
54599.988, 300.707381, 58.821745
9252.302, 300.743118, 58.851944
13810.841, 300.940400, 59.031143
32673.010, 300.767505, 58.877103
5768.100, 301.038645, 59.118658
3716.702, 300.779480, 58.885589
4598.500, 300.833560, 58.935243
13627.803, 300.884977, 58.984208
80351.971, 300.659403, 58.785332
13243.636, 300.862644, 58.964775
32420.632, 300.891758, 58.992680
37228.163, 300.896451, 58.996996
7742.320, 300.680146, 58.799161
15408.406, 300.688419, 58.808410
5421.343, 301.030914, 59.115514
5672.096, 300.676633, 58.796238
19865.519, 300.696955, 58.817708
65617.529, 300.774337, 58.890101
2089.208, 300.650927, 58.774371
176517.202, 300.750281, 58.872363
18933.817, 300.883961, 58.988904
11327.443, 300.727580, 58.847259
33937.247, 300.662715, 58.793825
44483.068, 300.675075, 58.803994
4132.296, 300.784284, 58.899786
19265.181, 300.907300, 59.015271
8522.289, 300.644052, 58.778126
2450.996, 300.650325, 58.782122
38500.834, 300.736438, 58.864102
57350.743, 300.967296, 59.077571
17845.135, 300.829300, 58.948005
62302.127, 300.645689, 58.785975
5321.105, 300.801777, 58.922910
4046.315, 300.940066, 59.047275
19752.277, 300.863058, 58.981511
8475.030, 300.633513, 58.775221
45897.999, 300.880637, 59.002219
132110.195, 300.750929, 58.890368
26581.855, 300.703263, 58.840927
39282.197, 300.662248, 58.807245
55298.874, 300.937143, 59.058083
4594.207, 300.985866, 59.098158
4823.248, 300.729888, 58.867643
25965.613, 301.018707, 59.129954
34246.546, 300.644054, 58.793336
3228.439, 300.793929, 58.927359
164513.125, 300.813931, 58.954220
10598.672, 300.691794, 58.835912
17484.804, 300.739539, 58.881283
2011.026, 300.857366, 58.984944
10570.294, 300.694449, 58.840028
70974.876, 300.828131, 58.965039
12015.185, 300.895150, 59.022345
17586.296, 300.991307, 59.109272
22370.534, 300.635987, 58.790526
2853.511, 300.720278, 58.864824
32265.634, 300.885521, 59.016993
38649.297, 300.925082, 59.054756
20630.428, 300.667743, 58.822464
86764.071, 300.674171, 58.830739
3287.134, 300.720071, 58.866805
70321.397, 300.838406, 58.982820
4432.440, 300.723094, 58.870804
6579.511, 300.943235, 59.069693
5628.667, 300.728233, 58.876311
4461.105, 300.970284, 59.094991
21211.432, 301.007290, 59.130058
12602.483, 300.618375, 58.779767
11778.013, 300.680995, 58.837232
52301.059, 300.687713, 58.850051
4171.721, 300.765673, 58.913247
4131.637, 300.737205, 58.887549
17497.332, 300.702680, 58.860168
46767.944, 300.923138, 59.060808
3586.895, 300.676505, 58.835423
2035.831, 300.725490, 58.881443
44746.298, 300.737019, 58.896201
7714.757, 300.713868, 58.872795
88292.265, 300.726887, 58.891487
13019.545, 300.742589, 58.900835
2030.168, 300.801261, 58.951193
2052.258, 300.767219, 58.921019
10601.470, 300.648065, 58.815895
193676.675, 300.850395, 59.004863
2058.125, 301.000594, 59.133517
12438.370, 300.607327, 58.782231
89799.861, 300.635477, 58.812580
19917.229, 300.777187, 58.938715
22485.486, 300.837163, 58.992924
4903.517, 300.677705, 58.847482
7773.866, 300.617160, 58.793234
4495.503, 300.657549, 58.829865
66392.636, 300.652349, 58.832654
70878.018, 300.665193, 58.844233
13079.903, 300.789162, 58.953119
4020.545, 300.949088, 59.095770
9016.238, 300.764624, 58.930301
12772.443, 300.799534, 58.963617
4123.249, 300.729609, 58.900158
2475.086, 300.783142, 58.948533
50558.305, 300.607411, 58.793467
2463.454, 300.837326, 59.000069
9321.800, 300.918235, 59.074775
4111.019, 300.743903, 58.917527
13408.814, 300.620538, 58.806647
19130.548, 300.712591, 58.892008
6083.113, 300.624218, 58.810697
4092.134, 300.693589, 58.873935
12679.541, 300.806912, 58.978001
41710.318, 300.779933, 58.956340
17618.626, 300.884379, 59.053109
2040.342, 300.645856, 58.834648
18850.914, 300.823846, 58.999491
13910.534, 300.915904, 59.080543
13433.690, 300.619771, 58.814553
20762.399, 300.725330, 58.912984
33760.062, 300.826574, 59.004902
8137.294, 300.614419, 58.811384
5668.204, 300.644907, 58.838711
21801.199, 300.942192, 59.109144
2822.204, 300.735560, 58.921263
12324.986, 300.862980, 59.037325
2481.262, 300.588567, 58.788143
28616.737, 300.714521, 58.905960
115101.161, 300.982146, 59.152461
11720.414, 300.646609, 58.844091
24770.959, 300.682646, 58.878000
4933.687, 300.930235, 59.100321
5254.145, 300.643502, 58.842093
5640.593, 300.733564, 58.923824
21688.713, 300.908340, 59.082122
12985.466, 300.595094, 58.798948
66105.235, 300.889106, 59.070675
72866.974, 300.802614, 58.993591
68722.462, 300.766883, 58.964723
56700.736, 300.794907, 58.986972
3667.015, 300.699634, 58.896287
11325.362, 300.633063, 58.838861
3588.805, 300.655379, 58.857653
57642.727, 300.829991, 59.020545
12157.395, 300.731044, 58.928477
7809.234, 300.876630, 59.059938
2094.056, 300.690682, 58.891171
33105.613, 300.641196, 58.850770
5310.981, 300.580791, 58.793051
2805.341, 300.632858, 58.841321
15353.388, 300.682399, 58.887876
36871.029, 300.731291, 58.934410
36172.219, 300.719912, 58.925434
7714.557, 300.693030, 58.898831
8998.946, 300.687371, 58.895150
17893.652, 300.773153, 58.974607
24496.370, 300.575363, 58.795677
2870.388, 300.586267, 58.803652
9395.975, 300.640093, 58.854855
2468.015, 300.694541, 58.903598
26023.206, 300.648816, 58.864278
4900.158, 300.752794, 58.957401
37421.422, 300.665687, 58.881908
2058.516, 300.701227, 58.911878
4538.081, 300.612384, 58.832585
22141.274, 300.601928, 58.825436
48409.792, 300.647414, 58.870702
2498.363, 300.885619, 59.080190
3658.891, 300.798191, 59.002755
26784.289, 300.790484, 58.999129
9037.718, 300.815865, 59.020049
8625.171, 300.846986, 59.048208
27666.911, 300.654888, 58.876330
2010.633, 300.701609, 58.916450
4044.800, 300.670355, 58.889003
4084.305, 300.735564, 58.948282
53816.646, 300.880825, 59.084012
5332.424, 300.570233, 58.799405
2026.208, 300.612668, 58.837398
2839.973, 300.716384, 58.932293
86615.701, 300.677004, 58.901755
6088.217, 300.624720, 58.850456
36524.692, 300.964085, 59.160034
14682.682, 300.688328, 58.909625
41719.281, 300.817601, 59.029298
34018.254, 300.739436, 58.958569
37431.378, 300.824383, 59.036771
3663.133, 300.716004, 58.936419
21727.678, 300.776198, 58.995603
2880.826, 300.597169, 58.832317
9704.040, 300.694203, 58.922218
4207.285, 300.921434, 59.126015
4475.027, 300.558491, 58.798445
3299.871, 300.562115, 58.800959
7391.501, 300.582461, 58.820786
3217.997, 300.592389, 58.828698
161304.536, 300.652816, 58.890937
46713.839, 300.683630, 58.918083
4087.049, 300.755778, 58.978610
2875.349, 300.803260, 59.020969
26390.824, 300.895582, 59.106558
7352.446, 300.618949, 58.856623
3270.217, 300.719392, 58.947795
2817.529, 300.704531, 58.934998
44505.290, 300.737979, 58.971403
50485.386, 300.949115, 59.164276
38831.363, 300.573031, 58.821474
2475.434, 300.583300, 58.827662
6475.008, 300.642265, 58.881946
2026.141, 300.813162, 59.036491
18230.690, 300.659511, 58.900607
153185.367, 300.904866, 59.126465
4921.307, 300.772065, 59.001874
19879.335, 300.597740, 58.846079
4094.975, 300.667821, 58.907758
7314.858, 300.689136, 58.928841
18446.849, 300.850895, 59.076504
36212.576, 300.615867, 58.866693
30355.627, 300.695389, 58.938230
13038.135, 300.888659, 59.110396
3704.312, 300.757883, 58.992046
7042.994, 300.937485, 59.154758
2436.745, 300.581018, 58.831901
9401.652, 300.794690, 59.026844
13788.641, 300.556485, 58.811745
53119.520, 300.599559, 58.856551
6480.115, 300.675842, 58.921853
7294.415, 300.705070, 58.948388
6882.825, 300.608667, 58.861688
367776.044, 300.627801, 58.886653
30871.356, 300.717137, 58.962736
9408.920, 300.885285, 59.113163
5683.107, 300.545010, 58.804954
3234.911, 300.766026, 59.006157
3349.504, 300.926965, 59.151166
4535.825, 300.583612, 58.842408
62623.028, 300.698523, 58.952228
31451.567, 300.801874, 59.044709
3667.781, 300.601781, 58.862242
13437.295, 300.554419, 58.820613
14650.208, 300.638683, 58.897226
86334.327, 300.665406, 58.926739
67865.085, 300.848987, 59.092603
5771.936, 300.925429, 59.156985
20941.063, 300.547625, 58.816327
5734.852, 300.602879, 58.865587
8866.733, 300.616952, 58.878895
8302.129, 300.937637, 59.169739
11443.961, 300.844307, 59.086569
10972.749, 300.585408, 58.853547
2851.995, 300.562798, 58.831264
4085.308, 300.530012, 58.804172
17983.215, 300.801365, 59.054537
9868.744, 300.890971, 59.135264
4534.075, 300.586955, 58.859585
5344.923, 300.738177, 58.999283
3288.446, 300.817506, 59.070174
30853.562, 300.565894, 58.849212
89039.745, 300.620131, 58.899508
3237.296, 300.599968, 58.876337
18479.937, 300.841943, 59.097622
2034.408, 300.649756, 58.923997
21822.813, 300.783650, 59.047447
4855.406, 300.866966, 59.120548
15380.113, 300.810329, 59.071909
65729.939, 300.893239, 59.151336
2436.547, 300.621849, 58.905612
95289.463, 300.784679, 59.063870
24999.378, 300.542712, 58.837455
13041.642, 300.661081, 58.943986
29169.425, 300.740102, 59.018374
7955.819, 300.871816, 59.134508
18914.684, 300.664050, 58.949646
2021.161, 300.514141, 58.811681
3675.714, 300.652611, 58.940914
10732.479, 300.675925, 58.964260
8934.884, 300.558311, 58.857028
96323.869, 300.579411, 58.881095
20074.097, 300.910935, 59.177718
2052.784, 300.592521, 58.887995
8875.262, 300.593995, 58.891332
24863.317, 300.812632, 59.090647
20080.560, 300.827639, 59.103775
5705.352, 300.514048, 58.818051
7292.016, 300.620003, 58.915199
2853.326, 300.665447, 58.956142
2064.304, 300.711512, 58.997971
2859.437, 300.809191, 59.086056
7348.719, 300.600189, 58.898150
4462.597, 300.655299, 58.947680
8978.089, 300.681394, 58.972745
62340.007, 300.744093, 59.036102
7758.482, 300.520343, 58.827492
25604.911, 300.614480, 58.917953
37271.762, 300.656013, 58.954860
40895.193, 300.539312, 58.849143
15943.428, 300.692821, 58.987108
2400.122, 300.639706, 58.937650
2453.937, 300.696025, 58.991349
2912.874, 300.874382, 59.152489
6575.838, 300.510639, 58.823596
3263.486, 300.619350, 58.922718
8905.170, 300.701849, 58.998963
2474.658, 300.885729, 59.163906
304379.586, 300.703265, 59.009984
51435.479, 300.834979, 59.123030
23212.221, 300.897915, 59.178261
33166.830, 300.634414, 58.941904
26428.721, 300.681977, 58.985155
2035.970, 300.695427, 58.996355
12860.380, 300.882875, 59.168122
10630.032, 300.771437, 59.067915
11709.937, 300.543943, 58.863218
4499.062, 300.626168, 58.937256
8194.151, 300.550408, 58.868715
27689.475, 300.711354, 59.017531
10795.871, 300.717096, 59.022384
13416.155, 300.845670, 59.139059
27316.810, 300.853371, 59.146753
3240.349, 300.498298, 58.823805
3247.048, 300.584067, 58.902341
7363.677, 300.648920, 58.963687
50664.331, 300.558295, 58.885251
18805.123, 300.660986, 58.977328
23274.545, 300.583113, 58.906826
40351.514, 300.613659, 58.936311
5714.931, 300.751681, 59.058852
6919.179, 300.528637, 58.857543
35429.841, 300.802037, 59.107265
2797.669, 300.657281, 58.974018
6507.475, 300.799566, 59.103313
33888.919, 300.493514, 58.827576
4104.819, 300.540487, 58.868721
2841.852, 300.591061, 58.914286
14200.558, 300.533687, 58.864254
42511.156, 300.740561, 59.054809
2462.745, 300.767492, 59.075540
20724.909, 300.827806, 59.132088
2056.470, 300.688048, 59.003968
20023.725, 300.659905, 58.981676
21540.469, 300.515177, 58.851394
53848.994, 300.718992, 59.039399
36608.596, 300.766055, 59.081309
58251.607, 300.484555, 58.827850
20407.988, 300.771580, 59.085048
2062.035, 300.753817, 59.067717
35576.126, 300.813441, 59.124943
44077.028, 300.622898, 58.953514
39218.089, 300.637907, 58.968221
2480.407, 300.530167, 58.867300
23622.624, 300.556329, 58.894608
2925.962, 300.542710, 58.879631
17162.104, 300.846692, 59.158185
61938.811, 300.864999, 59.178876
5263.997, 300.624999, 58.958447
2431.465, 300.507211, 58.851485
14246.942, 300.521733, 58.866746
6854.057, 300.594655, 58.934089
6114.259, 300.627197, 58.963550
4095.674, 300.477294, 58.826413
2503.832, 300.557959, 58.901038
3693.106, 300.616071, 58.953924
17026.323, 300.811034, 59.134554
4176.839, 300.870112, 59.186178
35625.016, 300.613701, 58.958787
2424.739, 300.515077, 58.865736
2896.855, 300.497548, 58.851423
49544.648, 300.708498, 59.047062
3223.121, 300.535700, 58.887158
6471.308, 300.559187, 58.908796
36719.000, 300.639830, 58.984798
2033.061, 300.491512, 58.846737
21066.044, 300.539630, 58.894076
5703.529, 300.851695, 59.175287
13389.991, 300.510606, 58.868348
2081.520, 300.581075, 58.930413
2502.145, 300.815133, 59.143952
26562.265, 300.466848, 58.831730
6461.194, 300.729344, 59.068069
37046.927, 300.733764, 59.074430
30625.096, 300.655773, 59.003811
6542.166, 300.800213, 59.133083
7681.617, 300.462551, 58.828071
6476.792, 300.510719, 58.871629
26088.827, 300.672546, 59.021824
7729.438, 300.478488, 58.844437
3682.424, 300.613421, 58.967540
4940.237, 300.491147, 58.856840
5298.435, 300.551974, 58.913969
9835.425, 300.710087, 59.058469
97226.876, 300.768453, 59.115277
5732.525, 300.472102, 58.841420
13192.766, 300.714496, 59.063871
12295.876, 300.455206, 58.828558
12991.357, 300.570466, 58.934115
34444.377, 300.626212, 58.987523
21198.631, 300.585520, 58.948457
30220.743, 300.688718, 59.042528
7382.310, 300.703332, 59.054289
35661.778, 300.527778, 58.897748
6061.638, 300.543892, 58.909677
16046.396, 300.663590, 59.020233
2469.369, 300.616423, 58.976607
20293.685, 300.548312, 58.917464
14458.630, 300.654112, 59.012788
4039.523, 300.559746, 58.927739
3664.691, 300.573899, 58.940226
2432.063, 300.530949, 58.901425
6867.213, 300.610280, 58.975183
6918.488, 300.522264, 58.895082
43718.779, 300.836075, 59.182214
41799.911, 300.819735, 59.171711
2038.082, 300.816079, 59.163159
13955.232, 300.711348, 59.071056
53964.817, 300.735225, 59.094961
54804.398, 300.777847, 59.133568
11780.582, 300.841640, 59.190610
6526.338, 300.489469, 58.872097
3267.824, 300.541971, 58.920479
10044.428, 300.575920, 58.953293
43363.777, 300.750123, 59.113036
67511.834, 300.478507, 58.867409
13899.696, 300.592267, 58.969859
39866.242, 300.606441, 58.985390
7668.651, 300.450821, 58.840826
35435.584, 300.464139, 58.855522
2011.979, 300.576876, 58.955975
75660.798, 300.631883, 59.013039
4104.751, 300.543970, 58.927953
37684.339, 300.564305, 58.949012
10901.054, 300.621706, 59.000120
2063.249, 300.802922, 59.162214
4491.453, 300.612421, 58.991460
2806.474, 300.792269, 59.154143
16533.991, 300.816446, 59.178606
6899.681, 300.455903, 58.850405
36512.497, 300.489074, 58.884966
18591.254, 300.835685, 59.198244
6085.101, 300.446933, 58.844761
15985.057, 300.580278, 58.968324
9729.902, 300.590316, 58.979249
18843.718, 300.497330, 58.893962
4915.967, 300.436025, 58.837565
5727.953, 300.502060, 58.898645
3266.527, 300.593560, 58.981708
24026.170, 300.711810, 59.091090
2449.751, 300.442305, 58.844239
3644.124, 300.537425, 58.931441
17660.361, 300.447584, 58.851664
34057.457, 300.616480, 59.008325
4473.587, 300.801632, 59.172967
33761.724, 300.812181, 59.185386
9045.614, 300.434050, 58.841315
6487.525, 300.467665, 58.870398
67928.924, 300.643657, 59.034990
62985.659, 300.721927, 59.106699
6098.197, 300.459071, 58.864055
5752.224, 300.568443, 58.963671
6513.906, 300.470717, 58.875032
3644.550, 300.537121, 58.936412
6949.680, 300.557349, 58.954800
6160.618, 300.454244, 58.861257
13045.772, 300.804954, 59.181133
6126.464, 300.460501, 58.867268
76547.406, 300.520291, 58.928494
19041.520, 300.427249, 58.838947
8546.935, 300.745646, 59.128601
412462.174, 300.579461, 58.991618
3676.849, 300.560300, 58.960305
122584.584, 300.458142, 58.875160
2455.737, 300.529399, 58.934099
8548.571, 300.549174, 58.955526
3737.208, 300.752083, 59.139510
32136.987, 300.764334, 59.153122
5292.404, 300.494067, 58.906539
4058.986, 300.504036, 58.915185
37556.441, 300.641985, 59.044889
32202.281, 300.695378, 59.092373
10512.116, 300.530847, 58.943336
26965.480, 300.649384, 59.052296
13129.744, 300.784106, 59.172349
7359.272, 300.442223, 58.861813
40615.979, 300.477645, 58.897366
23708.429, 300.799828, 59.189143
4454.020, 300.489557, 58.907707
13802.389, 300.414894, 58.841416
28022.918, 300.543736, 58.960723
4179.059, 300.687316, 59.088190
6120.912, 300.766050, 59.160229
31190.796, 300.446600, 58.873442
12644.001, 300.517747, 58.936117
2424.182, 300.523547, 58.939863
8641.289, 300.737698, 59.135142
25786.183, 300.655502, 59.063336
8858.041, 300.438735, 58.864925
5695.351, 300.786751, 59.180921
2437.687, 300.662593, 59.069825
2896.328, 300.702327, 59.105799
4508.481, 300.415980, 58.846854
9036.155, 300.725309, 59.130243
62723.986, 300.681119, 59.097422
28276.564, 300.697358, 59.107872
57161.331, 300.736738, 59.144306
6538.866, 300.802040, 59.200418
4921.336, 300.657086, 59.071353
8544.895, 300.514602, 58.942710
3700.564, 300.634104, 59.050822
6040.409, 300.748025, 59.153680
2475.841, 300.417676, 58.853949
6626.433, 300.558082, 58.983264
3731.345, 300.485506, 58.920578
22015.159, 300.747324, 59.160553
9773.050, 300.439569, 58.880316
6495.268, 300.408656, 58.853550
3710.208, 300.397562, 58.843563
4866.240, 300.430385, 58.874542
10605.869, 300.458955, 58.902044
2416.334, 300.474638, 58.913290
4902.940, 300.524240, 58.959307
7709.002, 300.490392, 58.930437
2413.262, 300.517517, 58.953537
85800.321, 300.596401, 59.031050
16530.803, 300.416234, 58.864686
14205.727, 300.480419, 58.922700
14345.333, 300.590387, 59.023097
4483.075, 300.494428, 58.934694
6001.094, 300.504674, 58.944454
3285.387, 300.574171, 59.007103
32643.023, 300.627228, 59.058074
4024.144, 300.442692, 58.888243
79797.595, 300.562945, 59.002742
2898.696, 300.668968, 59.094134
60110.353, 300.394872, 58.849382
22365.760, 300.726807, 59.149166
16870.376, 300.708729, 59.133635
7292.515, 300.465971, 58.912917
39631.133, 300.525426, 58.969799
24749.666, 300.436533, 58.888194
7224.768, 300.473955, 58.920633
3248.155, 300.553378, 58.992580
20043.278, 300.614779, 59.051356
5236.225, 300.657750, 59.088259
2440.387, 300.695633, 59.122627
3305.377, 300.574835, 59.013717
2083.127, 300.745212, 59.168423
17455.666, 300.449081, 58.903054
3708.018, 300.492432, 58.941034
26558.666, 300.652638, 59.090866
56982.140, 300.524368, 58.975652
7743.453, 300.692153, 59.125085
2813.732, 300.687373, 59.120655
38739.739, 300.478920, 58.934928
24950.202, 300.712050, 59.146924
3753.502, 300.576944, 59.022411
2030.972, 300.413967, 58.874005
8159.683, 300.673208, 59.112513
5669.958, 300.679084, 59.118054
23277.228, 300.491670, 58.950597
8766.070, 300.776112, 59.207871
8944.334, 300.406972, 58.873532
12036.968, 300.732256, 59.169358
2853.115, 300.399269, 58.865718
5698.159, 300.401960, 58.868859
31061.834, 300.452653, 58.918152
7034.973, 300.616327, 59.065912
29223.560, 300.672653, 59.119201
111710.492, 300.417419, 58.889306
2872.143, 300.429323, 58.895009
7733.133, 300.552201, 59.009010
50499.037, 300.709973, 59.155469
9333.162, 300.649981, 59.098633
2475.747, 300.686981, 59.131516
33035.127, 300.516610, 58.980313
6505.753, 300.411666, 58.883596
12649.465, 300.377642, 58.856397
2858.109, 300.510985, 58.974912
3287.877, 300.654168, 59.104750
4483.659, 300.388055, 58.863947
2458.073, 300.483907, 58.951870
5316.131, 300.607186, 59.065029
29954.223, 300.400206, 58.877800
4095.570, 300.430805, 58.906055
29748.863, 300.457262, 58.931727
5365.193, 300.528637, 58.994745
2453.280, 300.569461, 59.032465
25085.055, 300.684146, 59.139447
12232.979, 300.462186, 58.938534
9007.761, 300.663030, 59.120197
274654.407, 300.433118, 58.921513
2454.909, 300.483915, 58.956797
3225.410, 300.401112, 58.882151
7756.249, 300.421415, 58.901632
55979.062, 300.641466, 59.105777
11020.417, 300.501412, 58.978876
6097.800, 300.401742, 58.887268
27452.387, 300.697950, 59.158734
2417.682, 300.584282, 59.054409
23181.645, 300.716598, 59.176576
16008.507, 300.370060, 58.861184
3262.025, 300.415403, 58.900470
4097.766, 300.592336, 59.062567
5360.074, 300.594804, 59.065396
4600.833, 300.618347, 59.086720
8199.804, 300.448050, 58.933155
4495.650, 300.558588, 59.033781
37041.998, 300.474177, 58.960244
32827.335, 300.490710, 58.975817
10835.737, 300.703072, 59.167710
13679.784, 300.360390, 58.857945
2888.558, 300.419671, 58.910880
2063.279, 300.609411, 59.084500
12587.584, 300.369005, 58.868100
2080.046, 300.619659, 59.094970
21698.166, 300.405805, 58.903049
13438.741, 300.400701, 58.899166
62911.264, 300.490471, 58.988312
2500.928, 300.394677, 58.892897
3280.253, 300.553583, 59.040722
6478.638, 300.620102, 59.102006
43144.852, 300.677850, 59.158200
44333.398, 300.348843, 58.859399
17243.440, 300.600867, 59.087529
2916.786, 300.647653, 59.127567
44754.645, 300.356133, 58.866557
6083.765, 300.432799, 58.933439
115196.379, 300.509822, 59.011459
63741.603, 300.525209, 59.021907
3666.006, 300.543267, 59.034155
6066.938, 300.581666, 59.069477
98846.740, 300.627871, 59.119189
101593.085, 300.384304, 58.896681
11155.774, 300.731682, 59.207852
4205.711, 300.748503, 59.221482
12258.804, 300.696291, 59.175978
2471.093, 300.381774, 58.889497
6606.978, 300.457705, 58.959623
88176.918, 300.397848, 58.913198
8537.636, 300.470091, 58.973522
2050.088, 300.704584, 59.185118
13891.910, 300.368264, 58.881732
6127.950, 300.725730, 59.207483
65258.649, 300.540773, 59.045213
4861.474, 300.345456, 58.863769
14314.047, 300.555132, 59.057260
2417.384, 300.448102, 58.958441
2865.235, 300.602650, 59.100382
26293.679, 300.361018, 58.885514
32440.574, 300.696734, 59.189635
75835.480, 300.345853, 58.874381
3255.003, 300.421212, 58.936872
15060.918, 300.343330, 58.867450
23059.043, 300.474497, 58.990424
7037.345, 300.571757, 59.076704
4035.936, 300.399317, 58.919197
7694.151, 300.439454, 58.957055
5321.368, 300.576846, 59.081932
19399.273, 300.661275, 59.159800
6516.484, 300.508466, 59.021245
34437.625, 300.670084, 59.171529
8603.665, 300.715721, 59.209473
15869.994, 300.373823, 58.899665
78064.299, 300.413881, 58.942018
7803.695, 300.580088, 59.088967
47621.161, 300.580547, 59.096516
13147.578, 300.401679, 58.930678
13919.892, 300.710948, 59.212432
15490.900, 300.513705, 59.035223
25998.039, 300.588110, 59.102466
13727.544, 300.600463, 59.112967
28511.423, 300.504112, 59.026668
10139.554, 300.327090, 58.865246
4474.044, 300.395997, 58.927657
6152.279, 300.642810, 59.152997
85984.804, 300.358485, 58.899423
3675.909, 300.408681, 58.941097
8256.401, 300.618958, 59.132921
2038.103, 300.346114, 58.883497
11850.875, 300.456932, 58.987639
21168.366, 300.605404, 59.124654
16667.085, 300.679877, 59.190836
12378.724, 300.472269, 59.002255
87960.840, 300.320430, 58.869264
7678.474, 300.364589, 58.904254
23425.114, 300.368449, 58.908841
5387.065, 300.383314, 58.921147
48345.314, 300.348314, 58.891961
19251.278, 300.635510, 59.153047
20551.204, 300.575623, 59.101799
2445.334, 300.493446, 59.024474
3318.051, 300.551428, 59.077020
5292.002, 300.396292, 58.936461
2447.496, 300.473221, 59.008243
3778.611, 300.617700, 59.140418
15503.333, 300.642103, 59.164174
19410.627, 300.500381, 59.036890
5696.523, 300.365621, 58.913621
5683.233, 300.395249, 58.941223
69861.079, 300.432282, 58.982971
5644.381, 300.321992, 58.874794
12226.674, 300.563042, 59.096958
2817.416, 300.376050, 58.925711
5340.870, 300.413763, 58.959993
10740.810, 300.528715, 59.065961
6491.189, 300.554688, 59.089580
51039.286, 300.324076, 58.882817
28103.900, 300.442091, 58.989943
19392.297, 300.566821, 59.102944
49045.236, 300.611880, 59.145638
17899.420, 300.676770, 59.203823
11786.532, 300.361073, 58.916814
397226.595, 300.304831, 58.875383
9758.922, 300.603990, 59.139759
5394.644, 300.393966, 58.947402
20534.014, 300.599636, 59.136521
12758.260, 300.526319, 59.070261
53992.856, 300.536711, 59.083880
13911.355, 300.665451, 59.196284
4001.392, 300.672315, 59.201550
4038.921, 300.336581, 58.895459
76946.657, 300.559879, 59.108164
8982.063, 300.464477, 59.016456
3662.584, 300.496457, 59.044773
3748.442, 300.675849, 59.208933
2067.682, 300.366253, 58.926832
3642.905, 300.375428, 58.935637
15997.016, 300.510499, 59.061605
13898.401, 300.581464, 59.124694
4477.674, 300.341183, 58.904708
9700.680, 300.361543, 58.924975
2450.394, 300.497051, 59.047509
69942.816, 300.661321, 59.202450
83624.419, 300.365568, 58.936700
3638.173, 300.400981, 58.961179
20535.898, 300.613787, 59.157411
2818.539, 300.320320, 58.888973
8098.892, 300.552531, 59.103030
24634.943, 300.327183, 58.899166
2830.603, 300.333758, 58.903047
9569.257, 300.386158, 58.952605
19047.003, 300.418015, 58.981764
16216.943, 300.409181, 58.975266
112197.081, 300.535262, 59.095244
7250.228, 300.311578, 58.886423
14602.003, 300.530828, 59.088721
13847.380, 300.358797, 58.932187
2420.940, 300.338671, 58.912244
15566.265, 300.395299, 58.968039
5676.078, 300.499990, 59.062133
4501.114, 300.352883, 58.928529
18154.800, 300.452494, 59.020525
33655.023, 300.634434, 59.188694
6109.267, 300.318954, 58.897397
2041.439, 300.489177, 59.053335
3292.752, 300.314082, 58.893401
95167.315, 300.473987, 59.048651
8531.000, 300.542793, 59.104251
26068.954, 300.609406, 59.165937
10671.824, 300.365930, 58.944277
6588.229, 300.412089, 58.986062
85738.373, 300.435683, 59.013943
2865.100, 300.300896, 58.883562
168483.740, 300.318596, 58.909690
7763.437, 300.330641, 58.912741
6466.756, 300.512832, 59.079649
2036.108, 300.538872, 59.102661
6055.951, 300.455817, 59.028333
2023.200, 300.492502, 59.061423
4012.154, 300.525649, 59.092132
26165.432, 300.671657, 59.226744
3214.038, 300.369624, 58.949850
4466.271, 300.373142, 58.953801
36250.696, 300.423254, 59.002743
13442.845, 300.311651, 58.899300
6553.404, 300.405238, 58.984231
12227.116, 300.491219, 59.064554
15682.107, 300.544897, 59.113870
1997.508, 300.306159, 58.894781
2107.389, 300.664509, 59.221692
1964.980, 300.330452, 58.917669
2497.246, 300.466784, 59.042463
8106.075, 300.347479, 58.935987
8891.506, 300.380472, 58.966031
94529.753, 300.530819, 59.107636
26136.724, 300.676634, 59.238476
7282.391, 300.337560, 58.927089
36943.812, 300.593110, 59.162962
14039.685, 300.609679, 59.175864
2843.974, 300.298554, 58.890625
2406.702, 300.394020, 58.979538
9768.248, 300.478884, 59.058018
42452.108, 300.633606, 59.201476
15546.384, 300.577802, 59.150314
24723.824, 300.435946, 59.023537
22117.532, 300.664937, 59.230652
12621.837, 300.624156, 59.194106
6549.363, 300.339890, 58.934789
2047.092, 300.347973, 58.940425
11791.096, 300.452764, 59.038021
1990.963, 300.504062, 59.083835
16299.162, 300.598634, 59.171391
4146.330, 300.335521, 58.931010
44165.533, 300.280912, 58.885647
5738.880, 300.327355, 58.924539
38729.554, 300.403935, 58.998204
2055.941, 300.416397, 59.006303
4541.830, 300.655120, 59.223951
21496.359, 300.362123, 58.962588
13997.022, 300.290176, 58.894590
17396.872, 300.552711, 59.135371
3334.093, 300.473344, 59.062544
6967.352, 300.295568, 58.900458
4532.829, 300.336423, 58.938095
27021.401, 300.340461, 58.944902
2483.034, 300.408190, 59.003550
7460.750, 300.429151, 59.023311
8117.618, 300.500125, 59.090056
2443.910, 300.532915, 59.117510
10523.549, 300.317289, 58.923267
2001.686, 300.433334, 59.029250
26098.265, 300.507096, 59.098459
18382.509, 300.646404, 59.223928
5344.588, 300.476431, 59.069222
5629.602, 300.526382, 59.114838
29279.492, 300.576087, 59.162330
60050.621, 300.612246, 59.196395
8140.558, 300.377035, 58.979499
10594.759, 300.450068, 59.047672
7650.444, 300.459059, 59.055769
8960.050, 300.563664, 59.152318
62134.844, 300.589624, 59.179614
20613.823, 300.289153, 58.904042
59317.147, 300.299084, 58.913393
12119.782, 300.379281, 58.985667
3685.588, 300.391929, 58.996417
2444.991, 300.529666, 59.121471
3724.616, 300.553485, 59.144562
27337.001, 300.436377, 59.040413
3241.455, 300.448647, 59.050982
19522.328, 300.656387, 59.241058
19914.799, 300.574091, 59.167914
3271.464, 300.383196, 58.993283
8211.834, 300.442553, 59.048064
19869.926, 300.528543, 59.126368
22337.407, 300.270883, 58.892211
22894.688, 300.339132, 58.955671
4851.773, 300.350790, 58.964038
29425.421, 300.535468, 59.135046
13462.155, 300.580000, 59.173831
6174.072, 300.626091, 59.215317
3705.567, 300.276502, 58.896454
3707.227, 300.323906, 58.939491
4492.616, 300.353142, 58.967613
47129.874, 300.493759, 59.100426
6116.971, 300.266962, 58.889478
3312.913, 300.278484, 58.900118
68386.643, 300.480479, 59.090293
2863.567, 300.629044, 59.219389
26639.404, 300.417971, 59.032108
32772.067, 300.430187, 59.044842
45495.181, 300.444577, 59.058888
18243.615, 300.295276, 58.921096
2122.367, 300.304134, 58.925748
35729.360, 300.317504, 58.941450
2875.298, 300.406925, 59.020347
19493.236, 300.304303, 58.930851
145952.836, 300.355958, 58.980949
60392.614, 300.647986, 59.245131
3246.972, 300.368680, 58.986879
7743.190, 300.375394, 58.994129
4094.468, 300.640008, 59.233988
60695.149, 300.335371, 58.962159
77185.455, 300.322054, 58.955342
2549.055, 300.604697, 59.204602
3316.103, 300.630372, 59.228435
8497.859, 300.382993, 59.003949
2777.608, 300.406426, 59.024986
12189.229, 300.264716, 58.896573
13445.275, 300.287992, 58.918746
197649.841, 300.479081, 59.100549
13899.501, 300.279582, 58.911368
6908.778, 300.273485, 58.907442
3248.769, 300.298360, 58.928129
52213.263, 300.265163, 58.901796
24067.238, 300.281062, 58.917285
17397.212, 300.292410, 58.926031
25046.398, 300.648344, 59.253581
3683.627, 300.365618, 58.994343
4465.674, 300.514536, 59.131657
31430.020, 300.605277, 59.216953
5257.858, 300.404267, 59.032525
6102.384, 300.283971, 58.923428
54123.480, 300.384134, 59.023977
3222.660, 300.489734, 59.111100
92000.314, 300.567978, 59.191453
10677.364, 300.266747, 58.909755
7755.136, 300.407676, 59.039652
17034.048, 300.292566, 58.935470
4885.209, 300.268992, 58.913230
2900.905, 300.306691, 58.947829
2851.840, 300.482366, 59.109006
12463.302, 300.319836, 58.963065
50758.243, 300.333300, 58.980400
4925.829, 300.352559, 58.991435
155470.339, 300.324966, 58.972090
17749.385, 300.424346, 59.060375
12963.255, 300.537265, 59.161767
5689.392, 300.271168, 58.917572
25525.721, 300.438546, 59.076987
3301.227, 300.499982, 59.127875
30205.731, 300.624201, 59.242841
22334.017, 300.590973, 59.213002
12148.545, 300.277127, 58.925921
18253.520, 300.308058, 58.956545
2844.485, 300.246181, 58.897344
18297.349, 300.337840, 58.984563
4498.872, 300.281588, 58.931043
16803.869, 300.595391, 59.219000
15748.066, 300.258835, 58.912132
4049.471, 300.367936, 59.011365
30667.387, 300.615143, 59.240167
9782.421, 300.282990, 58.935604
38197.455, 300.392587, 59.039104
3711.274, 300.545878, 59.175710
63480.008, 300.306499, 58.962966
4876.560, 300.373610, 59.020504
9757.426, 300.478218, 59.116404
65005.736, 300.602325, 59.232183
21414.698, 300.286086, 58.943153
37925.070, 300.339012, 58.991803
3673.170, 300.469623, 59.108447
8918.458, 300.495370, 59.132132
3613.438, 300.238549, 58.897158
4095.334, 300.448502, 59.090562
134467.117, 300.290109, 58.953911
42800.343, 300.590812, 59.223443
4039.334, 300.405143, 59.053748
16266.057, 300.409513, 59.058459
2439.008, 300.464806, 59.107169
150945.003, 300.480932, 59.131164
21774.188, 300.452129, 59.098671
2893.532, 300.481961, 59.125072
11911.234, 300.526000, 59.166388
2430.732, 300.616944, 59.246868
19712.200, 300.225863, 58.893236
18887.126, 300.275545, 58.937958
35253.704, 300.368427, 59.023427
13134.716, 300.627202, 59.258144
5659.996, 300.238126, 58.902870
16807.540, 300.377508, 59.032649
4125.928, 300.507484, 59.149818
7340.759, 300.560603, 59.198865
9741.402, 300.314483, 58.976428
2018.163, 300.446495, 59.095530
8122.118, 300.310813, 58.972454
7300.157, 300.435450, 59.087986
9257.776, 300.363882, 59.025407
14394.942, 300.550306, 59.195707
15278.227, 300.570257, 59.213387
30689.917, 300.580211, 59.223697
8586.351, 300.242793, 58.914832
16461.073, 300.301920, 58.969461
10671.194, 300.387031, 59.048044
5698.187, 300.457208, 59.111951
5686.462, 300.468406, 59.121855
8125.662, 300.485226, 59.137524
2820.853, 300.270422, 58.940548
6048.529, 300.273240, 58.943939
2880.614, 300.348639, 59.012749
2777.348, 300.368242, 59.030979
19550.642, 300.374462, 59.037733
3226.302, 300.434757, 59.091706
2443.865, 300.401659, 59.061765
2849.327, 300.523025, 59.172546
