# Source Fluxes and Coordinates
# Flux (e-/s), RA (deg), Dec (deg)
205714.943, 301.361645, 59.042575
23686.611, 301.075568, 58.787607
15369.456, 301.090540, 58.800628
18184.159, 300.972669, 58.697820
16610.350, 300.992081, 58.712964
4818.060, 301.110312, 58.818351
94163.860, 301.111516, 58.825054
8743.054, 301.160601, 58.864143
17156.767, 301.328415, 59.016011
5803.014, 301.349101, 59.032109
15819.312, 301.276683, 58.971615
2209.974, 301.052090, 58.769018
18361.169, 301.203842, 58.907271
448696.005, 301.206893, 58.921170
3840.758, 301.129634, 58.841224
3459.180, 301.045209, 58.765556
7029.869, 301.232760, 58.935330
10565.964, 301.279292, 58.978784
24399.227, 301.292919, 58.993286
4452.587, 300.976570, 58.707569
22199.409, 301.264532, 58.968884
4046.063, 301.049593, 58.775366
66001.728, 301.242466, 58.953928
968413.381, 301.099878, 58.834615
13840.767, 301.091601, 58.818269
2165.858, 300.997127, 58.732252
25801.552, 300.989962, 58.732055
79007.985, 300.992535, 58.737614
9924.944, 301.111740, 58.842606
37545.139, 300.957577, 58.705606
3051.584, 301.035439, 58.773935
39640.710, 301.236436, 58.960694
22639.674, 301.061489, 58.802307
80691.492, 301.035550, 58.786962
10383.719, 301.011241, 58.760399
5772.081, 301.349313, 59.063466
5150.322, 301.021574, 58.772940
7854.203, 301.149536, 58.888428
6568.710, 301.110432, 58.855173
14730.090, 301.114873, 58.859996
11409.402, 301.141711, 58.884007
9024.828, 300.979749, 58.738760
28059.740, 301.054961, 58.808261
16942.447, 301.117186, 58.865992
3044.121, 301.132057, 58.878088
9547.007, 301.088789, 58.842613
12538.236, 300.960441, 58.727904
3916.130, 301.008732, 58.770085
44256.169, 301.056218, 58.817443
32518.976, 301.178392, 58.926288
9098.540, 300.982212, 58.749766
76673.811, 301.319592, 59.056714
2599.683, 301.064074, 58.824175
3909.852, 300.993810, 58.763332
10527.318, 301.086955, 58.849307
47976.234, 300.973883, 58.748917
3480.754, 300.999166, 58.769446
7441.928, 301.271313, 59.014599
69506.124, 301.293957, 59.039249
3915.545, 301.005110, 58.776103
46928.837, 300.957575, 58.737635
18941.866, 301.099505, 58.864057
4350.254, 300.930167, 58.710773
5187.209, 300.938370, 58.717917
5200.760, 301.203009, 58.957044
18569.583, 301.009172, 58.785503
9957.517, 301.000855, 58.778533
20346.938, 301.063013, 58.836301
3439.526, 300.974266, 58.756291
49702.721, 301.181471, 58.947901
20557.328, 301.283161, 59.039250
7849.041, 301.206778, 58.970568
26716.532, 301.011885, 58.798225
18407.327, 301.112152, 58.888942
36096.857, 301.152329, 58.925701
32938.687, 301.135037, 58.911700
30537.717, 300.982040, 58.773543
102085.749, 301.202362, 58.976314
2171.258, 301.322164, 59.077872
6116.086, 300.943448, 58.739971
3061.987, 301.058235, 58.843540
54190.815, 300.929196, 58.730802
13841.495, 300.921265, 58.722718
6148.542, 301.027455, 58.820079
52759.016, 301.167267, 58.949549
38345.582, 301.253331, 59.025464
4334.386, 301.020042, 58.814233
20523.874, 301.057060, 58.849239
32505.246, 301.208927, 58.986795
19153.626, 301.135378, 58.921153
3865.935, 300.914534, 58.721392
27722.271, 300.944703, 58.752218
20456.691, 300.980507, 58.786147
65192.271, 301.170913, 58.958903
2173.022, 300.990240, 58.792507
2220.139, 301.149044, 58.935410
2160.744, 300.971660, 58.776168
8239.779, 301.031442, 58.831762
23593.925, 301.065951, 58.864970
3577.190, 300.904241, 58.718615
13879.327, 301.012506, 58.818572
56343.705, 301.153125, 58.947873
147073.020, 300.902332, 58.724879
2223.991, 300.989498, 58.798373
10436.028, 301.009917, 58.821282
14492.641, 301.108413, 58.910889
12102.021, 300.922189, 58.745058
10088.735, 300.940805, 58.759552
2191.548, 301.079422, 58.883649
23297.815, 301.088543, 58.894673
2147.472, 301.265308, 59.050549
4814.974, 300.930488, 58.750943
3084.754, 301.246345, 59.036333
7103.939, 301.294215, 59.083021
3952.659, 300.945454, 58.770185
5318.028, 301.264319, 59.057954
39182.886, 300.910934, 58.744345
33501.957, 300.986657, 58.813217
53920.041, 301.109929, 58.926746
4441.271, 301.012772, 58.835679
33276.437, 300.888140, 58.726011
13523.538, 300.921864, 58.757995
3015.894, 301.090004, 58.908474
3427.766, 300.897236, 58.735645
27516.018, 301.045367, 58.872762
113170.357, 301.068442, 58.896645
22100.123, 301.284944, 59.086894
2173.913, 300.998971, 58.829374
69169.641, 300.905539, 58.752303
23764.169, 300.940111, 58.779770
22512.931, 300.876706, 58.726836
73343.107, 300.896012, 58.745830
58094.223, 300.943189, 58.788079
16634.929, 300.974378, 58.814571
54474.684, 301.104671, 58.934181
3861.919, 301.085554, 58.914837
25058.925, 301.113068, 58.941202
66825.007, 301.167300, 58.994595
6536.007, 300.878082, 58.731334
37758.605, 300.880883, 58.741208
42663.225, 300.992154, 58.840484
13578.807, 301.046970, 58.887281
3902.223, 300.990261, 58.835390
68945.093, 301.015686, 58.865090
26460.334, 301.075895, 58.917258
6083.819, 300.911640, 58.769351
4298.935, 301.010210, 58.858653
13616.186, 301.107083, 58.947769
6904.078, 300.915650, 58.774908
162871.970, 301.137972, 58.982160
89348.855, 300.885708, 58.754810
11815.654, 301.035122, 58.886190
6548.926, 301.122176, 58.963877
5200.668, 300.947387, 58.808159
37417.394, 301.064084, 58.916158
24052.263, 301.240345, 59.073089
378876.158, 300.859233, 58.741133
53554.385, 300.970025, 58.834708
3926.365, 301.052860, 58.904524
12203.071, 301.067540, 58.923085
136354.525, 301.026818, 58.890701
2126.687, 300.966926, 58.831364
14028.499, 301.188517, 59.032450
48985.424, 300.949232, 58.822455
71578.711, 300.999639, 58.871728
13019.306, 300.899224, 58.775608
34846.437, 300.954974, 58.827929
6896.545, 301.054727, 58.915328
7358.631, 300.973479, 58.843218
15622.524, 301.062322, 58.926469
4864.573, 300.881705, 58.760427
5677.431, 300.957518, 58.831287
16890.080, 300.985845, 58.858262
3868.167, 301.014408, 58.882364
25960.896, 301.141030, 58.998351
5234.993, 300.979050, 58.852625
5642.687, 301.097360, 58.960008
5672.106, 301.251258, 59.099248
62852.947, 300.955014, 58.838784
4415.069, 300.859498, 58.749352
2158.202, 301.230669, 59.085763
5616.295, 300.865753, 58.758931
3937.692, 300.856807, 58.752667
59792.312, 301.202341, 59.068627
138506.402, 300.861223, 58.766105
7331.123, 300.901988, 58.798003
144630.498, 301.023126, 58.914087
27513.628, 301.065408, 58.947366
20138.792, 301.106883, 58.984394
8292.498, 300.988416, 58.877435
3512.081, 300.852086, 58.754578
8214.516, 300.922922, 58.819779
7527.715, 300.963279, 58.855864
31307.114, 301.111739, 58.995096
2628.711, 300.851315, 58.759967
3443.647, 300.838380, 58.749538
7769.399, 300.951824, 58.853345
17215.961, 300.832034, 58.748579
42002.218, 301.046742, 58.943086
120858.577, 301.131991, 59.022189
8662.662, 300.909145, 58.817612
64140.168, 300.983446, 58.889145
16070.367, 300.961115, 58.867056
55710.188, 301.119951, 59.012918
59788.785, 300.916203, 58.830557
17454.914, 300.987711, 58.895504
11735.277, 300.830613, 58.753988
2202.239, 300.843344, 58.765059
11231.186, 300.818899, 58.745944
10849.280, 300.837426, 58.763228
7741.538, 300.890590, 58.811203
97034.883, 300.935099, 58.858508
3531.467, 301.148574, 59.044900
68022.951, 301.101047, 59.007142
31197.789, 301.141983, 59.043644
22599.055, 300.905885, 58.830004
49646.381, 300.817240, 58.752819
13049.338, 301.026815, 58.940140
47886.892, 301.193620, 59.092203
587690.157, 300.819708, 58.765847
8599.071, 300.835365, 58.767792
2184.678, 301.037155, 58.949594
24098.649, 301.074905, 58.986188
15220.491, 300.975631, 58.896868
21829.966, 301.174341, 59.076508
17723.424, 300.848631, 58.784197
10071.970, 301.067860, 58.981788
87432.123, 300.838129, 58.779386
12713.822, 301.062964, 58.978398
2981.011, 300.943439, 58.870114
22984.238, 300.902447, 58.835769
4366.043, 301.147737, 59.056721
2591.282, 300.859200, 58.797261
4328.594, 300.938350, 58.871375
6569.656, 301.039273, 58.963431
37446.669, 301.138903, 59.054401
3900.233, 300.804449, 58.753327
2114.951, 300.875467, 58.818534
37389.172, 300.968637, 58.908265
41440.533, 300.923240, 58.867729
18538.481, 301.014528, 58.948334
13078.839, 300.987125, 58.925053
2571.667, 300.807255, 58.760286
25769.294, 300.883746, 58.832697
2217.384, 300.907424, 58.852243
16245.175, 301.041136, 58.975179
54146.607, 301.059723, 58.993084
21083.390, 300.839746, 58.795061
6033.349, 300.800646, 58.761084
38351.643, 301.160119, 59.087481
45323.485, 300.818685, 58.782422
2996.780, 300.901698, 58.854934
2615.476, 300.907191, 58.861730
10348.648, 300.846957, 58.808503
7827.058, 300.885525, 58.843669
3485.989, 300.828624, 58.791722
38224.591, 300.980752, 58.933949
72454.676, 300.805534, 58.776998
16077.001, 300.875473, 58.837587
77260.374, 301.126049, 59.070770
30363.990, 301.144848, 59.081846
15664.053, 300.852679, 58.819512
77118.479, 301.022622, 58.976074
9492.234, 300.920567, 58.880433
5648.349, 301.068610, 59.015156
20393.014, 301.090267, 59.035146
19555.290, 300.837045, 58.807640
5715.949, 300.940340, 58.900547
47791.515, 300.822885, 58.798206
31849.563, 300.930104, 58.895277
29684.216, 301.000975, 58.958930
6513.589, 300.876620, 58.844931
69534.223, 300.848477, 58.826953
11144.859, 300.946011, 58.910179
35117.672, 301.076925, 59.029038
16216.347, 301.110767, 59.058590
17272.226, 300.859420, 58.834005
5594.570, 300.912838, 58.882799
29848.282, 300.974534, 58.939801
12155.512, 300.842080, 58.820395
8165.695, 300.782023, 58.766657
19196.515, 300.960990, 58.930609
3095.869, 300.810963, 58.793376
10101.733, 300.930297, 58.902716
86372.580, 301.020054, 58.991885
109344.475, 300.792291, 58.795195
18240.600, 300.850607, 58.837589
32310.159, 300.927000, 58.907117
6883.251, 300.773595, 58.766809
3460.255, 300.958801, 58.934230
76586.211, 300.961588, 58.941550
23363.101, 301.002264, 58.975442
6927.271, 300.880700, 58.865042
12147.743, 300.892176, 58.876704
36410.787, 300.881785, 58.870216
2164.579, 300.842447, 58.832345
3034.947, 300.834008, 58.826400
79590.791, 300.774476, 58.776882
5186.097, 300.846618, 58.839193
87079.866, 300.856550, 58.853237
7473.224, 300.977927, 58.958420
2144.755, 300.772282, 58.771721
6067.104, 300.829694, 58.824234
5621.596, 300.939774, 58.924165
31740.373, 301.093563, 59.065059
30499.159, 301.143873, 59.110312
4919.383, 301.153664, 59.116392
4329.000, 300.789581, 58.788464
11893.387, 300.875197, 58.867435
11212.379, 300.900933, 58.890665
4313.704, 300.894768, 58.886259
44601.282, 301.112178, 59.087125
12525.400, 300.778481, 58.784386
196111.164, 301.016875, 59.007022
23035.617, 300.887727, 58.885889
4743.462, 300.914713, 58.910075
5726.910, 300.964262, 58.954879
12887.342, 300.757445, 58.773477
7744.263, 300.748086, 58.765180
42731.447, 301.022273, 59.016798
6157.738, 300.894537, 58.899245
4761.690, 300.977783, 58.975110
49470.234, 300.766867, 58.789478
40850.891, 300.804840, 58.822481
17204.324, 301.031150, 59.025268
3118.454, 301.088707, 59.075754
2206.675, 300.876552, 58.884864
4320.328, 300.786811, 58.804199
48601.171, 301.131639, 59.119094
4808.374, 300.793421, 58.811616
5212.749, 300.883808, 58.893297
11670.632, 300.919388, 58.926856
29109.138, 300.961341, 58.965942
6924.468, 300.867534, 58.879882
5160.055, 300.935020, 58.940932
10317.312, 300.743373, 58.770010
134768.348, 300.744954, 58.776839
7858.932, 300.772381, 58.794686
3912.564, 300.832692, 58.851984
6437.218, 300.866030, 58.882709
39943.805, 301.092768, 59.089493
6579.006, 300.778571, 58.805610
279164.094, 300.899145, 58.922510
3930.551, 300.943647, 58.954841
40671.527, 300.809322, 58.837427
3064.342, 300.831307, 58.854243
5249.025, 300.874986, 58.894945
4398.515, 300.753211, 58.785153
16029.252, 300.769646, 58.802007
9202.314, 300.732946, 58.769150
55817.524, 300.775153, 58.811660
7547.118, 301.077854, 59.080974
11268.028, 300.834075, 58.864118
15124.484, 300.751287, 58.789183
3472.522, 300.809469, 58.841679
3056.378, 300.868320, 58.894954
39542.356, 300.958691, 58.979202
2548.768, 300.820015, 58.851154
2609.035, 300.754330, 58.792228
3014.125, 300.849927, 58.878972
2583.641, 300.908917, 58.932966
16020.830, 300.861032, 58.896080
23110.980, 300.845502, 58.885089
57644.879, 300.832031, 58.874185
40454.108, 300.743781, 58.793644
3122.057, 300.823789, 58.864105
3031.558, 300.905959, 58.938088
50797.596, 300.953928, 58.985568
4849.392, 301.032523, 59.052609
16069.412, 300.877373, 58.914727
37247.596, 301.042716, 59.065796
3504.006, 300.824784, 58.867309
7440.404, 300.797187, 58.844815
19210.474, 300.835969, 58.881315
11605.927, 300.859599, 58.905582
2167.741, 300.799807, 58.850229
3048.409, 300.746988, 58.803218
32486.890, 300.778101, 58.834209
60434.713, 301.017880, 59.053375
3551.903, 301.083764, 59.108924
17659.667, 300.871722, 58.921611
38803.700, 301.052981, 59.085986
7847.932, 301.043303, 59.076708
6066.546, 300.712966, 58.777885
26527.478, 300.887327, 58.939339
18787.655, 300.762448, 58.829361
5565.576, 300.858940, 58.913909
37830.821, 300.718990, 58.790249
58688.405, 300.876938, 58.935670
3041.346, 300.740238, 58.806077
4816.478, 300.791517, 58.853047
3477.134, 300.822434, 58.881373
31201.421, 300.985026, 59.030824
4806.571, 300.755806, 58.821475
13576.220, 301.066622, 59.104970
55300.170, 300.830458, 58.896035
3532.106, 300.779662, 58.847375
25978.340, 300.882641, 58.944313
55641.016, 300.926171, 58.984843
5231.659, 300.841036, 58.904898
25896.612, 301.047724, 59.094088
3034.527, 300.740129, 58.813826
29473.819, 300.947999, 59.005074
7010.630, 300.856213, 58.920986
3057.391, 300.869534, 58.933257
3921.708, 300.772314, 58.846004
2606.819, 300.724240, 58.802252
3480.240, 300.715435, 58.795026
66974.074, 300.845204, 58.918052
3053.076, 300.697262, 58.780132
12618.906, 300.707438, 58.789526
2996.930, 300.716651, 58.798258
51046.428, 301.077199, 59.129598
3908.097, 300.984035, 59.043989
3489.709, 300.763612, 58.844315
7523.354, 300.970778, 59.033518
6047.448, 300.693030, 58.782966
3468.089, 300.700040, 58.788856
5612.553, 300.750912, 58.835794
19027.825, 300.786358, 58.869493
11271.208, 300.883442, 58.956908
48225.731, 300.914218, 58.987270
9979.941, 300.732699, 58.821628
17316.986, 300.774613, 58.862465
18594.486, 300.768461, 58.858724
33415.524, 300.958360, 59.030308
137525.220, 300.715514, 58.821904
16551.854, 300.775257, 58.866555
12303.623, 301.023185, 59.090553
9938.633, 300.780489, 58.872324
5232.893, 300.717690, 58.815436
3064.510, 300.733558, 58.829739
10644.479, 301.036115, 59.104569
11895.864, 301.025872, 59.097566
2642.491, 301.044181, 59.112121
6553.693, 300.749849, 58.847208
49661.620, 300.866962, 58.958181
300435.968, 300.955514, 59.044958
86910.282, 300.993819, 59.075339
5714.118, 300.686270, 58.793684
3890.922, 300.695778, 58.802511
10300.366, 300.770134, 58.871153
13381.351, 300.790850, 58.889859
9243.940, 300.939304, 59.024049
9954.012, 300.675748, 58.786965
9608.789, 300.747333, 58.853271
3490.347, 300.827903, 58.924824
31142.617, 300.726393, 58.836576
55300.915, 300.871718, 58.969771
23729.856, 300.794375, 58.898772
11264.510, 300.806509, 58.909031
44482.550, 300.766416, 58.876567
16217.523, 300.939192, 59.031569
9155.120, 301.037264, 59.118004
104295.290, 300.678401, 58.804787
38295.514, 300.896928, 58.997173
8684.610, 300.719402, 58.833123
5583.410, 300.731243, 58.843645
3451.157, 300.836718, 58.940284
42116.953, 300.884242, 58.986887
186615.920, 300.749562, 58.872585
13227.832, 300.861914, 58.964980
11798.022, 300.698473, 58.817337
15366.210, 300.840371, 58.946295
27678.997, 300.891224, 58.992753
56414.841, 300.774450, 58.890335
4387.717, 300.793348, 58.904298
4310.073, 300.810950, 58.919453
3977.123, 300.873777, 58.977002
3507.767, 300.720949, 58.840046
5253.231, 300.788509, 58.902249
36484.617, 300.664106, 58.794257
2550.847, 300.769243, 58.886586
17569.485, 300.908572, 59.015145
4762.121, 300.777014, 58.895174
8305.229, 300.694852, 58.820947
6542.452, 300.898684, 59.007042
15288.376, 300.973046, 59.076547
14652.462, 300.657071, 58.791316
3919.059, 300.711159, 58.838709
17052.213, 300.829064, 58.947983
6945.002, 300.734791, 58.862011
21900.595, 300.863284, 58.981380
3511.803, 300.882581, 58.996562
2972.157, 300.679378, 58.812505
4387.322, 300.721594, 58.851107
8192.111, 300.698343, 58.831479
4399.108, 300.822850, 58.944320
2601.745, 300.803272, 58.926958
11349.114, 300.730247, 58.865104
47828.366, 300.880472, 59.001988
39481.722, 300.663927, 58.807496
11778.062, 300.704207, 58.840755
111636.842, 300.751626, 58.891622
29651.879, 300.964107, 59.078069
4382.007, 301.053648, 59.156575
4321.063, 300.662401, 58.802202
5625.953, 300.793091, 58.921790
4391.348, 300.778696, 58.909155
3059.302, 300.796575, 58.924720
222964.563, 300.814839, 58.954343
60684.466, 300.937459, 59.058148
19807.706, 301.019208, 59.130094
3570.392, 301.026232, 59.134203
3015.966, 300.855692, 58.981727
3026.607, 300.800432, 58.932811
2687.923, 300.837956, 58.967558
19322.516, 300.644938, 58.794330
5273.120, 300.679130, 58.823997
25189.523, 300.762404, 58.901025
5232.490, 300.792582, 58.926861
8651.377, 300.742255, 58.881408
6133.071, 300.747574, 58.886775
71169.544, 300.828327, 58.964798
2185.175, 300.686998, 58.831376
15118.484, 300.710794, 58.854110
14913.086, 300.991292, 59.108866
88797.214, 301.034760, 59.151891
9541.616, 300.652969, 58.802110
14304.669, 300.645823, 58.797916
31461.783, 300.885474, 59.016913
2222.416, 300.664443, 58.813445
2173.629, 300.690272, 58.836919
3509.997, 300.756851, 58.898312
11324.940, 300.726656, 58.873022
4309.080, 300.766570, 58.908314
37785.750, 300.925339, 59.054863
87384.274, 300.673918, 58.830792
3855.823, 300.692792, 58.844029
3047.245, 300.772974, 58.917080
12006.619, 301.007696, 59.130672
12523.839, 300.685206, 58.841636
63673.507, 300.837828, 58.982881
4787.958, 300.636012, 58.797714
17346.581, 300.665013, 58.825584
3937.904, 300.692236, 58.848699
63726.320, 300.737507, 58.895453
48823.236, 300.922764, 59.060981
6110.169, 300.701546, 58.860070
6542.185, 300.723764, 58.881461
17603.952, 300.820877, 58.971416
6073.760, 300.655107, 58.819528
187712.801, 300.850488, 59.004895
60077.767, 300.684588, 58.851516
4790.526, 300.781324, 58.937100
3925.947, 300.648968, 58.816032
82109.495, 300.725907, 58.891651
6105.525, 300.745634, 58.907971
14387.046, 300.838323, 58.992928
97427.454, 300.635593, 58.812560
2642.339, 300.752674, 58.915479
32496.315, 300.769476, 58.934151
17274.898, 300.775871, 58.939170
47818.767, 300.623904, 58.804699
21859.910, 300.789106, 58.953321
8695.161, 300.799549, 58.964019
16476.853, 300.650476, 58.829948
4759.123, 300.675219, 58.850991
13999.937, 301.020934, 59.164800
8790.694, 300.670086, 58.847808
3048.123, 300.653807, 58.833481
10296.126, 300.731257, 58.906230
3873.894, 300.700009, 58.877078
12916.217, 300.685904, 58.865595
2604.336, 300.714690, 58.892101
9517.343, 300.641257, 58.825792
14272.112, 300.768855, 58.944675
12586.055, 300.806384, 58.976969
15154.838, 300.655114, 58.841934
33334.196, 300.780130, 58.956848
4392.400, 300.644386, 58.831327
5210.219, 300.649390, 58.836869
24485.413, 300.824407, 58.999403
10971.070, 300.917200, 59.081537
18328.460, 300.883683, 59.054002
10384.249, 300.620131, 58.814463
5578.027, 300.648321, 58.840086
5673.835, 300.659372, 58.849700
54454.832, 301.003216, 59.164886
2640.893, 300.712996, 58.899122
38412.061, 300.825766, 59.004821
14017.173, 300.941965, 59.109020
7477.553, 300.726395, 58.912943
3565.524, 300.689316, 58.879721
4048.116, 300.863308, 59.037769
2199.488, 300.866808, 59.040757
3492.939, 300.614062, 58.811421
26197.755, 300.714898, 58.905972
108823.962, 300.982278, 59.152434
25473.217, 300.682567, 58.877915
10591.462, 300.909144, 59.082786
66680.728, 300.801998, 58.993584
3447.458, 300.668866, 58.866722
62645.819, 300.888591, 59.070515
50875.728, 300.794445, 58.987089
14394.037, 301.000554, 59.169566
27532.814, 300.609488, 58.818837
39436.685, 300.992151, 59.165676
2215.924, 300.730333, 58.926158
50834.184, 300.765337, 58.965024
6527.799, 300.819113, 59.007337
60071.867, 300.829749, 59.020537
41076.565, 300.641980, 58.850561
2973.305, 300.612934, 58.822711
56834.370, 300.729800, 58.934580
2137.003, 300.712715, 58.915157
7333.957, 300.674215, 58.881605
5242.336, 300.688739, 58.895264
484119.701, 300.988744, 59.175740
9158.804, 300.701930, 58.908095
7320.852, 300.614947, 58.831349
3949.875, 300.772929, 58.974457
7405.059, 300.618985, 58.835555
10891.692, 300.640003, 58.854967
43062.251, 300.666174, 58.881639
12611.044, 300.648017, 58.864002
5651.070, 300.747258, 58.954191
5267.768, 300.700938, 58.913077
36194.364, 300.655264, 58.875895
10869.684, 300.847632, 59.047896
18852.581, 300.600711, 58.824788
3068.964, 300.643919, 58.862330
42224.401, 300.648665, 58.870844
21958.461, 300.607860, 58.834232
23091.585, 300.790677, 58.999137
4433.381, 300.815792, 59.020237
2180.436, 300.982298, 59.170759
6887.031, 300.692438, 58.909989
39157.626, 300.747112, 58.962940
49225.267, 300.880801, 59.084183
5668.738, 300.669731, 58.889902
61515.151, 300.678088, 58.901889
3466.918, 300.700968, 58.917791
36704.041, 300.964631, 59.160037
2600.737, 300.594091, 58.821262
26813.691, 300.632474, 58.859507
41885.555, 300.817742, 59.029316
2631.928, 300.687536, 58.907261
41381.376, 300.824800, 59.036768
16110.863, 300.714977, 58.936170
34424.485, 300.738702, 58.958660
3497.397, 300.583112, 58.815369
3027.638, 300.595456, 58.827457
15721.049, 300.922039, 59.125812
3473.498, 300.695891, 58.921070
25987.250, 300.943900, 59.148676
5132.403, 300.598139, 58.832886
13235.543, 300.775584, 58.995360
11726.783, 300.755790, 58.978623
169798.770, 300.653067, 58.891840
2579.643, 300.719335, 58.944556
3930.977, 300.749958, 58.973153
30896.746, 300.895424, 59.106219
7911.677, 300.582441, 58.821107
4782.354, 300.632563, 58.867872
7066.396, 300.627403, 58.864719
2592.236, 300.671114, 58.904505
44186.669, 300.683112, 58.918208
2184.008, 300.811344, 59.032095
2178.233, 300.708822, 58.940461
49983.345, 300.738210, 58.971279
159153.164, 300.905318, 59.126303
4400.995, 300.643586, 58.882327
7437.435, 300.723602, 58.957857
50824.435, 300.948983, 59.164390
32087.682, 300.572367, 58.821886
19987.446, 300.658646, 58.900644
8637.626, 300.691365, 58.929812
2604.979, 300.638263, 58.881069
16289.306, 300.851459, 59.076831
14785.641, 300.623882, 58.871598
6192.081, 300.889083, 59.110418
6986.111, 300.599404, 58.847057
75778.030, 300.613762, 58.867189
2221.460, 300.575501, 58.825738
7290.383, 300.658627, 58.905039
12177.002, 300.794284, 59.027374
346099.439, 300.628019, 58.886601
68747.328, 300.598903, 58.856823
2607.758, 300.693566, 58.937507
6549.882, 300.704750, 58.947948
32119.657, 300.716372, 58.962719
3942.000, 300.927774, 59.151027
9691.208, 300.885119, 59.113574
9917.456, 300.566779, 58.825006
41931.286, 300.584247, 58.843376
7816.147, 300.765740, 59.006022
3930.747, 300.661275, 58.912940
32047.772, 300.802102, 59.044422
3486.371, 300.702367, 58.951351
5688.032, 300.925265, 59.156313
26506.607, 300.938697, 59.170499
70969.316, 300.849046, 59.092456
83947.720, 300.665081, 58.926671
4739.042, 300.610698, 58.872901
3054.626, 300.636499, 58.896140
13005.416, 300.676991, 58.934761
12171.511, 300.844442, 59.086916
13500.246, 300.563180, 58.831076
7369.795, 300.801634, 59.049248
9993.739, 300.595923, 58.864323
22970.394, 300.586953, 58.859648
3057.020, 300.688869, 58.951251
9272.239, 300.890938, 59.135282
9210.110, 300.800765, 59.054512
8731.840, 300.557169, 58.833229
3495.883, 300.637286, 58.905750
4390.347, 300.681258, 58.945724
32499.889, 300.731870, 58.994300
16922.540, 300.680104, 58.948082
12078.167, 300.611364, 58.885876
17286.201, 300.629247, 58.904864
9099.500, 300.784479, 59.043223
19786.983, 300.602970, 58.879728
10017.710, 300.907347, 59.155440
26143.603, 300.566124, 58.848735
31278.783, 300.617797, 58.895802
2140.031, 300.724076, 58.988441
16206.860, 300.842138, 59.098118
4305.598, 300.706635, 58.974768
30717.006, 300.622750, 58.902273
19301.328, 300.783299, 59.047523
15923.859, 300.809815, 59.071489
2649.800, 300.719715, 58.990046
67932.051, 300.893115, 59.151236
4777.160, 300.663784, 58.940384
4745.252, 300.569157, 58.855102
3483.858, 300.640691, 58.920926
36827.126, 300.851935, 59.116303
54091.969, 300.789561, 59.063390
3088.790, 300.710757, 58.986829
5642.982, 300.586364, 58.875056
3943.209, 300.625981, 58.910702
22278.734, 300.740817, 59.018275
10567.224, 300.871648, 59.134491
7377.613, 300.632612, 58.917844
27457.668, 300.542215, 58.839344
7814.623, 300.552874, 58.845679
9486.241, 300.568689, 58.860625
3541.066, 300.573195, 58.863752
25229.803, 300.664500, 58.949978
3042.104, 300.660216, 58.944256
23917.689, 300.821067, 59.093961
16499.951, 300.675000, 58.964262
5580.668, 300.546942, 58.845764
90572.046, 300.579658, 58.881246
6046.534, 300.712064, 58.997970
19753.608, 300.812955, 59.090850
8706.828, 300.619227, 58.914237
16737.768, 300.827283, 59.104082
2198.774, 300.908001, 59.175026
10836.014, 300.592068, 58.889862
3045.522, 300.532969, 58.836111
3511.659, 300.549052, 58.852063
38327.109, 300.656600, 58.954159
10504.372, 300.745654, 59.033243
32343.516, 300.777737, 59.064165
16160.632, 300.692458, 58.986514
41453.578, 300.539071, 58.849232
12522.493, 300.696055, 58.992352
25204.968, 300.613227, 58.918243
4454.220, 300.872972, 59.152372
20555.924, 300.742296, 59.038355
24625.935, 300.897971, 59.178284
4330.369, 300.550159, 58.861303
41546.101, 300.636492, 58.942694
3484.511, 300.585895, 58.894879
8721.259, 300.668931, 58.971604
331114.071, 300.702763, 59.009736
2134.918, 300.619586, 58.926248
4830.700, 300.913991, 59.193577
11869.910, 300.771773, 59.067811
10641.664, 300.883110, 59.168150
25916.567, 300.711566, 59.017307
2985.093, 300.514935, 58.835631
4779.481, 300.583318, 58.898902
11208.453, 300.515401, 58.838346
12990.053, 300.558961, 58.879222
2638.363, 300.604145, 58.917958
26282.006, 300.648413, 58.963606
14723.478, 300.716271, 59.022328
13070.109, 300.845406, 59.139368
10433.941, 300.522805, 58.848103
57711.393, 300.559071, 58.885470
24386.605, 300.660971, 58.977116
16037.021, 300.638069, 58.957198
3051.994, 300.823607, 59.123257
48660.633, 300.612836, 58.936221
14848.251, 300.582838, 58.907087
45805.906, 300.740570, 59.054979
3964.845, 300.750614, 59.058887
5213.284, 300.763037, 59.070226
3431.908, 300.685614, 59.000273
31655.725, 300.827382, 59.131908
5619.435, 300.512158, 58.842927
13904.177, 300.801036, 59.108133
13839.943, 300.531417, 58.864665
4344.592, 300.620801, 58.943600
5632.843, 300.632209, 58.954575
21632.085, 300.659493, 58.981526
22125.269, 300.875848, 59.178047
9600.352, 300.596339, 58.924345
4343.676, 300.600744, 58.927531
5163.902, 300.621845, 58.947043
53620.606, 300.717797, 59.039168
9075.244, 300.535006, 58.868304
15029.873, 300.648166, 58.974708
11827.756, 300.866234, 59.170792
15205.301, 300.515998, 58.851919
57166.754, 300.623262, 58.953076
2730.902, 300.678371, 58.999854
37507.125, 300.765316, 59.081778
35176.219, 300.813088, 59.124968
5190.422, 300.572309, 58.903949
3440.450, 300.653226, 58.977712
6188.643, 300.724610, 59.042598
34866.603, 300.637358, 58.968139
5651.753, 300.532590, 58.871581
74708.529, 300.865264, 59.179346
11713.969, 300.846095, 59.158527
9572.710, 300.556089, 58.894958
15213.816, 300.495593, 58.843322
3019.022, 300.506783, 58.852506
5205.712, 300.697779, 59.027825
6036.125, 300.595140, 58.935224
6521.327, 300.621184, 58.958998
53824.058, 300.640652, 58.983991
2577.766, 300.498551, 58.846987
9165.952, 300.885834, 59.200356
3085.207, 300.501380, 58.850528
14295.314, 300.870629, 59.187064
19285.047, 300.810536, 59.135025
8200.681, 300.508904, 58.860538
53817.000, 300.516121, 58.870214
5641.031, 300.494125, 58.848054
7800.725, 300.521053, 58.873056
3921.949, 300.581917, 58.928230
14183.537, 300.681310, 59.019587
53353.453, 300.708255, 59.047067
2220.944, 300.650029, 58.990412
4353.390, 300.612495, 58.960283
4321.719, 300.529548, 58.884689
6070.048, 300.538906, 58.894489
41107.314, 300.733928, 59.074514
5248.462, 300.520096, 58.877271
4753.455, 300.617015, 58.966002
3092.345, 300.593989, 58.945712
9988.060, 300.644936, 58.993860
27783.237, 300.655282, 59.003769
29542.861, 300.672576, 59.021825
36722.697, 300.482498, 58.850666
4773.103, 300.513414, 58.874023
3059.291, 300.616758, 58.971141
27969.063, 300.878791, 59.211326
11259.254, 300.501522, 58.867666
92799.420, 300.768046, 59.115255
7455.893, 300.710503, 59.058812
2224.512, 300.790643, 59.130950
7785.821, 300.843545, 59.179650
8258.361, 300.714899, 59.064213
17547.280, 300.664689, 59.020581
24704.003, 300.689280, 59.042796
18595.369, 300.584304, 58.947746
2672.495, 300.473662, 58.845150
40276.207, 300.528493, 58.897915
7398.692, 300.656329, 59.013166
8636.915, 300.539075, 58.906574
7863.729, 300.568854, 58.934240
3497.283, 300.607109, 58.968376
3540.794, 300.490781, 58.862719
4367.422, 300.561097, 58.927213
3042.854, 300.562958, 58.929514
8239.282, 300.624270, 58.986239
9982.770, 300.546787, 58.916664
21947.629, 300.835042, 59.180426
2569.626, 300.609159, 58.975576
34432.330, 300.707697, 59.071539
48116.011, 300.735107, 59.095014
3012.473, 300.590913, 58.960433
17699.089, 300.532936, 58.910907
48466.861, 300.776510, 59.133546
4835.555, 300.490081, 58.869761
3534.429, 300.545976, 58.921070
27251.994, 300.818808, 59.171845
11496.229, 300.840843, 59.190250
7353.524, 300.551659, 58.927968
7375.420, 300.786559, 59.143105
7443.033, 300.564288, 58.941394
3096.844, 300.571670, 58.947899
10875.720, 300.593308, 58.969368
39334.131, 300.749892, 59.112948
56585.000, 300.477833, 58.867370
84580.915, 300.632752, 59.013110
34704.454, 300.464917, 58.855496
44683.532, 300.606591, 58.985673
9820.988, 300.524567, 58.910600
3502.963, 300.570361, 58.951368
33177.584, 300.563787, 58.949519
61604.319, 300.489523, 58.885963
2673.494, 300.506125, 58.894839
8733.183, 300.542307, 58.927984
6130.293, 300.845995, 59.205404
3912.447, 300.618323, 58.999507
3701.271, 300.816129, 59.178638
8277.079, 300.673417, 59.051026
21047.322, 300.835898, 59.198890
7836.985, 300.464942, 58.860685
2643.373, 300.506620, 58.898817
13436.558, 300.581293, 58.969169
22575.134, 300.495442, 58.893927
26835.769, 300.711433, 59.090856
2642.767, 300.717886, 59.094865
2249.499, 300.568626, 58.959179
25013.791, 300.796741, 59.169378
15163.116, 300.497472, 58.898875
13938.791, 300.664736, 59.049237
30123.925, 300.812790, 59.185528
11337.157, 300.448501, 58.852128
42689.358, 300.616814, 59.008116
57182.684, 300.722111, 59.106882
3555.676, 300.482279, 58.883233
3478.090, 300.510589, 58.908936
9120.742, 300.538450, 58.936704
68727.170, 300.643433, 59.035114
2603.403, 300.677054, 59.061416
20005.876, 300.454421, 58.860572
10410.250, 300.584908, 58.979925
2215.608, 300.449605, 58.856776
3452.670, 300.470943, 58.877764
4940.325, 300.804557, 59.181206
100688.019, 300.519406, 58.928473
17257.924, 300.654060, 59.047492
44300.574, 300.793074, 59.174788
201302.270, 300.455021, 58.875292
7398.973, 300.495380, 58.902900
345652.675, 300.580058, 58.990674
19194.336, 300.753246, 59.138900
7883.096, 300.562130, 58.965578
3867.387, 300.595957, 58.996293
25633.778, 300.819797, 59.201729
2589.824, 300.445335, 58.859397
12903.956, 300.510279, 58.919892
26125.672, 300.764195, 59.153199
16964.101, 300.487333, 58.901527
5202.879, 300.495769, 58.908918
2592.215, 300.538174, 58.946877
38743.147, 300.642097, 59.044934
30796.575, 300.649851, 59.052387
30710.872, 300.695057, 59.092185
9277.309, 300.783669, 59.172490
13402.048, 300.539079, 58.951973
34764.727, 300.799811, 59.188792
6548.661, 300.466476, 58.884055
26225.002, 300.477604, 58.896695
5597.152, 300.447072, 58.867046
3486.764, 300.505146, 58.920579
21236.709, 300.519105, 58.935847
6944.858, 300.433309, 58.857224
20086.194, 300.818363, 59.209842
35365.986, 300.543872, 58.961585
3413.292, 300.605525, 59.015597
10324.911, 300.466933, 58.890722
37917.611, 300.698186, 59.107701
14272.959, 300.725343, 59.130235
2164.500, 300.532697, 58.953385
32806.822, 300.685852, 59.097146
3010.760, 300.436226, 58.866090
25428.891, 300.476047, 58.905421
3493.117, 300.502621, 58.927266
58780.969, 300.736704, 59.144332
10564.280, 300.802249, 59.200555
3069.808, 300.551840, 58.973194
155141.610, 300.569085, 59.002035
5196.865, 300.521165, 58.947239
4834.827, 300.508878, 58.937188
4738.907, 300.526912, 58.953503
18133.596, 300.437127, 58.873869
4378.019, 300.596218, 59.017514
6989.461, 300.427522, 58.864618
3493.556, 300.477799, 58.910509
15905.864, 300.566041, 58.994075
6554.507, 300.561285, 58.989570
3529.094, 300.429021, 58.868761
12687.567, 300.447133, 58.886957
26463.076, 300.676706, 59.098181
2185.223, 300.544336, 58.977277
9621.897, 300.585041, 59.015308
39123.926, 300.628260, 59.057951
90760.355, 300.596371, 59.031320
29397.801, 300.437314, 58.883060
12210.404, 300.463849, 58.905170
4780.076, 300.415994, 58.862337
5197.427, 300.481945, 58.922604
7314.379, 300.488977, 58.929520
9524.003, 300.537552, 58.974512
25615.843, 300.727220, 59.149071
2143.573, 300.465672, 58.909969
13089.567, 300.615502, 59.049511
11738.518, 300.709634, 59.133822
13156.548, 300.814159, 59.228965
2183.959, 300.492520, 58.935167
3509.274, 300.646902, 59.077091
21763.108, 300.435521, 58.886745
32876.791, 300.447514, 58.901124
3877.103, 300.550295, 58.991235
8635.989, 300.453948, 58.904489
3039.830, 300.647696, 59.080791
2146.084, 300.414159, 58.868279
3493.058, 300.460387, 58.910954
10836.282, 300.577131, 59.019322
10374.676, 300.468199, 58.920370
3950.195, 300.642518, 59.078603
31304.785, 300.652515, 59.090930
62408.757, 300.524667, 58.975624
5162.441, 300.535786, 58.982778
11186.502, 300.551947, 58.998408
7371.743, 300.703792, 59.136484
5661.964, 300.414475, 58.871426
4005.326, 300.613288, 59.053664
14765.759, 300.416591, 58.878461
41236.532, 300.478573, 58.934444
9640.236, 300.530134, 58.979436
15816.392, 300.712783, 59.146752
4808.196, 300.404763, 58.864798
4748.061, 300.435902, 58.893364
4327.627, 300.548599, 58.995842
2155.649, 300.535642, 58.985420
3879.103, 300.630392, 59.072730
19757.632, 300.732299, 59.169423
8721.558, 300.469921, 58.929818
43876.385, 300.650006, 59.096894
7934.333, 300.775041, 59.207998
10497.520, 300.491479, 58.950690
123379.403, 300.416404, 58.889684
6879.814, 300.480017, 58.940997
25056.841, 300.452850, 58.918646
28154.540, 300.672761, 59.119539
3036.278, 300.555452, 59.010649
54935.912, 300.709360, 59.155326
3485.686, 300.472779, 58.937211
37799.093, 300.516683, 58.980472
13078.461, 300.795604, 59.234094
13998.495, 300.482676, 58.949261
6158.528, 300.569582, 59.027262
17765.011, 300.438602, 58.909130
4733.375, 300.622685, 59.076837
54032.123, 300.456017, 58.932773
49140.928, 300.397733, 58.876922
2637.887, 300.470238, 58.940087
2182.811, 300.445921, 58.919014
3949.472, 300.527820, 58.994303
3046.438, 300.690714, 59.142930
298461.679, 300.432620, 58.921512
28436.666, 300.683721, 59.139258
3953.776, 300.491820, 58.963453
10045.371, 300.663224, 59.120880
26769.138, 300.746820, 59.198791
55733.762, 300.641908, 59.105700
5181.784, 300.401874, 58.883763
7345.186, 300.414870, 58.895635
2619.105, 300.573578, 59.041549
14725.750, 300.501438, 58.978700
29211.793, 300.697714, 59.158842
9155.986, 300.401569, 58.887496
3082.466, 300.425714, 58.908999
23841.295, 300.716207, 59.176715
2689.966, 300.497557, 58.975799
6954.658, 300.617975, 59.086717
9569.699, 300.388826, 58.877645
55288.946, 300.475348, 58.960795
5651.989, 300.483395, 58.964291
12975.489, 300.424370, 58.912468
3467.632, 300.380881, 58.874527
2643.964, 300.595793, 59.071146
2202.059, 300.447120, 58.935912
16531.357, 300.408116, 58.903658
54007.060, 300.398947, 58.900145
2129.588, 300.490915, 58.978524
62339.637, 300.403732, 58.911262
26820.078, 300.372683, 58.875624
4751.271, 300.512901, 59.002583
5214.595, 300.491783, 58.983944
3072.534, 300.571316, 59.056266
6492.805, 300.474712, 58.969587
42353.767, 300.677948, 59.158394
93481.839, 300.385682, 58.897096
16219.203, 300.491492, 58.986956
6937.856, 300.377015, 58.881181
68744.842, 300.524941, 59.022162
114721.170, 300.628203, 59.119349
8617.644, 300.431327, 58.933827
14718.661, 300.457646, 58.959111
2610.555, 300.645799, 59.128967
3555.100, 300.748164, 59.221772
7508.995, 300.731742, 59.208020
4730.822, 300.408399, 58.913619
9472.114, 300.423386, 58.928865
3919.879, 300.555845, 59.048565
6547.183, 300.695990, 59.176117
70213.145, 300.511748, 59.013487
15995.658, 300.369911, 58.881862
9069.560, 300.398237, 58.907320
12571.216, 300.410944, 58.921320
2147.933, 300.563594, 59.058119
35526.766, 300.485149, 58.989844
31761.923, 300.505513, 59.008595
4275.317, 300.465229, 58.969886
19843.899, 300.755147, 59.236145
4844.164, 300.470340, 58.976062
95836.435, 300.541594, 59.045991
5628.672, 300.531787, 59.033654
7822.035, 300.603574, 59.100270
5256.658, 300.644059, 59.138647
29274.105, 300.392741, 58.911757
4432.444, 300.413442, 58.928869
4388.562, 300.554092, 59.057910
2644.801, 300.388494, 58.905598
6220.565, 300.605195, 59.104930
16558.286, 300.693829, 59.187596
9618.006, 300.571891, 59.076810
27358.564, 300.627423, 59.129878
34186.483, 300.360009, 58.885984
49276.337, 300.670017, 59.170668
8215.796, 300.725497, 59.216883
18027.494, 300.661404, 59.160630
26047.451, 300.749774, 59.241680
20079.111, 300.373750, 58.899213
8186.669, 300.511385, 59.025418
6986.762, 300.580353, 59.088560
4752.343, 300.384597, 58.909541
3506.634, 300.559271, 59.069705
47486.831, 300.412831, 58.938477
7756.585, 300.663153, 59.165183
2580.893, 300.433337, 58.956707
17826.568, 300.402161, 58.930963
3856.541, 300.444044, 58.967514
6061.693, 300.447231, 58.970588
2232.304, 300.463578, 58.985367
50640.006, 300.580825, 59.096903
3524.226, 300.602536, 59.112539
5257.317, 300.712644, 59.212763
21679.893, 300.588037, 59.102316
13460.885, 300.351364, 58.884564
33280.634, 300.371837, 58.906157
28242.557, 300.504099, 59.025989
90611.328, 300.356937, 58.898587
7797.806, 300.353091, 58.887711
29227.480, 300.413604, 58.945122
9081.861, 300.353929, 58.890970
11729.828, 300.495009, 59.020711
6965.790, 300.617881, 59.132742
17084.857, 300.680451, 59.191025
3071.275, 300.364375, 58.901401
12321.529, 300.607143, 59.124188
3499.747, 300.372725, 58.909264
25952.473, 300.471170, 59.003189
23561.945, 300.347986, 58.889957
15528.593, 300.384831, 58.923632
17077.973, 300.527847, 59.055361
17120.653, 300.635197, 59.153277
4329.188, 300.437057, 58.971354
2180.211, 300.464773, 58.999710
10567.540, 300.574346, 59.101720
12979.832, 300.534208, 59.065016
3591.397, 300.642737, 59.164221
10864.029, 300.722294, 59.237056
16993.287, 300.500986, 59.037298
21585.170, 300.727436, 59.243691
22365.520, 300.402748, 58.948899
54684.674, 300.613108, 59.145218
2170.938, 300.468263, 59.006975
6479.553, 300.489373, 59.027365
15725.768, 300.437106, 58.981122
3015.286, 300.506198, 59.043126
6462.057, 300.509852, 59.047327
16446.954, 300.396615, 58.945958
12540.558, 300.469387, 59.011612
37578.276, 300.527838, 59.068885
10436.525, 300.563477, 59.097780
34977.063, 300.441955, 58.990336
18659.090, 300.676597, 59.203521
13656.719, 300.566591, 59.102910
2236.177, 300.649448, 59.176745
6582.460, 300.698757, 59.222211
40874.864, 300.346527, 58.907975
2682.456, 300.402812, 58.954556
56709.168, 300.537192, 59.083906
20108.150, 300.599322, 59.137057
14455.080, 300.664495, 59.195937
39482.512, 300.430156, 58.984544
18295.386, 300.374571, 58.933300
2161.358, 300.445586, 58.997904
12463.693, 300.407370, 58.964137
8744.201, 300.498066, 59.047505
8738.885, 300.583105, 59.125436
4807.303, 300.422678, 58.980332
15608.575, 300.462602, 59.017168
5232.420, 300.474632, 59.027865
14475.831, 300.510452, 59.062367
22313.996, 300.614127, 59.157639
67459.771, 300.661419, 59.202615
17787.224, 300.554787, 59.103145
51818.260, 300.558652, 59.109167
5260.021, 300.360272, 58.924124
3467.717, 300.569313, 59.115934
15150.990, 300.434957, 58.995426
4717.637, 300.521936, 59.073791
99228.740, 300.361828, 58.937641
5134.604, 300.490116, 59.045377
82682.416, 300.537585, 59.094574
28476.165, 300.327188, 58.899419
8600.359, 300.375481, 58.944347
11801.814, 300.386350, 58.952402
2649.204, 300.408947, 58.974387
3452.163, 300.711022, 59.249834
8602.556, 300.437271, 59.001869
10885.593, 300.359608, 58.932204
24008.304, 300.397216, 58.968368
7340.283, 300.487470, 59.048654
7768.947, 300.531520, 59.088850
5170.394, 300.473773, 59.037482
21658.915, 300.476586, 59.043619
3515.822, 300.684292, 59.229675
3527.036, 300.498480, 59.061096
5615.903, 300.675009, 59.221974
26687.170, 300.711440, 59.256381
7768.246, 300.384176, 58.957869
9157.328, 300.553982, 59.113081
12350.828, 300.452015, 59.020349
27819.461, 300.609600, 59.165867
148696.344, 300.321480, 58.910089
4666.108, 300.352368, 58.929212
16805.658, 300.320864, 58.903080
5656.000, 300.373923, 58.949967
86786.432, 300.435965, 59.014103
3898.610, 300.311093, 58.892538
29413.897, 300.312987, 58.898642
7375.499, 300.335287, 58.917327
9134.623, 300.395476, 58.973418
3500.294, 300.410903, 58.986347
25665.941, 300.477188, 59.049486
26690.427, 300.527917, 59.096374
21135.295, 300.671280, 59.226862
5620.001, 300.369325, 58.949982
12486.099, 300.384173, 58.964411
6915.935, 300.421737, 58.998787
31900.973, 300.423948, 59.003066
16671.939, 300.545179, 59.113710
9944.396, 300.630682, 59.190906
9244.495, 300.654399, 59.213010
6125.640, 300.404790, 58.984467
5262.811, 300.492918, 59.064992
2598.265, 300.642813, 59.202065
20827.755, 300.357479, 58.944180
6488.201, 300.447225, 59.026214
4765.224, 300.335165, 58.924474
4427.521, 300.455033, 59.034204
100669.872, 300.531147, 59.107764
16201.008, 300.609835, 59.176560
2989.995, 300.457481, 59.037304
27839.911, 300.592471, 59.162791
3605.866, 300.479834, 59.057941
35089.970, 300.633545, 59.201483
35852.145, 300.554903, 59.134633
21859.930, 300.675307, 59.239436
3832.338, 300.328482, 58.920572
20121.365, 300.467226, 59.050160
10981.603, 300.577907, 59.150345
34400.300, 300.691062, 59.254847
3834.057, 300.303210, 58.898035
16143.551, 300.664806, 59.230531
37470.359, 300.434623, 59.023954
10473.934, 300.475201, 59.061766
5787.174, 300.598484, 59.171613
6025.861, 300.592888, 59.167154
23322.906, 300.309674, 58.909602
2203.102, 300.338313, 58.933483
3079.593, 300.346629, 58.941470
12915.228, 300.352522, 58.948372
3013.914, 300.362707, 58.956564
40895.881, 300.403901, 58.997145
5707.959, 300.364475, 58.960975
14711.619, 300.427194, 59.018701
5575.543, 300.319853, 58.919847
43081.258, 300.324306, 58.927607
3047.953, 300.381843, 58.977368
41254.976, 300.676683, 59.249777
39944.268, 300.341344, 58.945488
2593.955, 300.436738, 59.028138
7370.159, 300.533090, 59.117947
17781.268, 300.418694, 59.016004
14864.909, 300.646528, 59.224175
3032.148, 300.333584, 58.936872
6049.474, 300.369597, 58.970786
3018.134, 300.465919, 59.058635
30902.510, 300.506532, 59.098741
68928.257, 300.611965, 59.196551
41826.756, 300.431874, 59.031581
36836.511, 300.575003, 59.162503
7459.262, 300.519831, 59.112093
31100.753, 300.592629, 59.180984
15062.949, 300.393732, 58.997586
3515.639, 300.409237, 59.011519
6451.976, 300.297539, 58.909129
4000.152, 300.554283, 59.144822
5166.933, 300.285635, 58.899306
28329.340, 300.298526, 58.913191
21581.447, 300.310173, 58.923114
3514.278, 300.331621, 58.941270
2699.226, 300.482837, 59.080464
23019.772, 300.673111, 59.255291
23533.759, 300.436551, 59.040898
20184.507, 300.655978, 59.240545
48629.664, 300.338378, 58.953896
3924.002, 300.450348, 59.053208
24183.504, 300.573934, 59.167841
7440.891, 300.289140, 58.906346
51111.814, 300.419357, 59.032193
2215.558, 300.546124, 59.141183
19944.965, 300.290199, 58.911627
3905.574, 300.442901, 59.047877
45129.785, 300.446370, 59.058170
15694.961, 300.526372, 59.126033
9953.223, 300.314498, 58.930853
6543.544, 300.374417, 58.987612
163708.430, 300.483854, 59.099870
10190.393, 300.535666, 59.135415
3905.403, 300.407670, 59.018175
67586.041, 300.480333, 59.090338
2623.971, 300.403769, 59.015006
8280.663, 300.281033, 58.903547
6940.136, 300.409897, 59.022939
3888.803, 300.329241, 58.948541
2258.862, 300.355112, 58.971979
32270.837, 300.384360, 59.001230
3484.130, 300.313984, 58.935100
32186.072, 300.317438, 58.940891
91127.823, 300.336685, 58.962955
13858.931, 300.401136, 59.017269
2193.790, 300.345462, 58.965130
6513.401, 300.644439, 59.239288
59105.019, 300.647860, 59.245225
120218.686, 300.356679, 58.981453
13850.031, 300.289710, 58.918189
7411.633, 300.515983, 59.124603
7851.175, 300.318882, 58.945301
29130.202, 300.272300, 58.904958
3020.654, 300.385720, 59.007342
18129.554, 300.291805, 58.922825
12201.268, 300.433193, 59.053385
7045.481, 300.299753, 58.930841
4011.374, 300.321828, 58.950985
2177.227, 300.420050, 59.042808
13339.084, 300.650032, 59.253892
6968.767, 300.323778, 58.955630
