# Source Fluxes and Coordinates
# Flux (e-/s), RA (deg), Dec (deg)
23006.987, 301.055044, 58.807793
24746.689, 301.090807, 58.838894
9457.053, 301.141737, 58.884166
35023.073, 300.910334, 58.678278
12700.821, 301.032565, 58.788087
5162.419, 301.109552, 58.855380
4013.393, 301.114130, 58.859447
5976.837, 301.146840, 58.889622
5540.846, 300.946982, 58.711246
18586.682, 300.975161, 58.738502
2390.493, 300.999047, 58.757401
17145.992, 301.116887, 58.865840
3250.204, 301.228936, 58.963864
7193.332, 301.151743, 58.896786
2841.598, 301.130595, 58.878517
9681.869, 301.159069, 58.906307
52927.169, 301.056226, 58.817891
5583.840, 300.944656, 58.714933
3566.898, 301.062791, 58.821779
23454.982, 301.177716, 58.926754
3964.794, 301.032776, 58.796728
14784.362, 301.293415, 59.030234
22276.886, 301.086758, 58.848955
43055.606, 300.974212, 58.748910
15016.813, 301.000210, 58.770560
4302.216, 300.938729, 58.714488
3206.635, 300.989689, 58.761277
6914.097, 301.271835, 59.014228
42024.482, 300.958573, 58.737714
23319.452, 301.099646, 58.864212
5946.663, 300.889021, 58.672851
21895.130, 301.009309, 58.785582
37378.629, 300.881265, 58.674093
3218.658, 300.978670, 58.759880
13666.593, 301.062277, 58.835881
65300.634, 301.138515, 58.911080
40242.536, 301.181667, 58.947837
4736.762, 300.925454, 58.715928
43158.688, 300.982338, 58.772504
25304.837, 300.897121, 58.692708
3216.197, 301.035388, 58.816512
6478.451, 301.206665, 58.970504
33895.738, 301.010758, 58.798072
19731.381, 301.111886, 58.888437
54403.176, 300.928848, 58.731126
93257.627, 301.202222, 58.976422
18981.430, 300.886431, 58.694402
21435.530, 300.957475, 58.757240
2463.387, 301.125367, 58.905853
5203.590, 300.876170, 58.683058
2397.454, 300.974456, 58.771360
40440.984, 301.210128, 58.986901
3159.060, 300.882576, 58.689594
4742.954, 300.939337, 58.741094
56602.276, 301.167263, 58.949604
3160.009, 300.905527, 58.710940
40424.959, 301.253261, 59.025656
11538.713, 301.057404, 58.850122
20801.381, 301.135560, 58.921227
3235.134, 301.269708, 59.039044
28795.447, 300.944897, 58.752741
9087.016, 300.998807, 58.798749
5162.997, 301.033944, 58.831462
5528.244, 300.964377, 58.768725
12393.567, 300.982689, 58.786075
26106.034, 301.066199, 58.864888
3194.240, 300.906491, 58.717479
61853.198, 301.170396, 58.958911
4393.845, 300.964047, 58.772362
68656.347, 301.242360, 59.024739
26854.840, 301.011274, 58.820151
4473.837, 301.049864, 58.850317
30240.993, 300.875127, 58.697568
162536.530, 300.901358, 58.724660
54782.925, 301.152680, 58.947937
11077.583, 300.979266, 58.793021
86364.125, 300.862734, 58.693302
3286.811, 300.889619, 58.710532
18404.736, 300.941202, 58.759017
21217.922, 301.108678, 58.910647
4010.446, 301.095913, 58.899029
2004.371, 300.994697, 58.808449
20483.444, 301.088303, 58.895063
8112.064, 301.246295, 59.036353
9107.094, 300.907591, 58.734707
10441.501, 300.945575, 58.770024
5971.984, 301.001053, 58.819943
2003.241, 301.033320, 58.847870
115357.916, 300.868204, 58.711999
3168.056, 300.973857, 58.797556
3191.934, 301.023641, 58.843322
22661.607, 300.986312, 58.812191
144285.213, 301.070122, 58.895972
8452.762, 301.012229, 58.835159
34015.306, 300.888008, 58.726035
53687.809, 301.110195, 58.926796
13077.239, 300.859125, 58.699473
4811.655, 300.943575, 58.774716
3204.649, 300.987605, 58.815806
5553.729, 300.891591, 58.730226
15911.224, 300.919269, 58.757714
26780.499, 301.045460, 58.872898
8747.679, 300.875945, 58.718654
53412.057, 300.877245, 58.724238
24702.305, 300.940771, 58.780638
1956.510, 300.921767, 58.761818
48029.151, 300.905249, 58.752087
91425.511, 300.895144, 58.745538
54098.259, 300.942804, 58.787793
2771.763, 300.956853, 58.796872
48018.418, 301.105077, 58.934105
9239.056, 300.974200, 58.814749
13834.268, 300.885351, 58.735852
19760.241, 301.112354, 58.941200
23734.377, 300.840174, 58.696601
64527.109, 301.167290, 58.994634
4006.374, 300.873365, 58.729282
13508.054, 301.159642, 58.986635
3983.279, 300.951600, 58.799701
3656.128, 300.991256, 58.835138
39526.844, 300.991819, 58.840189
11235.861, 301.046781, 58.887270
7547.667, 300.876890, 58.735062
46968.959, 300.880627, 58.742089
5546.379, 300.924824, 58.780110
63181.773, 301.015612, 58.865047
26377.127, 301.075555, 58.917311
2418.869, 300.935135, 58.789845
5547.041, 300.955871, 58.809653
4359.960, 300.842148, 58.707254
3258.608, 300.858704, 58.722316
1969.453, 300.865883, 58.730260
9166.793, 300.882078, 58.746391
10925.910, 301.106987, 58.948083
9992.333, 300.823757, 58.693920
71849.973, 300.886024, 58.754905
11990.882, 301.035355, 58.886390
148412.512, 301.137809, 58.982185
3635.672, 301.031345, 58.883031
3220.634, 300.843495, 58.714711
5573.841, 300.899047, 58.766360
17350.238, 300.824507, 58.700499
378568.869, 300.859272, 58.741039
46156.725, 300.969864, 58.834800
32430.964, 300.814275, 58.694670
4368.237, 300.932208, 58.798639
3210.863, 301.126975, 58.973462
128687.907, 301.026875, 58.890923
27915.204, 300.832385, 58.712490
21306.852, 301.188888, 59.032547
27026.383, 301.063538, 58.924929
4310.873, 300.838388, 58.717639
8282.441, 300.895462, 58.771430
16387.721, 300.899005, 58.775575
61304.976, 301.000274, 58.871760
20951.067, 300.880182, 58.760249
18522.740, 300.950197, 58.823360
34815.253, 300.954785, 58.828566
29395.457, 300.811955, 58.701949
5962.347, 301.014655, 58.881323
30976.011, 300.819634, 58.709005
141812.459, 300.801885, 58.697244
27511.208, 301.141134, 58.998740
12660.964, 300.888047, 58.770703
11120.019, 300.977809, 58.853112
4424.478, 301.098206, 58.960439
1335087.181, 300.812040, 58.724111
25230.218, 300.959822, 58.840273
3341.513, 301.044964, 58.914035
5958.168, 300.916730, 58.800221
3156.864, 300.904881, 58.790626
21338.216, 301.029425, 58.906256
5992.950, 300.832733, 58.727688
1986.280, 300.921586, 58.808618
13954.206, 300.951822, 58.837344
4002.542, 301.083170, 58.954877
9940.446, 300.847485, 58.745460
128252.732, 300.863025, 58.766272
12307.538, 301.003989, 58.887403
3652.848, 300.844747, 58.742532
9098.822, 300.967170, 58.854901
3145.685, 300.976814, 58.864065
3526.946, 300.837348, 58.739930
25496.933, 301.065648, 58.947572
13819.406, 300.850401, 58.754384
6317.875, 300.901346, 58.798920
139862.991, 301.023059, 58.914328
18775.766, 301.106191, 58.984484
10335.884, 300.799468, 58.708557
5148.250, 300.922465, 58.819389
6292.345, 300.894445, 58.795693
35890.005, 301.111837, 58.995082
15036.256, 300.788558, 58.702739
2012.572, 300.894595, 58.799769
2058.423, 300.822680, 58.735424
33440.932, 301.046864, 58.943253
105591.878, 301.132067, 59.022009
59988.217, 300.983145, 58.889178
2813.272, 300.781383, 58.702750
12478.902, 300.961510, 58.867025
45576.820, 300.816352, 58.739440
5225.619, 300.964657, 58.870013
67485.653, 300.914395, 58.830440
2398.474, 300.925555, 58.835232
57142.981, 301.119628, 59.013001
14268.295, 300.793971, 58.719645
20005.598, 300.988555, 58.895992
80604.400, 300.778773, 58.709842
4002.444, 300.826173, 58.748926
3611.051, 301.013163, 58.917361
8415.857, 300.961459, 58.873462
98425.936, 300.935043, 58.858667
31457.408, 301.142590, 59.043593
5168.533, 300.917874, 58.840174
5960.553, 301.159150, 59.056714
33549.029, 301.101372, 59.008490
578061.422, 300.819367, 58.766167
3196.932, 300.897486, 58.823529
70314.630, 300.777434, 58.721601
16186.131, 300.789233, 58.730514
3997.775, 301.027104, 58.940721
4356.572, 300.807199, 58.743982
12906.348, 300.974332, 58.896053
23065.157, 301.074516, 58.986676
2446.407, 300.832026, 58.768176
8718.529, 300.851988, 58.787517
88792.981, 300.837521, 58.779350
23126.387, 300.902218, 58.835015
5222.126, 301.063579, 58.978189
4814.468, 300.795556, 58.737030
14343.176, 301.066824, 58.982154
3977.496, 300.855120, 58.792002
1930.565, 300.998475, 58.920444
17409.483, 300.799625, 58.746422
4842.556, 300.885662, 58.823700
1989.831, 300.875713, 58.815325
5927.734, 301.040330, 58.963474
9146.921, 300.766317, 58.717907
40270.528, 301.138899, 59.054485
6318.362, 300.889067, 58.829049
5179.777, 300.800335, 58.749711
4021.436, 300.860743, 58.805113
45621.015, 300.923699, 58.867687
2346.201, 300.781526, 58.735606
26321.472, 301.014714, 58.948550
3596.551, 300.931451, 58.872539
27350.149, 300.968672, 58.908243
3567.744, 300.759064, 58.716998
32367.798, 300.883634, 58.832717
3978.838, 300.760666, 58.719544
2427.144, 300.845104, 58.795244
61155.963, 300.797542, 58.757299
59356.582, 300.819392, 58.781388
5188.565, 300.861138, 58.812273
3143.247, 300.918856, 58.863228
14762.986, 301.041119, 58.975311
47396.904, 301.059702, 58.993055
5087.417, 300.787561, 58.745462
4857.802, 300.985961, 58.924974
12648.117, 300.840274, 58.795472
8329.633, 300.764030, 58.725977
3595.792, 300.757432, 58.720670
7579.525, 300.827339, 58.787523
7545.614, 300.996630, 58.939514
6713.925, 300.745887, 58.715146
2435.311, 300.872291, 58.829478
23009.969, 300.875927, 58.836953
27646.429, 300.779162, 58.751359
300582.593, 300.739439, 58.724268
63973.537, 300.824482, 58.797597
11565.587, 300.845667, 58.810465
47086.055, 300.979158, 58.933068
3210.154, 301.069515, 59.011163
4720.907, 300.793080, 58.763641
63225.241, 300.804465, 58.776870
91574.151, 301.022743, 58.975575
23480.819, 301.005074, 58.959121
23912.679, 300.757320, 58.734161
19053.902, 300.837587, 58.807545
2037.102, 300.917745, 58.877191
34783.820, 301.130454, 59.070649
3993.309, 300.929544, 58.888744
22882.081, 301.090079, 59.034992
11654.758, 300.940124, 58.900527
27525.052, 300.763702, 58.742662
13382.660, 300.810996, 58.785649
1971.552, 300.895781, 58.860712
29602.533, 301.077133, 59.029062
21267.321, 301.110765, 59.058545
9533.523, 300.750949, 58.736642
2018.803, 300.944537, 58.910841
26170.275, 300.974520, 58.940152
50834.783, 300.847305, 58.827586
2381.661, 300.754524, 58.741214
16719.895, 300.961661, 58.930329
2413.855, 300.766514, 58.752967
4784.639, 300.858583, 58.836890
2409.433, 300.745356, 58.734125
4359.382, 300.782061, 58.768255
5521.073, 300.929965, 58.902168
12299.884, 300.787665, 58.774790
3142.053, 300.991073, 58.959170
24425.760, 300.928301, 58.906719
80527.656, 301.019943, 58.991978
11044.437, 300.854753, 58.842134
27882.504, 301.002535, 58.975646
9199.279, 300.802695, 58.795767
11059.699, 300.874812, 58.860171
75022.998, 300.961720, 58.941668
5569.025, 300.891801, 58.876285
2745.530, 300.819832, 58.811438
58894.759, 300.742685, 58.748398
68358.764, 300.774163, 58.776785
2375.359, 300.768115, 58.766599
9494.343, 300.780700, 58.780036
102330.968, 300.857847, 58.854468
11200.640, 300.978488, 58.958658
13055.169, 300.724548, 58.729034
6746.853, 300.729112, 58.733182
2431.181, 301.031221, 59.006663
24736.123, 301.093284, 59.064982
2441.983, 300.899047, 58.888913
12266.135, 300.802225, 58.803715
2809.974, 301.077147, 59.049745
29106.749, 300.750251, 58.758278
5126.874, 300.820335, 58.819565
3956.413, 301.033687, 59.011527
12292.340, 300.843337, 58.842372
16974.077, 300.913887, 58.908646
3148.641, 300.828728, 58.829874
196176.163, 301.017033, 59.006810
33911.488, 301.111630, 59.086833
26016.792, 300.888274, 58.886447
2811.041, 300.759512, 58.770230
28200.912, 300.785145, 58.796003
7584.012, 300.866005, 58.867671
2416.766, 300.917807, 58.913766
3176.462, 300.777386, 58.788007
2386.544, 300.812925, 58.820396
104736.319, 300.740142, 58.762056
47979.441, 301.022938, 59.016786
6759.636, 300.802046, 58.814497
14419.233, 300.709122, 58.731396
6326.193, 300.766740, 58.783434
13640.974, 300.977586, 58.975441
7890.874, 300.748279, 58.769027
15038.596, 300.892220, 58.898552
30494.854, 300.920889, 58.926651
14224.928, 300.716697, 58.741421
36427.850, 300.804563, 58.822495
17736.890, 301.031161, 59.025709
35109.426, 300.961159, 58.965733
30762.604, 301.043867, 59.038743
5180.167, 301.088449, 59.075697
32582.898, 300.766590, 58.789716
10063.509, 300.793135, 58.811605
215565.143, 300.710810, 58.751840
74296.715, 300.744433, 58.775534
24361.754, 300.754960, 58.779344
3160.697, 300.787034, 58.807054
283041.709, 300.899789, 58.922364
3202.519, 300.865663, 58.880107
3208.845, 300.812434, 58.832484
1985.896, 300.870790, 58.885342
13428.616, 300.742314, 58.770797
16324.626, 300.778079, 58.805222
40101.708, 301.092681, 59.089328
77487.458, 300.807748, 58.837827
58899.126, 300.944217, 58.958540
11498.763, 300.826285, 58.852932
15036.342, 300.833090, 58.862540
2757.449, 300.874509, 58.896065
4444.239, 301.068786, 59.070275
16720.754, 300.731890, 58.769342
38526.753, 300.773706, 58.811330
2818.847, 300.887291, 58.908427
40865.530, 300.695003, 58.739716
10391.244, 300.752097, 58.788950
12841.710, 301.077854, 59.081041
13481.315, 300.848725, 58.876744
35239.814, 300.958540, 58.979443
165425.833, 300.713865, 58.764411
17957.222, 300.796910, 58.835949
5636.357, 300.862522, 58.896290
43695.522, 300.743675, 58.793429
56300.526, 300.832289, 58.873828
14829.821, 301.032205, 59.052481
7514.336, 300.822282, 58.865029
49395.626, 300.954351, 58.985800
14703.916, 300.843869, 58.885156
39327.582, 301.042543, 59.065292
11139.630, 300.797295, 58.844466
8359.800, 300.699051, 58.755877
7559.403, 300.836849, 58.880977
2404.427, 300.921625, 58.958149
3932.595, 300.729473, 58.785427
6373.882, 300.680462, 58.742346
3570.449, 300.813613, 58.865034
25366.359, 300.841674, 58.892290
6022.148, 300.895910, 58.939381
65030.201, 301.017807, 59.053404
2786.097, 300.727611, 58.788938
4796.860, 300.752615, 58.811740
4315.180, 300.758496, 58.817912
36997.081, 301.053132, 59.086106
23536.493, 300.886738, 58.938700
9689.197, 301.042648, 59.076356
1992.339, 300.713433, 58.779199
2451.667, 300.781171, 58.840939
3537.637, 300.672620, 58.743482
4378.459, 300.805257, 58.866123
28454.872, 300.717596, 58.789536
11893.326, 300.671898, 58.747045
43904.070, 300.662942, 58.743740
57359.336, 300.830297, 58.896104
2430.767, 300.765878, 58.834762
9177.053, 300.826259, 58.889779
8081.912, 300.957297, 59.008852
12828.301, 300.740237, 58.814203
3567.521, 300.689892, 58.767741
2393.878, 300.732700, 58.806297
2745.798, 300.766731, 58.836826
6001.468, 300.787212, 58.857189
46266.059, 300.926137, 58.985053
34401.043, 300.948501, 59.005310
24937.422, 301.047494, 59.093606
2065.520, 300.814923, 58.882406
7154.845, 300.834931, 58.902492
1991.803, 300.779075, 58.853468
3132.579, 300.818541, 58.888823
65276.567, 300.845314, 58.918096
6348.700, 300.651095, 58.738939
4368.413, 300.668111, 58.754054
4780.811, 300.756765, 58.834745
8087.203, 300.984932, 59.043345
3122.163, 300.730310, 58.814162
3609.353, 300.797906, 58.875296
3200.398, 300.703810, 58.790896
20140.740, 300.884128, 58.956390
13862.637, 300.970334, 59.033578
2782.427, 300.679269, 58.770353
17100.574, 300.683616, 58.776558
2359.640, 300.740526, 58.825434
4324.171, 300.674484, 58.766820
7225.000, 300.722524, 58.811275
48533.258, 300.914073, 58.987426
2011.979, 300.743073, 58.829369
4789.388, 300.706648, 58.798563
9912.121, 300.923196, 58.996114
34099.177, 300.959051, 59.030454
3606.467, 300.686786, 58.781998
29421.406, 300.638405, 58.744036
2411.524, 300.646002, 58.746481
7243.543, 300.664656, 58.764017
36686.457, 300.767288, 58.859836
4452.074, 300.649063, 58.750712
3976.250, 300.672675, 58.771729
3917.226, 300.710401, 58.806971
5108.147, 300.781301, 58.870605
357942.226, 300.956295, 59.044064
23728.739, 300.656360, 58.761692
10860.069, 300.774520, 58.866487
4732.602, 300.795603, 58.885599
12356.256, 301.021995, 59.090140
15460.719, 300.691219, 58.792981
64344.441, 300.718922, 58.822261
3208.376, 300.734449, 58.830514
6274.517, 300.814198, 58.903119
24857.360, 300.700207, 58.802479
22016.441, 301.035703, 59.104499
44317.840, 300.867397, 58.957857
14191.524, 301.026211, 59.097795
10295.152, 300.692654, 58.798055
3161.067, 300.754878, 58.852956
86933.761, 300.993872, 59.075502
4399.894, 300.770334, 58.870993
20268.634, 300.939366, 59.024402
7094.441, 300.676662, 58.787162
2350.184, 300.727415, 58.832562
5227.989, 300.666989, 58.778570
3973.453, 300.841087, 58.936201
73123.576, 300.872843, 58.970138
27167.104, 300.727068, 58.836817
31944.969, 300.749890, 58.859115
19093.096, 300.741669, 58.849367
3575.443, 300.657227, 58.772137
46255.482, 300.707748, 58.821605
19865.902, 300.941184, 59.031370
40380.801, 300.798802, 58.904979
18248.496, 300.718974, 58.834637
29718.400, 300.767481, 58.877182
110211.472, 300.630809, 58.758630
29740.735, 300.805375, 58.912162
17426.870, 300.625603, 58.750226
17238.440, 300.884693, 58.984260
35121.242, 300.675626, 58.796715
17562.771, 300.862240, 58.964310
37283.533, 300.896663, 58.997308
4716.776, 300.728516, 58.843071
23508.941, 300.891767, 58.992442
3149.568, 300.983818, 59.072772
4396.018, 300.645714, 58.768864
72257.506, 300.658997, 58.785113
6794.353, 300.698047, 58.817025
49863.943, 300.617346, 58.747393
18215.762, 300.688057, 58.809901
51820.122, 300.773998, 58.890654
206719.213, 300.748231, 58.870910
16448.889, 300.884108, 58.988745
51316.799, 300.674656, 58.804233
2401.047, 300.757601, 58.876754
29807.190, 300.662837, 58.794006
11822.127, 300.780474, 58.899373
14552.272, 300.907748, 59.015164
2069.441, 300.899683, 59.006875
20390.993, 300.829652, 58.947819
22595.928, 300.973966, 59.076913
56262.445, 300.612591, 58.755448
49706.625, 300.629086, 58.772691
59338.908, 300.646013, 58.786120
9586.089, 300.682990, 58.817059
19689.899, 300.863358, 58.981307
7721.648, 300.938544, 59.047141
4384.272, 300.642345, 58.779325
6740.937, 300.710583, 58.842611
3163.650, 300.804950, 58.926917
2032.269, 300.786459, 58.911472
2035.903, 300.814399, 58.938072
41570.681, 300.881003, 59.001961
37346.153, 300.704009, 58.841634
5954.415, 300.722076, 58.855345
184419.717, 300.747157, 58.892404
8774.199, 300.733661, 58.867380
48628.999, 300.612265, 58.761259
50705.598, 300.662494, 58.808323
7490.938, 300.723986, 58.859194
35676.531, 300.963740, 59.077980
5631.801, 300.745621, 58.879375
40024.791, 300.644503, 58.793192
6781.944, 300.673724, 58.816848
54894.503, 300.937019, 59.058392
10749.358, 300.630947, 58.779368
2031.848, 300.652289, 58.797989
2775.535, 300.686281, 58.829457
189681.897, 300.813798, 58.954106
2794.174, 300.766370, 58.903492
3938.185, 300.741496, 58.881902
51810.342, 300.633177, 58.790851
73016.790, 300.828016, 58.965066
13278.012, 300.992035, 59.109073
5090.995, 300.650971, 58.802867
18304.248, 300.867764, 58.999577
6020.463, 300.712568, 58.858615
30131.522, 300.885677, 59.016778
5932.944, 300.611457, 58.767518
88003.655, 300.673735, 58.830783
13452.914, 300.693750, 58.844181
37189.773, 300.924834, 59.054772
4341.310, 300.761714, 58.905451
5924.414, 300.781016, 58.923442
21194.125, 300.619142, 58.779335
6811.597, 300.685869, 58.838883
62666.673, 300.837724, 58.982699
3192.838, 300.687450, 58.843042
6739.089, 300.594696, 58.760100
72839.290, 300.686710, 58.850472
28422.138, 300.710734, 58.868669
9147.221, 300.723158, 58.877515
50661.025, 300.922687, 59.060961
4829.024, 300.737703, 58.891098
4381.220, 300.660119, 58.822781
4758.632, 300.698081, 58.858054
90449.131, 300.601854, 58.776874
79413.120, 300.726528, 58.891320
184620.902, 300.850230, 59.004907
4407.540, 300.648388, 58.816057
2785.512, 300.635740, 58.805290
4750.161, 300.700409, 58.864455
23868.308, 300.837081, 58.992467
101944.891, 300.635750, 58.812832
7946.632, 300.647746, 58.819412
58501.929, 300.608134, 58.792964
6288.291, 300.965443, 59.106689
9574.296, 300.776580, 58.938689
1958.850, 300.710009, 58.878598
19973.547, 300.789675, 58.953067
12005.991, 300.799575, 58.963763
2418.473, 300.818709, 58.979799
5222.564, 300.620056, 58.800304
13948.924, 300.650115, 58.829592
15442.718, 300.670234, 58.847449
5553.209, 300.655367, 58.833531
22441.922, 300.590158, 58.776117
12721.521, 300.621029, 58.806703
2835.371, 300.572377, 58.763269
20617.318, 300.685525, 58.869174
36783.333, 300.779564, 58.956922
14658.501, 300.805260, 58.978543
4833.120, 300.654696, 58.842053
17335.031, 300.660117, 58.847609
4411.494, 300.643029, 58.831364
2367.455, 300.681773, 58.866705
2839.419, 300.719602, 58.900920
12229.233, 300.942451, 59.104293
24915.072, 300.618719, 58.814194
1986.715, 300.761430, 58.940164
11239.646, 300.916456, 59.081450
18785.266, 300.823579, 58.999700
10015.117, 300.884354, 59.052817
31439.395, 300.826468, 59.004737
3989.023, 300.591706, 58.790762
100707.046, 300.645570, 58.851595
9234.266, 300.725591, 58.912884
16416.827, 300.862388, 59.037393
14140.367, 300.942119, 59.109014
25340.870, 300.561802, 58.767605
29186.826, 300.682741, 58.878117
21263.965, 300.715243, 58.906451
14037.100, 300.908725, 59.082643
1988.935, 300.646610, 58.845999
67467.436, 300.802062, 58.993489
1971.214, 300.616422, 58.819324
23867.004, 300.744818, 58.939976
58177.513, 300.888551, 59.070562
3193.814, 300.603605, 58.810287
6358.433, 300.688745, 58.887615
45759.870, 300.794433, 58.987337
8320.316, 300.661611, 58.866838
56696.410, 300.829655, 59.020772
3621.269, 300.578034, 58.791054
39807.041, 300.764824, 58.965638
12767.109, 300.689043, 58.895040
41516.059, 300.731093, 58.934775
4358.187, 300.604274, 58.818605
2727.630, 300.625381, 58.839032
29852.883, 300.692641, 58.902580
58259.646, 300.667047, 58.881601
11106.583, 300.648726, 58.864065
6791.719, 300.771716, 58.974420
3976.046, 300.590700, 58.812264
5243.611, 300.942158, 59.130162
14397.353, 300.601698, 58.824966
24418.552, 300.650873, 58.870900
35294.494, 300.655749, 58.876282
24361.256, 300.791194, 58.999022
8788.177, 300.847149, 59.047959
6038.762, 300.771331, 58.980100
9540.507, 300.814965, 59.020208
3572.595, 300.567830, 58.795493
66706.928, 300.678352, 58.901767
7929.652, 300.699171, 58.917723
7148.337, 300.766409, 58.978132
48975.137, 300.880695, 59.084227
32833.326, 300.817603, 59.029450
36797.335, 300.537445, 58.777120
29561.947, 300.739101, 58.958673
37407.432, 300.824107, 59.036858
1990.995, 300.576422, 58.809580
3600.152, 300.715578, 58.936843
12448.289, 300.922403, 59.125291
16024.889, 300.776226, 58.995253
4760.248, 300.599155, 58.833798
174666.131, 300.652004, 58.892422
11113.549, 300.756634, 58.978633
11286.054, 300.806800, 59.023659
5192.783, 300.582466, 58.821199
4769.055, 300.778947, 58.999667
14670.537, 300.546862, 58.791191
3177.617, 300.608252, 58.845162
28151.618, 300.895413, 59.106843
7516.094, 300.601019, 58.839649
49941.069, 300.683090, 58.918598
2365.689, 300.710885, 58.940058
4445.178, 300.815428, 59.036365
55487.732, 300.737877, 58.971311
20212.792, 300.599352, 58.845715
11116.178, 300.661668, 58.901200
30067.835, 300.572532, 58.821427
23916.792, 300.851380, 59.075923
153536.041, 300.904783, 59.126394
13169.260, 300.623804, 58.871096
7687.665, 300.889226, 59.110048
54724.850, 300.612990, 58.866783
420468.729, 300.627681, 58.886605
5928.131, 300.581274, 58.833077
3941.457, 300.681106, 58.923470
10666.630, 300.793143, 59.027000
2854.735, 300.910450, 59.131551
5576.745, 300.519301, 58.779069
67320.854, 300.599045, 58.856989
10482.542, 300.885096, 59.112938
2772.791, 300.638403, 58.890218
18158.676, 300.716931, 58.963043
9572.376, 300.582953, 58.842300
5186.982, 300.679209, 58.929441
4389.311, 300.817214, 59.054109
34716.224, 300.802030, 59.044729
2049.589, 300.589240, 58.849263
3190.442, 300.641167, 58.896943
149477.334, 300.667665, 58.927689
7169.588, 300.566027, 58.830907
2789.338, 300.584366, 58.847450
8629.665, 300.615760, 58.877515
7815.953, 300.828011, 59.071562
67788.209, 300.848708, 59.092494
17475.610, 300.521326, 58.794120
16258.861, 300.844244, 59.087083
33609.315, 300.528924, 58.803172
25724.890, 300.632130, 58.898619
4745.239, 300.715982, 58.972261
3189.531, 300.541498, 58.813471
2812.986, 300.587211, 58.855348
12294.728, 300.559024, 58.833028
23908.910, 300.801010, 59.054269
1970.503, 300.551464, 58.824720
6016.503, 300.783980, 59.036308
8351.810, 300.509889, 58.789660
12306.334, 300.563730, 58.838423
17523.408, 300.586722, 58.859881
3591.425, 300.504690, 58.784089
1969.365, 300.532283, 58.808867
3607.627, 300.534721, 58.811781
2016.870, 300.612621, 58.882245
9173.187, 300.817691, 59.069998
8514.200, 300.890913, 59.135235
38826.097, 300.784576, 59.045907
5938.521, 300.564559, 58.843547
4728.974, 300.614182, 58.888301
2390.342, 300.704133, 58.970482
14455.046, 300.841815, 59.097748
29498.094, 300.566256, 58.849392
30899.271, 300.810621, 59.072048
29112.187, 300.616126, 58.896616
34448.832, 300.621864, 58.902313
4066.877, 300.705206, 58.975430
12374.380, 300.861019, 59.118684
4367.073, 300.572419, 58.858109
56538.188, 300.892581, 59.151036
16460.183, 300.544392, 58.837109
7076.598, 300.598754, 58.883259
3609.389, 300.686779, 58.963411
57929.741, 300.789728, 59.063439
22663.094, 300.563132, 58.854753
11202.485, 300.585335, 58.874013
31664.205, 300.741191, 59.018324
23461.026, 300.660770, 58.944611
10589.654, 300.871756, 59.134335
20554.584, 300.489788, 58.789938
23213.499, 300.664270, 58.950018
3981.672, 300.608288, 58.897748
19291.489, 300.675796, 58.964604
11248.646, 300.481421, 58.787871
105258.638, 300.579343, 58.881333
11596.885, 300.712751, 58.998427
12719.501, 300.493936, 58.800214
2367.202, 300.594266, 58.890310
26099.946, 300.812461, 59.090882
21222.518, 300.884176, 59.154870
19610.743, 300.826923, 59.103763
24373.351, 300.745251, 59.032942
2415.451, 300.547103, 58.851204
81316.513, 300.491704, 58.806884
27167.072, 300.656052, 58.954470
9570.859, 300.693796, 58.987055
30692.621, 300.777221, 59.064079
18250.742, 300.613941, 58.918243
41391.742, 300.538489, 58.849004
2805.844, 300.814339, 59.095916
9962.968, 300.510395, 58.822542
4816.969, 300.612633, 58.914824
14368.498, 300.718519, 59.012599
8393.484, 300.873976, 59.152112
9086.473, 300.479107, 58.794613
2367.572, 300.524639, 58.834871
2825.670, 300.475063, 58.790696
34400.335, 300.635379, 58.942138
25193.949, 300.742209, 59.038524
45667.723, 300.808324, 59.100200
1942.861, 300.514139, 58.830406
2801.791, 300.567960, 58.879947
295980.375, 300.702963, 59.010097
12643.339, 300.585883, 58.898074
23125.755, 300.654773, 58.962453
3576.172, 300.580558, 58.893401
3168.326, 300.665792, 58.971379
4712.795, 300.569042, 58.884370
2032.540, 300.555736, 58.872631
7671.088, 300.770530, 59.067928
3940.775, 300.530220, 58.849698
3259.193, 300.533731, 58.852780
7577.831, 300.543846, 58.863253
30341.159, 300.711144, 59.017265
30503.081, 300.585746, 58.906240
3221.271, 300.676176, 58.983519
1963.702, 300.493825, 58.818408
9113.343, 300.536097, 58.857929
2425.771, 300.569618, 58.887346
2407.811, 300.617756, 58.931356
19534.938, 300.716468, 59.022318
5198.143, 300.467181, 58.794978
7546.449, 300.522623, 58.847316
4406.286, 300.499798, 58.825133
2018.502, 300.496171, 58.822581
7952.860, 300.556813, 58.879637
5093.779, 300.472680, 58.803713
54345.902, 300.558566, 58.885357
18407.958, 300.661503, 58.977125
3703.918, 300.648805, 58.964389
41212.989, 300.612791, 58.936174
77791.292, 300.489330, 58.826310
5498.197, 300.783829, 59.088331
8365.562, 300.804427, 59.107469
3997.160, 300.512698, 58.843034
19145.334, 300.639131, 58.959718
3192.348, 300.750719, 59.058701
32516.450, 300.775255, 59.084518
2806.570, 300.539006, 58.868108
3620.390, 300.649782, 58.968451
38389.126, 300.740290, 59.055119
21466.933, 300.827401, 59.132052
18134.667, 300.659676, 58.981643
1999.375, 300.575666, 58.904345
53268.515, 300.717620, 59.039478
6868.053, 300.515438, 58.850873
8330.321, 300.525696, 58.861062
53115.688, 300.622507, 58.953939
36896.402, 300.765554, 59.081673
5950.789, 300.809084, 59.117865
37534.718, 300.813780, 59.125068
3625.300, 300.502098, 58.840563
3184.657, 300.519779, 58.856287
5574.630, 300.724491, 59.042555
53121.250, 300.636155, 58.967956
4798.740, 300.533082, 58.871017
2018.397, 300.602441, 58.932784
18546.934, 300.487127, 58.832209
19431.156, 300.555635, 58.894712
9503.974, 300.562840, 58.901617
52585.710, 300.448000, 58.800166
6359.918, 300.472642, 58.820249
2423.638, 300.606085, 58.941786
6405.955, 300.753349, 59.078941
10799.629, 300.521547, 58.870858
4327.028, 300.545608, 58.892596
11476.679, 300.694802, 59.029860
22412.629, 300.810202, 59.134917
38373.900, 300.586856, 58.936067
9066.222, 300.559410, 58.909729
44446.881, 300.638940, 58.984863
51519.378, 300.707875, 59.046940
4023.374, 300.524456, 58.878346
2014.569, 300.462609, 58.821903
14667.516, 300.539357, 58.894843
3915.477, 300.619784, 58.967425
12717.023, 300.463267, 58.827544
41810.959, 300.447300, 58.815894
39154.516, 300.733822, 59.074524
4395.109, 300.492802, 58.853768
26409.740, 300.655079, 59.003828
16034.332, 300.466355, 58.832025
7571.911, 300.545817, 58.906047
26251.763, 300.507251, 58.871449
21967.305, 300.672339, 59.021712
19042.857, 300.484174, 58.850508
11562.684, 300.471688, 58.841781
9340.699, 300.710414, 59.058436
2392.461, 300.745321, 59.088899
2831.227, 300.546787, 58.909540
33847.742, 300.688983, 59.042140
17081.639, 300.510096, 58.878683
8904.669, 300.714889, 59.064195
86672.322, 300.767951, 59.115296
40364.170, 300.528164, 58.897813
25156.291, 300.663555, 59.020383
8737.361, 300.584954, 58.948464
24444.532, 300.547673, 58.917943
2785.642, 300.632246, 58.991538
14692.761, 300.654873, 59.013645
21076.656, 300.800083, 59.146232
7957.003, 300.463628, 58.841569
1997.198, 300.740756, 59.092036
5574.256, 300.784731, 59.134728
5101.727, 300.446608, 58.828549
2341.555, 300.621936, 58.988094
3178.507, 300.457153, 58.838433
2412.606, 300.604718, 58.973145
16444.450, 300.710929, 59.071414
45613.034, 300.734814, 59.094892
3218.061, 300.420983, 58.807451
49767.683, 300.776315, 59.133505
30222.737, 300.818987, 59.171744
2865.386, 300.446818, 58.832196
2033.609, 300.489243, 58.870121
3977.761, 300.580514, 58.954537
6701.901, 300.455361, 58.841623
2345.679, 300.717983, 59.078796
51614.578, 300.479007, 58.866956
7515.415, 300.566492, 58.943853
10731.520, 300.594333, 58.969663
39712.228, 300.750005, 59.112997
2394.940, 300.423791, 58.814257
21487.788, 300.429730, 58.822628
18518.048, 300.440242, 58.833048
30160.502, 300.463880, 58.855637
42780.080, 300.606423, 58.985531
8900.596, 300.543272, 58.927510
77459.734, 300.631168, 59.013084
38087.105, 300.564094, 58.949355
12310.440, 300.621360, 58.999840
22911.495, 300.483707, 58.877413
6068.812, 300.418670, 58.816076
6328.974, 300.445935, 58.840936
5924.762, 300.456289, 58.849628
2416.667, 300.643663, 59.019973
3207.146, 300.430695, 58.828865
28630.292, 300.448749, 58.850638
28323.526, 300.489769, 58.885475
10795.493, 300.581251, 58.968444
32971.710, 300.497215, 58.893469
6648.472, 300.541317, 58.932216
2373.028, 300.432396, 58.832884
8364.010, 300.425196, 58.828311
2375.921, 300.615470, 59.002405
5580.838, 300.666468, 59.049356
21953.438, 300.711267, 59.091055
37846.520, 300.616495, 59.008199
5522.806, 300.505612, 58.903798
11572.117, 300.569223, 58.963564
64685.713, 300.643531, 59.035060
68598.719, 300.721999, 59.107053
10386.635, 300.454121, 58.861001
5549.401, 300.502026, 58.907090
65320.164, 300.521085, 58.928715
2350.034, 300.551364, 58.951565
9891.848, 300.745627, 59.128971
2410.161, 300.426519, 58.838339
345914.458, 300.580031, 58.990484
113592.826, 300.457918, 58.875407
3190.635, 300.474027, 58.884547
3557.857, 300.535686, 58.940778
26778.154, 300.398046, 58.818254
4845.827, 300.752627, 59.139345
30307.117, 300.764303, 59.153684
33976.404, 300.642594, 59.045193
26918.521, 300.694955, 59.092230
2027.342, 300.709622, 59.102957
33001.325, 300.477457, 58.896578
4014.878, 300.564267, 58.973323
26420.324, 300.649358, 59.052165
8579.279, 300.783918, 59.172271
7176.875, 300.431550, 58.853825
1976.396, 300.735763, 59.129182
9597.829, 300.519213, 58.936096
23555.170, 300.544131, 58.961520
10755.612, 300.739279, 59.136708
4778.496, 300.570657, 58.985003
22046.254, 300.629018, 59.040025
11060.005, 300.432601, 58.860943
25584.172, 300.445842, 58.874130
26243.969, 300.726270, 59.130063
2422.173, 300.385794, 58.817004
6740.261, 300.455244, 58.881611
41223.198, 300.699005, 59.107373
3523.516, 300.562880, 58.980635
16378.198, 300.388842, 58.823431
3626.396, 300.518549, 58.941849
9885.949, 300.631505, 59.044368
54123.332, 300.578069, 59.001030
35784.576, 300.685371, 59.097176
5638.523, 300.657889, 59.070979
55880.112, 300.736922, 59.144443
5175.327, 300.394458, 58.831434
4365.910, 300.453565, 58.884987
7901.237, 300.424896, 58.860665
11421.775, 300.409443, 58.849191
2068.523, 300.547707, 58.973332
1990.889, 300.503023, 58.933766
2732.178, 300.507381, 58.937394
3227.840, 300.482091, 58.915591
4030.167, 300.498499, 58.931303
3561.932, 300.444528, 58.882699
6422.216, 300.774146, 59.181566
7178.342, 300.375060, 58.820916
6722.628, 300.384817, 58.829473
7092.886, 300.419435, 58.862811
29792.536, 300.676111, 59.098054
23841.507, 300.720668, 59.137832
31339.968, 300.433728, 58.879858
8392.108, 300.591092, 59.023134
87794.893, 300.596364, 59.031405
47542.328, 300.628452, 59.058777
86822.166, 300.563624, 59.002969
29746.593, 300.645299, 59.075732
22966.744, 300.726736, 59.149225
46922.436, 300.395785, 58.850356
2404.018, 300.419504, 58.869144
12432.820, 300.708610, 59.133622
11530.541, 300.436300, 58.887022
15554.434, 300.615131, 59.051058
5166.509, 300.376228, 58.833188
24726.261, 300.743416, 59.170137
7616.234, 300.403043, 58.859973
15468.877, 300.439620, 58.895154
66271.659, 300.524576, 58.975594
6740.886, 300.455214, 58.908994
3182.241, 300.497648, 58.947309
27186.039, 300.652618, 59.090907
42779.045, 300.478831, 58.934923
2351.798, 300.373954, 58.837048
5131.900, 300.462136, 58.917520
15214.108, 300.712644, 59.146508
3589.944, 300.363583, 58.828207
3561.235, 300.393399, 58.857706
2757.172, 300.423083, 58.884415
3203.146, 300.398284, 58.863117
18805.002, 300.732660, 59.169293
14365.760, 300.491524, 58.950597
6797.684, 300.469200, 58.929707
123697.215, 300.415891, 58.888609
338025.682, 300.435216, 58.921295
7929.500, 300.534682, 58.991474
3226.185, 300.539509, 58.994774
16755.941, 300.615690, 59.066382
36927.068, 300.359601, 58.836348
6715.878, 300.545434, 59.001874
29236.385, 300.673116, 59.119359
7136.841, 300.620110, 59.071418
5625.768, 300.650471, 59.098409
2028.902, 300.685186, 59.129125
51268.242, 300.709724, 59.155367
20609.172, 300.483789, 58.949483
34267.405, 300.516866, 58.980367
8665.925, 300.427887, 58.897782
3998.676, 300.569868, 59.027413
9586.930, 300.608714, 59.063812
1962.805, 300.354976, 58.831366
3612.604, 300.374976, 58.850940
2430.386, 300.512807, 58.977045
43356.142, 300.457899, 58.931906
5469.757, 300.465298, 58.934911
16520.190, 300.361973, 58.843180
44302.325, 300.398801, 58.878261
15946.274, 300.527856, 58.995260
19684.991, 300.428747, 58.907575
2376.780, 300.545806, 59.010622
3199.155, 300.564546, 59.029917
17203.139, 300.661587, 59.120430
21872.309, 300.683554, 59.139337
8312.134, 300.346330, 58.832162
3605.036, 300.551514, 59.019131
62413.296, 300.642154, 59.105917
30264.670, 300.371628, 58.860994
7480.313, 300.379780, 58.866202
3547.590, 300.349087, 58.838151
17064.984, 300.483637, 58.964057
6079.112, 300.502228, 58.978824
3570.990, 300.530036, 59.003261
20772.168, 300.619037, 59.086680
5139.206, 300.417786, 58.901758
27962.959, 300.697844, 59.158653
23299.771, 300.716562, 59.176885
20474.318, 300.346025, 58.842774
46536.727, 300.474145, 58.960218
4430.229, 300.727224, 59.186358
7948.721, 300.342299, 58.837645
2406.086, 300.548872, 59.024932
4394.423, 300.538867, 59.018779
34870.436, 300.464104, 58.953349
8324.468, 300.483190, 58.969698
16598.886, 300.407444, 58.903098
3340.657, 300.676453, 59.145012
2050.677, 300.361230, 58.858312
4766.091, 300.386355, 58.882699
7639.978, 300.400208, 58.899325
11911.516, 300.534399, 59.021336
44343.627, 300.330659, 58.839240
4749.298, 300.595390, 59.078964
18607.618, 300.491137, 58.986902
2801.197, 300.633196, 59.113376
93127.485, 300.385846, 58.897074
65588.939, 300.525359, 59.021738
45085.396, 300.678006, 59.158259
15602.260, 300.334533, 58.843873
27658.593, 300.457414, 58.957843
117715.024, 300.628936, 59.119266
2001.050, 300.646972, 59.127920
26131.058, 300.348599, 58.859391
11041.590, 300.429784, 58.934272
4014.321, 300.448444, 58.948138
3164.237, 300.549745, 59.041449
14927.806, 300.573820, 59.064961
123537.556, 300.509185, 59.011218
24088.385, 300.353415, 58.865999
3654.179, 300.545306, 59.039560
8488.097, 300.696308, 59.176799
10710.012, 300.396068, 58.905303
43782.361, 300.401759, 58.913085
2393.118, 300.481804, 58.982559
14254.789, 300.368397, 58.882143
25373.284, 300.485756, 58.990171
4417.764, 300.562024, 59.058086
10702.536, 300.325256, 58.844043
5580.191, 300.359943, 58.876197
67467.394, 300.540797, 59.045044
23527.056, 300.329921, 58.850656
2360.519, 300.414660, 58.926663
7105.232, 300.344043, 58.863331
11618.659, 300.554334, 59.057872
23685.824, 300.392715, 58.911824
110338.402, 300.342547, 58.872392
16656.042, 300.445201, 58.961616
9182.231, 300.567078, 59.071887
3567.111, 300.575173, 59.077913
55647.696, 300.670450, 59.169431
2391.017, 300.555702, 59.061221
13961.473, 300.576231, 59.081278
21949.022, 300.359816, 58.885432
7201.205, 300.571361, 59.076430
3205.022, 300.635788, 59.134385
25149.152, 300.661034, 59.160185
13080.258, 300.693136, 59.187862
3202.869, 300.680839, 59.176723
13118.958, 300.373439, 58.899286
26548.418, 300.414658, 58.939277
3605.543, 300.513912, 59.027318
22184.366, 300.306096, 58.842424
3520.023, 300.519965, 59.033564
4840.379, 300.580204, 59.088599
3156.141, 300.385599, 58.912685
2446.166, 300.641345, 59.145536
74044.952, 300.358424, 58.898193
49072.641, 300.581304, 59.096787
11563.672, 300.402296, 58.930812
13055.247, 300.319792, 58.855816
3980.648, 300.602721, 59.112990
3213.720, 300.349963, 58.883350
36427.248, 300.413285, 58.945912
22314.939, 300.587806, 59.102182
6707.941, 300.643044, 59.150913
9246.099, 300.504018, 59.026046
3615.485, 300.432333, 58.960384
9837.995, 300.521104, 59.043135
31557.261, 300.680204, 59.190317
3141.894, 300.389417, 58.922115
2388.427, 300.442562, 58.970684
9629.508, 300.618839, 59.132637
9976.116, 300.373296, 58.912854
31469.277, 300.468698, 59.002336
4860.428, 300.607413, 59.124427
21274.276, 300.347612, 58.890100
5518.031, 300.400542, 58.937832
17619.935, 300.635377, 59.153053
59170.228, 300.321905, 58.869600
2400.829, 300.332230, 58.878806
3256.831, 300.524366, 59.054444
14447.278, 300.574276, 59.101639
8359.210, 300.617583, 59.140239
3997.670, 300.304888, 58.854495
4725.635, 300.433056, 58.972214
3970.136, 300.482489, 59.017267
6533.096, 300.642551, 59.164152
4432.832, 300.293902, 58.846520
15332.673, 300.500735, 59.036964
10201.580, 300.395502, 58.942209
2373.700, 300.411466, 58.954919
15651.680, 300.437124, 58.980812
2017.290, 300.388869, 58.935397
6022.276, 300.454613, 58.996867
31171.768, 300.626817, 59.156043
4298.200, 300.407917, 58.955759
15673.162, 300.528249, 59.066485
7592.029, 300.563421, 59.097490
413846.812, 300.305357, 58.874648
54008.001, 300.324397, 58.883410
16799.218, 300.442919, 58.989998
42329.579, 300.612097, 59.145600
5222.657, 300.350516, 58.905473
15838.739, 300.566154, 59.102928
1946.044, 300.408377, 58.958349
13124.270, 300.676064, 59.204454
4853.151, 300.339789, 58.897851
6049.865, 300.394012, 58.947481
4019.512, 300.288991, 58.851534
36579.819, 300.296713, 58.860685
10362.746, 300.331431, 58.891332
3549.295, 300.498167, 59.042923
54223.644, 300.536808, 59.083796
16798.009, 300.599628, 59.136735
46950.220, 300.430214, 58.984666
16799.546, 300.526706, 59.070961
22567.990, 300.582619, 59.123519
5628.350, 300.635639, 59.169946
11673.368, 300.665010, 59.196412
2514.064, 300.529298, 59.073380
20143.088, 300.463778, 59.016408
8833.037, 300.498105, 59.047171
2805.380, 300.659893, 59.193276
3604.032, 300.348731, 58.911784
3895.840, 300.331506, 58.896648
28235.050, 300.385890, 58.951170
9659.069, 300.510267, 59.062103
66281.790, 300.661596, 59.202494
24366.321, 300.292302, 58.865464
47464.759, 300.558505, 59.109305
75663.070, 300.365351, 58.937166
10353.827, 300.434785, 58.994882
6658.156, 300.443072, 59.002187
15210.955, 300.613311, 59.157442
11310.793, 300.327849, 58.899468
73586.326, 300.537259, 59.094558
14307.699, 300.275426, 58.854382
2030.639, 300.499690, 59.057946
8667.871, 300.471768, 59.034821
2012.852, 300.328660, 58.903699
29770.947, 300.355886, 58.931856
3602.469, 300.387005, 58.957176
2832.553, 300.394438, 58.963782
4026.493, 300.499005, 59.061296
17853.138, 300.297679, 58.880907
8179.132, 300.396484, 58.968929
84421.764, 300.435949, 59.013839
14410.842, 300.452625, 59.020651
18855.885, 300.476409, 59.043294
32928.772, 300.609592, 59.165836
27829.948, 300.633857, 59.187374
12320.057, 300.413055, 58.986320
101166.517, 300.323370, 58.909819
14624.372, 300.363755, 58.943473
21109.111, 300.282056, 58.870135
13632.263, 300.451580, 59.024101
12283.051, 300.541267, 59.105898
2617.552, 300.565668, 59.127023
4723.396, 300.309167, 58.894351
31677.084, 300.425235, 59.003967
13265.414, 300.478027, 59.050059
26220.256, 300.527378, 59.096200
9580.064, 300.287977, 58.877255
4757.596, 300.645112, 59.201400
7572.461, 300.312121, 58.899087
4387.556, 300.549021, 59.116698
2031.481, 300.296736, 58.884671
11602.756, 300.329932, 58.916410
20132.240, 300.545172, 59.113925
5156.086, 300.381382, 58.964197
2016.731, 300.404374, 58.984502
23611.921, 300.651643, 59.211914
49008.334, 300.255960, 58.855274
2821.859, 300.302769, 58.893299
9895.350, 300.353400, 58.941008
2816.338, 300.486154, 59.061171
96271.006, 300.530846, 59.107693
4032.367, 300.511751, 59.086236
37065.684, 300.311069, 58.909282
24215.345, 300.467927, 59.049512
29315.939, 300.592492, 59.162969
6867.031, 300.609811, 59.176352
3991.228, 300.362057, 58.951147
37120.859, 300.633369, 59.201463
7571.546, 300.277577, 58.874415
8048.664, 300.342219, 58.935168
4398.532, 300.477111, 59.058683
13545.709, 300.577989, 59.150324
2012.303, 300.640707, 59.205261
2807.490, 300.484466, 59.065078
2785.887, 300.352194, 58.944916
39786.692, 300.433332, 59.023563
9667.821, 300.621921, 59.192091
4315.444, 300.457371, 59.042636
3569.454, 300.453186, 59.039853
36573.563, 300.402755, 58.998078
2428.633, 300.598184, 59.171946
3560.793, 300.274228, 58.877282
13961.501, 300.280576, 58.885673
3542.348, 300.378690, 58.973946
1983.084, 300.466021, 59.053991
17775.710, 300.553125, 59.135547
11213.745, 300.289450, 58.894650
8634.231, 300.362725, 58.962220
16701.998, 300.317240, 58.923021
4461.302, 300.472695, 59.062527
25245.784, 300.340208, 58.945030
7154.581, 300.420387, 59.016512
1965.318, 300.445267, 59.037778
10043.471, 300.256803, 58.867572
4813.957, 300.300445, 58.906847
21896.243, 300.507083, 59.098384
32818.305, 300.244034, 58.859315
30328.097, 300.576245, 59.162256
61096.585, 300.611846, 59.196389
5700.006, 300.646273, 59.223715
6408.400, 300.334879, 58.941123
2328.472, 300.469808, 59.065017
6406.725, 300.325882, 58.934864
51730.782, 300.299639, 58.914155
10283.645, 300.390641, 58.994991
2882.437, 300.564078, 59.152170
29277.959, 300.592362, 59.181225
12342.529, 300.383301, 58.990203
19283.117, 300.437404, 59.040902
4433.823, 300.554588, 59.145199
20581.871, 300.574316, 59.167825
26963.528, 300.352481, 58.965198
3941.991, 300.250054, 58.868906
2366.914, 300.613941, 59.200651
2418.514, 300.340320, 58.952131
16308.354, 300.559624, 59.155479
10098.980, 300.527600, 59.125832
7961.210, 300.241820, 58.864574
26741.195, 300.338775, 58.955407
2381.567, 300.411926, 59.020116
2861.341, 300.442041, 59.048270
68271.439, 300.481012, 59.090231
20710.656, 300.535634, 59.135093
11487.935, 300.580129, 59.174683
32147.743, 300.493507, 59.099360
4772.235, 300.247381, 58.872331
35909.193, 300.418214, 59.031672
2406.135, 300.311487, 58.932444
29627.562, 300.317214, 58.940843
5214.083, 300.252899, 58.879999
3230.726, 300.291203, 58.914809
7170.080, 300.300176, 58.923593
29606.626, 300.444992, 59.058694
2010.344, 300.518759, 59.122577
8658.090, 300.350492, 58.971617
130064.820, 300.355905, 58.981616
60790.177, 300.334828, 58.962208
17120.608, 300.402907, 59.022398
4016.005, 300.579106, 59.181383
2412.405, 300.304293, 58.931205
7529.918, 300.325773, 58.952775
3573.190, 300.604735, 59.206383
38240.568, 300.267515, 58.902651
195359.552, 300.479150, 59.100419
9952.462, 300.271601, 58.907173
5907.608, 300.488995, 59.104440
3237.154, 300.499170, 59.112834
16677.110, 300.230673, 58.873124
13042.850, 300.245555, 58.884100
19589.224, 300.280162, 58.916560
7944.744, 300.301277, 58.935223
40750.654, 300.321312, 58.956561
5966.342, 300.408164, 59.032691
11804.444, 300.430276, 59.054003
4819.870, 300.229143, 58.869448
2364.346, 300.443440, 59.065512
5965.762, 300.372088, 59.001568
1976.094, 300.225644, 58.866709
9413.060, 300.233269, 58.876315
33175.915, 300.605188, 59.217178
2815.832, 300.246607, 58.889107
163780.373, 300.325250, 58.971622
17789.674, 300.267713, 58.911892
4783.833, 300.364200, 58.998706
21769.008, 300.574870, 59.191965
2058.828, 300.350464, 58.985811
7210.682, 300.261378, 58.905909
9534.424, 300.334415, 58.975854
8085.133, 300.354201, 58.993345
4355.242, 300.455608, 59.085999
15222.084, 300.337697, 58.979504
6738.591, 300.283592, 58.930291
3283.970, 300.418268, 59.052487
29440.628, 300.566593, 59.189904
13576.039, 300.423842, 59.060326
30928.979, 300.211038, 58.867651
26341.167, 300.590621, 59.213343
4781.698, 300.230024, 58.882682
38247.445, 300.356423, 59.000739
4733.662, 300.276052, 58.926320
42783.586, 300.339332, 58.990675
16054.758, 300.595316, 59.219281
13872.936, 300.307983, 58.957630
17912.221, 300.381515, 59.026618
1987.909, 300.570372, 59.196526
40736.857, 300.392394, 59.039346
7153.153, 300.480373, 59.116751
12719.071, 300.466081, 59.106730
57477.593, 300.602429, 59.231915
7905.679, 300.210099, 58.872518
2835.481, 300.252421, 58.910140
2010.719, 300.555406, 59.187691
120422.435, 300.289015, 58.952652
161432.737, 300.480456, 59.131295
43047.982, 300.590906, 59.223605
22014.464, 300.451719, 59.098471
82697.712, 300.220809, 58.890340
7494.354, 300.373086, 59.025125
18257.799, 300.366904, 59.021890
12867.899, 300.274754, 58.937687
3977.210, 300.328089, 58.986008
6160.032, 300.526099, 59.166383
8478.247, 300.377957, 59.032572
3989.310, 300.270223, 58.935110
3179.519, 300.206477, 58.877270
4026.727, 300.257352, 58.923848
25048.935, 300.198772, 58.874103
26367.201, 300.302774, 58.969192
2365.922, 300.236438, 58.906091
15305.619, 300.550155, 59.195807
11055.501, 300.570281, 59.213675
23803.960, 300.580341, 59.223901
26469.102, 300.206410, 58.882989
24190.086, 300.374150, 59.037563
18769.247, 300.387500, 59.048587
2846.090, 300.468391, 59.121939
2435.416, 300.316589, 58.983540
17783.449, 300.589551, 59.234290
5434.160, 300.310667, 58.982202
1964.058, 300.364152, 59.031415
