# Source Fluxes and Coordinates
# Flux (e-/s), RA (deg), Dec (deg)
221925.256, 301.094148, 58.836011
18784.817, 301.233652, 58.961295
18145.154, 301.037446, 58.785146
4413.593, 301.010510, 58.760688
2251.124, 301.116403, 58.856426
14756.612, 301.115433, 58.859791
7266.257, 301.142010, 58.883895
7198.046, 301.110253, 58.855378
18734.152, 301.032473, 58.788076
23874.272, 301.054903, 58.808134
2249.305, 301.179283, 58.917605
4189.706, 301.333266, 59.055475
3556.590, 300.994528, 58.753400
71305.326, 301.056359, 58.817381
6223.608, 301.094212, 58.844602
5752.781, 301.117121, 58.865420
7222.155, 301.130617, 58.878394
4947.446, 300.988519, 58.751950
31532.285, 301.177721, 58.926670
13692.798, 300.994415, 58.762643
3170.237, 301.294188, 59.030375
50738.921, 300.973647, 58.748876
19128.303, 301.084816, 58.849399
34575.097, 301.099914, 58.864414
70941.287, 301.293978, 59.039252
43424.651, 300.958510, 58.737795
32710.238, 301.009652, 58.785724
12022.458, 301.062404, 58.835823
42106.370, 301.181458, 58.948025
3215.854, 301.049219, 58.827462
22000.601, 301.011542, 58.797785
48836.143, 300.981778, 58.774680
27848.648, 301.111856, 58.889127
6327.166, 301.023677, 58.809938
30867.352, 301.134801, 58.911527
100393.563, 301.202347, 58.976333
56326.912, 300.929115, 58.730925
2237.732, 301.047369, 58.834117
14649.453, 300.987396, 58.783541
17728.506, 301.024377, 58.820208
58594.841, 301.167386, 58.949586
36467.268, 301.253179, 59.025492
3994.139, 300.919635, 58.722659
3134.599, 301.060927, 58.852013
12450.881, 301.056792, 58.850108
12112.324, 301.135673, 58.921325
20673.707, 301.207665, 58.986554
17923.149, 300.982292, 58.786082
65367.911, 301.170849, 58.958833
9374.169, 300.944924, 58.752637
7833.949, 301.297477, 59.069753
4425.677, 300.958471, 58.766184
17560.089, 301.065025, 58.865437
29960.651, 301.011089, 58.820591
125557.000, 300.902739, 58.725596
13260.764, 300.980347, 58.791469
54936.747, 301.152777, 58.947971
3088.622, 301.025347, 58.830144
15139.435, 300.941589, 58.759040
16764.701, 301.108228, 58.910709
21948.605, 301.088555, 58.894673
10428.492, 301.246388, 59.036418
6490.271, 301.260595, 59.053434
6877.176, 301.293849, 59.083130
7125.621, 301.265219, 59.058264
7179.078, 300.972471, 58.796849
21011.954, 300.986571, 58.811621
5335.038, 301.012935, 58.835513
55866.425, 301.109841, 58.926766
5801.425, 300.898501, 58.733107
2291.086, 300.987972, 58.816714
7154.591, 300.920543, 58.757192
3166.989, 300.948027, 58.781776
33875.255, 301.045195, 58.872756
120092.077, 301.068354, 58.896661
22158.526, 301.284666, 59.086920
98073.201, 300.896051, 58.745705
15713.079, 300.940164, 58.780025
45482.664, 300.905020, 58.752242
61595.054, 300.942360, 58.787804
12865.981, 300.974705, 58.814172
50842.952, 301.104694, 58.934234
20301.097, 301.112553, 58.941057
70334.611, 301.167370, 58.994550
11935.794, 300.927236, 58.775882
17970.264, 301.047208, 58.887135
9242.863, 300.948848, 58.797951
24489.917, 300.994344, 58.840199
55965.192, 300.879324, 58.741802
3147.208, 300.990004, 58.835118
3999.457, 300.977467, 58.825072
79982.194, 301.016059, 58.865452
3592.997, 300.878235, 58.736572
22310.293, 301.075850, 58.917494
7270.389, 301.131676, 58.969037
7999.251, 300.954980, 58.811267
4031.495, 301.106920, 58.948068
68514.109, 300.885853, 58.754753
155494.853, 301.137677, 58.982204
23780.821, 301.240274, 59.073083
344977.808, 300.859155, 58.741234
45867.435, 300.969781, 58.834727
11516.965, 300.923904, 58.792595
135500.231, 301.026717, 58.890652
6269.601, 301.040384, 58.897315
7176.774, 300.975215, 58.839587
8157.881, 301.188937, 59.032403
15166.506, 300.917673, 58.790343
6662.952, 301.075739, 58.933009
2221.797, 300.927126, 58.799242
2720.873, 300.911951, 58.785717
23246.591, 300.949761, 58.823373
31538.805, 300.954571, 58.827699
76135.631, 301.000325, 58.871718
12069.568, 300.898135, 58.775394
3125.335, 300.929228, 58.802784
20524.098, 300.877409, 58.761154
26209.192, 301.012529, 58.882018
5752.566, 301.062448, 58.925424
2692.594, 300.887167, 58.766961
20407.004, 301.141376, 58.998589
8496.241, 301.221351, 59.069780
7601.247, 301.097626, 58.960686
7164.219, 301.252074, 59.098940
24164.352, 300.960297, 58.840133
6620.336, 300.979178, 58.855979
7073.586, 300.953411, 58.833141
16698.360, 300.930454, 58.816433
5298.661, 300.913381, 58.800584
2633.624, 301.007808, 58.885541
4948.579, 301.048548, 58.922503
21000.524, 300.952125, 58.837575
2759.694, 300.946267, 58.831535
14292.622, 300.854586, 58.751479
3958.707, 301.213355, 59.073075
12903.514, 301.002525, 58.886700
61431.115, 301.202469, 59.068709
3532.848, 300.865238, 58.761169
129108.666, 300.862163, 58.766037
2722.186, 300.915114, 58.808736
17144.375, 301.065880, 58.947611
2244.097, 300.855228, 58.755189
3969.311, 300.872298, 58.771638
155828.995, 301.022537, 58.914376
21010.759, 300.922857, 58.819735
16308.872, 301.106254, 58.984696
32038.466, 301.041826, 58.928855
2706.280, 300.891231, 58.790396
2682.576, 300.902282, 58.802945
29987.802, 301.111819, 58.995154
7147.254, 300.837986, 58.746534
12237.608, 301.238999, 59.109961
6176.869, 300.842701, 58.752913
3140.218, 300.846431, 58.755909
2634.733, 300.905949, 58.810481
44771.174, 301.046484, 58.942846
116885.508, 301.132117, 59.022090
2244.590, 300.848706, 58.761511
16416.037, 300.831282, 58.748766
64814.540, 300.983403, 58.889310
85084.353, 300.914641, 58.830406
38275.101, 300.961789, 58.868881
55022.648, 301.119548, 59.012952
4034.451, 300.938374, 58.847027
19293.096, 300.988366, 58.895566
9324.688, 301.000127, 58.906598
4556.818, 300.833915, 58.756103
65190.743, 300.850220, 58.774535
89013.762, 300.935658, 58.858457
2641.332, 300.886511, 58.810460
2260.012, 300.987169, 58.902223
24489.434, 301.141841, 59.043471
2203.395, 300.857072, 58.784601
3950.721, 301.028795, 58.940442
56278.886, 301.193923, 59.092233
565838.979, 300.820040, 58.765723
30433.633, 301.101485, 59.008638
16575.853, 300.974854, 58.896487
22876.424, 301.074700, 58.986535
9344.734, 300.878450, 58.809057
10407.683, 301.174695, 59.076659
3173.817, 300.985836, 58.907931
2218.361, 300.909417, 58.839225
6307.875, 301.062618, 58.978059
85736.556, 300.837730, 58.779363
19382.096, 300.901690, 58.835596
2269.711, 300.912824, 58.846173
8003.521, 301.040785, 58.964222
37572.318, 301.139406, 59.054755
8430.777, 300.914156, 58.851292
3209.916, 300.864593, 58.806054
2247.613, 300.895569, 58.838235
42024.868, 300.923869, 58.867661
18049.184, 301.015156, 58.948308
62236.202, 300.820766, 58.781461
3523.095, 300.842570, 58.790635
30616.441, 300.884038, 58.832723
26318.655, 300.969212, 58.908253
16158.708, 301.041009, 58.975408
43630.571, 301.058906, 58.992777
10250.395, 300.985738, 58.925182
50631.721, 301.159861, 59.087473
4531.949, 300.986160, 58.928951
7158.474, 300.901054, 58.854277
5371.199, 300.840338, 58.800498
13869.483, 300.825286, 58.787483
21811.629, 300.875771, 58.836610
23115.098, 300.861814, 58.823894
35377.148, 300.980966, 58.933803
36950.798, 300.795165, 58.765638
7549.460, 300.855722, 58.819335
5725.224, 300.881670, 58.842698
35368.474, 301.144983, 59.081818
9782.501, 300.843854, 58.809104
35484.313, 301.130919, 59.070259
12989.162, 300.941070, 58.900010
82153.379, 301.022661, 58.976034
22336.686, 300.802967, 58.775318
16034.891, 300.807951, 58.779999
25896.254, 301.089802, 59.035185
14590.745, 300.836820, 58.807886
51513.156, 300.824145, 58.798660
3568.461, 300.863647, 58.831135
9487.096, 301.002971, 58.959031
3113.759, 300.794759, 58.770159
5428.532, 300.879009, 58.847638
29627.501, 301.076981, 59.028841
2644.612, 300.811525, 58.787573
6835.887, 301.110347, 59.058508
33436.009, 300.974583, 58.939733
15595.535, 300.802073, 58.784550
63657.386, 300.847235, 58.827597
3203.306, 300.897049, 58.868894
18992.794, 300.841228, 58.821621
4059.361, 300.925439, 58.895691
21035.615, 300.960791, 58.930497
44083.909, 300.927857, 58.905498
5399.549, 301.181420, 59.128098
6677.354, 300.891568, 58.868063
8949.955, 300.990902, 58.958058
2619.669, 300.792959, 58.778209
88199.028, 301.020175, 58.991933
8511.363, 300.806455, 58.794048
7164.203, 300.811776, 58.798627
2207.291, 300.948922, 58.923161
30548.354, 301.003329, 58.975587
6192.479, 300.820703, 58.808784
4908.781, 300.855696, 58.839361
8523.289, 300.846159, 58.832092
80219.151, 300.961461, 58.941422
3075.957, 300.916348, 58.896445
17341.489, 300.891178, 58.876163
2237.234, 300.814458, 58.805648
81108.225, 300.775069, 58.776785
13366.528, 300.979128, 58.958220
5870.247, 300.800709, 58.796751
86560.426, 300.857005, 58.853315
23953.292, 301.093696, 59.064914
32821.136, 301.143840, 59.110568
5909.552, 301.153106, 59.116757
4455.415, 300.793431, 58.795047
7618.308, 300.847489, 58.845513
4965.964, 300.867150, 58.863286
41821.981, 301.112659, 59.087046
205889.957, 301.016999, 59.007039
8005.419, 300.897882, 58.893290
6257.916, 300.902480, 58.897498
12827.669, 300.796103, 58.802728
21150.932, 300.888035, 58.886336
27458.264, 300.909460, 58.907816
29262.225, 300.785365, 58.795775
4842.477, 300.896730, 58.897603
2362.771, 300.964577, 58.957739
22933.752, 300.977397, 58.971265
5293.791, 300.797963, 58.808736
2256.965, 300.840313, 58.846835
39461.372, 301.099523, 59.084005
45711.742, 301.022395, 59.016801
47644.202, 300.805331, 58.822116
23156.351, 300.920238, 58.926252
21186.749, 301.031043, 59.025539
49038.484, 301.131797, 59.119168
33596.661, 300.766534, 58.789799
33447.182, 300.960931, 58.965475
18316.007, 300.790759, 58.812550
3114.001, 300.897077, 58.906082
103911.413, 300.745788, 58.776701
6722.653, 300.775402, 58.797331
3945.096, 300.787397, 58.808053
7126.670, 300.854218, 58.871047
38916.284, 301.092655, 59.089368
318555.196, 300.899799, 58.922707
14629.461, 300.765401, 58.794656
10732.503, 300.777997, 58.805670
40322.267, 300.809572, 58.837384
13345.515, 300.875754, 58.896097
33455.648, 300.859221, 58.883132
5804.533, 300.769534, 58.801015
57433.300, 300.773489, 58.811357
9432.198, 301.077533, 59.081380
26595.835, 300.751599, 58.788156
4458.378, 300.842951, 58.871082
17388.489, 300.886659, 58.911658
44091.821, 300.958684, 58.979283
23705.334, 300.769016, 58.807234
22126.560, 300.828839, 58.861682
7520.557, 300.870568, 58.899040
3583.533, 300.744073, 58.788809
4420.976, 300.753035, 58.796826
57532.170, 300.832568, 58.874180
14733.878, 301.032367, 59.053337
41134.124, 300.743353, 58.793419
23161.440, 300.844300, 58.885797
54243.379, 300.953526, 58.985826
37814.747, 301.042464, 59.065549
17791.537, 300.837513, 58.881154
12038.417, 300.796614, 58.843921
28163.529, 300.896919, 58.936949
15508.497, 300.883956, 58.926970
7146.037, 300.727692, 58.785646
2748.322, 300.831070, 58.878681
64809.165, 301.017637, 59.053382
4915.455, 300.860280, 58.909442
41507.883, 301.053336, 59.085900
3989.091, 300.786709, 58.843638
29384.578, 300.886983, 58.938705
2198.949, 300.903871, 58.950181
3571.948, 300.768580, 58.828037
4034.826, 300.846456, 58.898803
7631.399, 301.042312, 59.076414
6719.040, 300.834697, 58.889304
2849.992, 300.726445, 58.791533
8028.809, 300.736904, 58.801838
2710.339, 300.761116, 58.823653
6697.661, 300.744770, 58.809579
31298.862, 300.718030, 58.789783
26789.743, 300.762034, 58.829924
69689.163, 300.830142, 58.896131
2661.456, 300.739338, 58.809253
4976.743, 300.828213, 58.890589
3144.813, 300.901291, 58.956884
4926.735, 300.756224, 58.826243
7204.922, 300.802988, 58.869821
56789.306, 300.926313, 58.985086
17446.999, 301.047812, 59.093230
15596.612, 300.838416, 58.905111
21797.004, 300.853993, 58.921301
30191.698, 300.948333, 59.005181
3597.915, 300.740659, 58.815011
89032.605, 300.845636, 58.917378
5790.936, 300.875332, 58.938255
5330.242, 300.891480, 58.955089
2214.734, 300.757742, 58.836271
3600.435, 300.798972, 58.875427
6241.545, 300.984067, 59.043922
38253.187, 301.075564, 59.129124
8888.035, 300.770632, 58.852776
51425.293, 300.913921, 58.987377
43027.970, 301.017680, 59.081605
27649.667, 300.958750, 59.030118
3145.784, 300.799677, 58.883693
36540.112, 300.766654, 58.859634
3633.928, 300.728615, 58.821894
15175.312, 300.775949, 58.866395
12463.683, 300.781908, 58.871306
2245.867, 300.799264, 58.888062
15243.486, 301.022680, 59.090943
5776.257, 300.759315, 58.853326
76692.518, 300.718688, 58.821677
15366.761, 301.026835, 59.097918
6848.980, 301.035687, 59.104430
8033.037, 300.752668, 58.850167
44632.478, 300.867645, 58.957371
5839.189, 300.689647, 58.792582
310345.678, 300.955993, 59.044974
16735.196, 301.045355, 59.117756
85914.550, 300.993595, 59.075279
26597.120, 300.791838, 58.891145
5010.907, 300.817994, 58.914412
40470.562, 300.853939, 58.949308
3125.764, 300.733671, 58.838834
2695.420, 300.846391, 58.941635
71722.289, 300.872477, 58.969829
4947.062, 300.937433, 59.024266
5324.092, 300.684234, 58.794985
45820.064, 300.707626, 58.821301
33754.016, 300.725666, 58.836891
4514.468, 300.741563, 58.848372
32882.434, 300.767595, 58.877132
6743.095, 300.940274, 59.031775
7912.302, 300.732714, 58.844781
17938.612, 300.885244, 58.984161
6669.397, 300.716377, 58.830835
38578.882, 300.896412, 58.997210
8526.031, 300.862622, 58.964875
21157.552, 300.891581, 58.992657
24927.151, 300.697573, 58.817056
178797.701, 300.749774, 58.872388
77552.845, 300.773529, 58.891158
32827.402, 300.671849, 58.797652
5786.463, 300.686134, 58.808778
16761.783, 300.883404, 58.989044
58084.999, 300.675354, 58.803769
3539.210, 300.794764, 58.908633
2680.768, 300.809837, 58.922053
3571.625, 300.768996, 58.885283
5341.012, 300.702788, 58.826883
12232.574, 300.907548, 59.015108
16464.837, 300.663689, 58.795650
6179.752, 300.785393, 58.906417
17561.456, 300.973419, 59.076964
14260.516, 300.829539, 58.947910
13751.952, 300.700666, 58.830561
28947.628, 300.803032, 58.927209
24968.367, 300.863524, 58.980942
5423.902, 300.938655, 59.047253
28886.924, 300.703816, 58.840902
125490.901, 300.751578, 58.891498
4059.483, 300.772852, 58.901193
46995.242, 300.880754, 59.002184
37517.220, 301.049290, 59.153176
33017.447, 300.964079, 59.078042
2223.100, 300.658503, 58.798810
48062.331, 300.663174, 58.806975
14370.213, 300.777239, 58.910139
7071.763, 300.814166, 58.943187
59584.876, 300.937330, 59.058153
10659.480, 300.672307, 58.815654
20980.695, 301.019026, 59.130257
13406.213, 300.767079, 58.902848
9754.800, 300.791791, 58.926061
12563.301, 300.747359, 58.886431
199646.765, 300.812726, 58.954217
79502.273, 300.828313, 58.965045
16091.037, 300.991941, 59.109329
7611.648, 300.778266, 58.916421
36014.460, 300.885973, 59.016858
97046.832, 301.034231, 59.151802
5812.711, 300.649382, 58.800318
4892.930, 300.685007, 58.832638
6728.563, 300.650564, 58.802478
41831.936, 300.925106, 59.054772
2273.800, 300.741623, 58.885431
4467.484, 300.821701, 58.959156
105508.726, 300.673088, 58.830698
2654.090, 300.689725, 58.840108
10198.530, 300.756002, 58.902238
8195.542, 301.007814, 59.130636
4023.453, 300.658238, 58.814053
68178.643, 300.837906, 58.983137
10202.465, 300.723604, 58.876943
14631.911, 300.640276, 58.803429
46124.478, 300.922802, 59.060948
57902.653, 300.686745, 58.850636
7119.647, 300.702267, 58.860119
87054.449, 300.726896, 58.891725
28508.239, 300.649469, 58.816613
10231.810, 300.676053, 58.838249
47073.185, 300.736630, 58.896421
7095.330, 300.743090, 58.899765
182312.712, 300.850125, 59.005022
113667.003, 300.636048, 58.812432
21601.622, 300.837616, 58.992624
5836.543, 300.749328, 58.911762
3112.107, 300.810203, 58.966470
15069.535, 300.770257, 58.933341
29107.851, 300.789977, 58.953158
16022.201, 300.775988, 58.939389
5388.147, 300.797503, 58.958735
32277.397, 300.680510, 58.855684
10711.879, 300.800344, 58.963891
5324.102, 300.705174, 58.878267
2722.622, 300.645870, 58.824589
29458.339, 300.646631, 58.830546
9014.482, 300.670351, 58.847844
30455.868, 300.740133, 58.913974
6262.466, 300.805110, 58.971898
29879.635, 300.642677, 58.826501
7536.739, 300.656010, 58.836815
14691.155, 300.746088, 58.920139
5371.856, 300.680956, 58.861898
12501.861, 300.656287, 58.841903
9397.957, 300.648866, 58.835663
40321.579, 300.780218, 58.956815
26469.735, 300.823590, 58.999086
4425.902, 300.655635, 58.845356
5779.615, 300.620060, 58.813996
5756.807, 300.696653, 58.884747
34439.589, 300.826800, 59.004913
55112.830, 301.003449, 59.164986
4939.387, 300.726778, 58.912723
3262.151, 300.766260, 58.948449
23254.135, 300.942250, 59.109043
3534.311, 300.701557, 58.890302
20966.886, 300.732001, 58.920634
8970.354, 300.862357, 59.037848
26200.361, 300.661756, 58.860546
33437.298, 300.683242, 58.877705
42639.239, 300.714869, 58.907313
6225.566, 300.735535, 58.925133
111601.381, 300.981967, 59.152443
51065.120, 300.796601, 58.985883
13054.283, 300.908034, 59.082697
70391.923, 300.802000, 58.993630
64573.101, 300.888414, 59.070570
9513.441, 301.000672, 59.169598
43634.736, 300.992364, 59.165621
2271.983, 300.692917, 58.891927
63064.819, 300.829179, 59.020513
2215.683, 300.637178, 58.842678
40127.640, 300.747709, 58.946884
34798.182, 300.641599, 58.850522
41837.986, 300.731445, 58.934107
20368.228, 301.004592, 59.179491
95767.897, 300.602572, 58.820883
4842.763, 300.626023, 58.835673
53953.676, 300.764446, 58.965807
11964.845, 300.680655, 58.887512
2218.305, 300.689216, 58.895301
12409.484, 300.789457, 58.988733
503534.195, 300.988888, 59.175871
32642.865, 300.968119, 59.152245
43654.240, 300.639002, 58.855511
45807.981, 300.666204, 58.881784
21304.376, 300.771901, 58.974772
4113.622, 300.952084, 59.136539
2658.506, 300.647634, 58.861005
22292.892, 300.648974, 58.864010
3115.114, 300.709307, 58.916953
5770.948, 300.595434, 58.816962
4031.935, 300.612694, 58.832132
2694.168, 300.712138, 58.923846
2689.014, 300.977709, 59.164097
21601.916, 300.649903, 58.870312
31071.587, 300.654725, 58.876495
29153.510, 300.790390, 58.999473
3958.460, 300.700631, 58.916311
3601.537, 300.815234, 59.020289
4906.115, 300.844401, 59.047963
50854.050, 300.880656, 59.084116
63546.043, 300.678627, 58.901999
32752.703, 300.964373, 59.159959
8437.159, 300.773951, 58.987175
37843.686, 300.817797, 59.029359
4006.956, 300.660350, 58.883741
2245.191, 300.611512, 58.839093
34915.038, 300.738638, 58.958759
41639.959, 300.824146, 59.037002
15063.037, 300.594558, 58.827399
12029.450, 300.712397, 58.939034
19718.645, 300.774760, 58.995115
2704.529, 300.645219, 58.875400
18242.610, 300.647530, 58.880439
2198.195, 300.721313, 58.945657
23345.354, 300.894628, 59.105771
156478.518, 300.652567, 58.891450
10681.303, 300.592159, 58.831814
11983.522, 300.596061, 58.835415
2644.294, 300.608615, 58.846364
8525.588, 300.617249, 58.854556
46677.874, 300.683314, 58.918467
3142.407, 300.579038, 58.820791
25418.100, 300.662486, 58.901018
57940.529, 300.737863, 58.971162
2716.049, 300.707251, 58.939772
3132.504, 300.715503, 58.947909
27224.352, 300.572933, 58.822262
15099.600, 300.640291, 58.882318
138896.360, 300.904940, 59.126583
46453.759, 300.948442, 59.164448
2271.422, 300.617178, 58.860348
13321.860, 300.587679, 58.838229
9907.865, 300.598485, 58.846295
12234.445, 300.850857, 59.076722
4962.692, 300.889011, 59.110508
40685.955, 300.616101, 58.866696
19052.677, 300.693735, 58.937507
3627.152, 300.593973, 58.843697
403470.691, 300.627428, 58.886108
6644.359, 300.674061, 58.918452
7224.975, 300.793577, 59.027326
21765.185, 300.647590, 58.897940
81991.558, 300.599087, 58.857468
13084.721, 300.885253, 59.113309
7179.577, 300.928480, 59.151330
30982.413, 300.717097, 58.963125
5425.483, 300.677877, 58.926644
6276.266, 300.637636, 58.890345
2174.620, 300.766345, 59.006493
20797.612, 300.582416, 58.841969
13409.953, 300.619644, 58.876900
11538.852, 300.658674, 58.911503
33453.143, 300.802171, 59.044467
5814.230, 300.678893, 58.931634
6267.445, 300.700617, 58.951875
4834.129, 300.646124, 58.902869
98094.866, 300.665530, 58.926628
4026.566, 300.898451, 59.131456
8501.295, 300.924829, 59.156720
24015.910, 300.938850, 59.170603
69415.064, 300.848877, 59.092529
4019.014, 300.565455, 58.832595
4946.677, 300.714036, 58.970955
17760.270, 300.599945, 58.870060
8530.078, 300.566777, 58.839300
23610.200, 300.586822, 58.859828
7141.738, 300.603687, 58.873864
4476.078, 300.693886, 58.955604
13110.025, 300.890614, 59.135262
23594.793, 300.556425, 58.833356
2332.676, 300.592996, 58.863580
11611.634, 300.801250, 59.054779
3622.137, 300.645407, 58.912892
4077.216, 300.653227, 58.920882
13361.723, 300.560072, 58.838844
7472.957, 300.605833, 58.879372
48568.493, 300.784370, 59.046261
92592.248, 300.620832, 58.899434
2689.506, 300.564180, 58.842855
11342.385, 300.841726, 59.097996
15696.721, 300.565723, 58.849136
6220.714, 300.704663, 58.975095
13676.889, 300.810058, 59.071731
65979.260, 300.893031, 59.151376
2203.502, 300.582275, 58.869289
30877.984, 300.741491, 59.018553
46018.708, 300.789678, 59.063370
9001.316, 300.872254, 59.134120
26045.157, 300.542500, 58.837585
9414.117, 300.660882, 58.943562
3194.898, 300.646149, 58.931552
19733.600, 300.664227, 58.949777
5848.617, 300.549396, 58.844033
30733.689, 300.677256, 58.964405
4471.244, 300.669523, 58.956031
9800.420, 300.558846, 58.856434
116898.768, 300.579551, 58.881350
42182.662, 300.640185, 58.935972
4029.324, 300.810561, 59.085797
3586.760, 300.688824, 58.976791
14344.964, 300.812219, 59.090801
12131.737, 300.827508, 59.103822
8022.447, 300.549653, 58.850820
3563.330, 300.614817, 58.911016
2211.326, 300.587194, 58.886851
47053.375, 300.656076, 58.954150
48778.729, 300.539874, 58.848264
16575.646, 300.745319, 59.033798
29572.759, 300.777347, 59.064007
7180.155, 300.693217, 58.986742
3119.831, 300.713678, 59.005508
3155.547, 300.556513, 58.862778
5782.530, 300.696524, 58.990757
49654.836, 300.862889, 59.144720
7681.526, 300.873211, 59.152494
13444.296, 300.613914, 58.918663
3594.199, 300.556964, 58.865806
5784.224, 300.569993, 58.877677
56115.514, 300.634533, 58.941708
17698.168, 300.742393, 59.038481
14581.117, 300.897475, 59.177881
292895.183, 300.702941, 59.009885
3559.594, 300.914749, 59.193957
3609.350, 300.692575, 58.994864
12594.529, 300.882643, 59.168026
2684.697, 300.524012, 58.841507
10307.647, 300.771135, 59.067901
3998.511, 300.578764, 58.893240
2695.652, 300.518471, 58.838823
2659.694, 300.527322, 58.846824
73130.750, 300.560093, 58.884740
31960.315, 300.711784, 59.018091
30731.438, 300.584299, 58.906178
2236.558, 300.617471, 58.931308
4501.710, 300.846133, 59.139768
2254.878, 300.605270, 58.921010
55129.493, 300.828772, 59.130069
67879.927, 300.614318, 58.936115
26869.861, 300.661191, 58.976035
2271.596, 300.718285, 59.026430
4870.851, 300.544258, 58.871301
11256.460, 300.511695, 58.842969
14261.611, 300.539131, 58.868591
23070.162, 300.799615, 59.106639
3135.263, 300.737612, 59.049191
4373.572, 300.545701, 58.875385
40236.705, 300.739907, 59.054840
8543.258, 300.751009, 59.063080
21935.023, 300.659869, 58.981907
2252.604, 300.568483, 58.897628
47524.900, 300.718261, 59.038672
7564.385, 300.635860, 58.960799
6290.499, 300.668008, 58.989626
37118.528, 300.765598, 59.081702
34341.865, 300.813184, 59.125047
6274.432, 300.514294, 58.850852
4928.863, 300.537548, 58.871683
50876.140, 300.623256, 58.953508
4081.230, 300.724425, 59.042363
29475.961, 300.557032, 58.894735
11508.387, 300.612382, 58.943122
42391.857, 300.638148, 58.967960
8019.022, 300.550205, 58.888160
5784.087, 300.593969, 58.927265
4074.501, 300.565268, 58.900719
3124.472, 300.846483, 59.156650
58732.567, 300.865131, 59.178935
7120.428, 300.538396, 58.880230
3974.903, 300.530101, 58.872400
3098.664, 300.575340, 58.916899
61769.882, 300.640106, 58.985006
7278.054, 300.811027, 59.134895
4921.040, 300.619749, 58.961367
2756.921, 300.587306, 58.933469
48086.462, 300.708400, 59.047156
9430.087, 300.632061, 58.976306
12946.184, 300.489782, 58.847775
8389.132, 300.538537, 58.893625
11131.834, 300.599251, 58.949901
43280.670, 300.733907, 59.074450
4449.638, 300.768381, 59.102768
6758.773, 300.492415, 58.852448
21695.339, 300.655191, 59.003915
4510.059, 300.616988, 58.970011
27539.013, 300.672880, 59.021838
20438.010, 300.710824, 59.058301
67000.685, 300.879553, 59.212000
7120.566, 300.482916, 58.849625
2690.192, 300.611670, 58.966324
4462.867, 300.556328, 58.917670
16554.612, 300.714809, 59.064046
91329.461, 300.768015, 59.115186
6294.544, 300.535744, 58.900050
39266.806, 300.527926, 58.897459
20939.082, 300.665156, 59.020903
28059.959, 300.689281, 59.042641
20980.697, 300.584850, 58.948492
4903.547, 300.589607, 58.952503
3965.670, 300.652416, 59.009787
22818.030, 300.654180, 59.012957
4528.346, 300.569275, 58.935287
7183.577, 300.547778, 58.917444
24797.759, 300.835310, 59.179972
15079.096, 300.609854, 58.975941
11126.465, 300.486241, 58.862859
3576.466, 300.496326, 58.871137
6236.339, 300.622195, 58.987383
11635.964, 300.712087, 59.071086
46584.611, 300.734759, 59.094938
52954.516, 300.776525, 59.133830
4552.558, 300.837134, 59.184628
78867.545, 300.547957, 58.933864
25216.724, 300.818710, 59.171685
10277.102, 300.840578, 59.190500
3569.794, 300.569304, 58.943814
4486.876, 300.618774, 58.990258
41060.050, 300.749945, 59.113037
59639.719, 300.477736, 58.866753
14375.169, 300.592433, 58.969843
49807.181, 300.464333, 58.856758
45930.243, 300.606328, 58.985605
90887.236, 300.631474, 59.013019
4044.941, 300.543836, 58.927937
42608.059, 300.564020, 58.949586
5244.065, 300.571029, 58.952353
7183.577, 300.595393, 58.975217
6224.930, 300.519156, 58.906188
17402.716, 300.621398, 59.000329
15771.474, 300.816093, 59.178445
48691.949, 300.489881, 58.885067
2703.951, 300.762737, 59.130235
16788.990, 300.835860, 59.198814
3529.521, 300.502842, 58.895671
17027.956, 300.498115, 58.893777
6729.449, 300.507871, 58.901943
2277.041, 300.529493, 58.920501
7662.082, 300.580517, 58.968489
4914.082, 300.474166, 58.871707
4905.079, 300.668469, 59.049050
21768.405, 300.711832, 59.090790
4018.623, 300.563377, 58.955449
41574.926, 300.616957, 59.008304
37345.734, 300.812115, 59.185372
19584.009, 300.568654, 58.963821
68934.793, 300.643651, 59.035022
62949.997, 300.721719, 59.106738
9392.883, 300.626906, 59.019946
2666.188, 300.539976, 58.939645
5333.755, 300.596955, 58.993075
77727.123, 300.520156, 58.928911
2266.214, 300.745680, 59.128477
349520.046, 300.579924, 58.990496
6681.673, 300.549248, 58.953508
145013.140, 300.456876, 58.876083
6217.013, 300.512533, 58.921660
25648.655, 300.764278, 59.153114
41410.823, 300.642858, 59.045039
36254.258, 300.694962, 59.092010
8455.599, 300.446327, 58.862965
32339.608, 300.649161, 59.052425
2638.211, 300.485278, 58.899327
3536.874, 300.528621, 58.939684
7149.922, 300.554847, 58.965005
11046.881, 300.783163, 59.172488
22756.865, 300.799459, 59.188995
24256.597, 300.477316, 58.896768
11942.890, 300.606398, 59.016109
4519.581, 300.766335, 59.160719
13415.509, 300.518051, 58.936222
27830.994, 300.543193, 58.961137
7162.129, 300.739492, 59.137301
17175.207, 300.817442, 59.210239
4899.578, 300.466168, 58.889417
2280.758, 300.522689, 58.941552
2181.040, 300.595443, 59.008627
34059.636, 300.444912, 58.874166
2643.894, 300.455567, 58.880761
3570.121, 300.728062, 59.129797
7036.854, 300.488786, 58.912758
33425.130, 300.685709, 59.096911
31385.939, 300.697735, 59.107770
60224.338, 300.736999, 59.144210
3987.868, 300.551529, 58.972823
53590.066, 300.577907, 59.001187
3594.126, 300.455216, 58.885927
6681.685, 300.467296, 58.899271
6679.954, 300.529842, 58.957417
3544.947, 300.478262, 58.910417
2660.896, 300.566575, 58.993090
5824.111, 300.631745, 59.053336
22688.836, 300.485423, 58.924054
26252.287, 300.676260, 59.097660
4881.830, 300.491791, 58.928012
21136.863, 300.666251, 59.089420
29295.595, 300.699504, 59.120019
14671.661, 300.478349, 58.917521
3144.080, 300.539901, 58.972912
4495.841, 300.528063, 58.962748
89207.755, 300.596458, 59.031428
33668.321, 300.628288, 59.057959
42739.534, 300.438940, 58.886304
3595.607, 300.497055, 58.936269
9871.635, 300.590882, 59.023619
4019.002, 300.669640, 59.093780
16485.100, 300.490633, 58.934000
34407.408, 300.552701, 58.991212
24895.087, 300.726656, 59.149004
3572.916, 300.530902, 58.968790
90907.733, 300.563351, 59.002903
10215.321, 300.449829, 58.896012
12485.236, 300.708855, 59.133830
17325.798, 300.814409, 59.229423
11462.425, 300.556374, 58.996337
11667.057, 300.615551, 59.050493
3619.397, 300.779794, 59.198985
19519.478, 300.429495, 58.884001
8430.963, 300.490864, 58.940131
2628.056, 300.442332, 58.896190
102183.047, 300.521757, 58.977307
2709.034, 300.628241, 59.066143
32176.708, 300.652267, 59.090922
10217.738, 300.447010, 58.902529
2184.220, 300.521210, 58.970025
17618.503, 300.712995, 59.146617
36943.941, 300.478926, 58.934987
3121.408, 300.551656, 58.999896
21072.847, 300.731741, 59.168984
2262.326, 300.617435, 59.062692
40209.583, 300.488116, 58.949475
108928.726, 300.418011, 58.888768
4933.250, 300.449505, 58.911053
64965.021, 300.460140, 58.930797
3574.365, 300.528533, 58.984733
45200.700, 300.451402, 58.918761
24499.649, 300.672930, 59.119338
2667.897, 300.483018, 58.944072
4077.078, 300.616196, 59.066290
53267.610, 300.709650, 59.155420
8070.818, 300.507299, 58.968049
9890.658, 300.650129, 59.098370
6213.058, 300.502191, 58.964450
4003.608, 300.411758, 58.883738
2180.993, 300.454499, 58.922686
7959.878, 300.466781, 58.935047
4862.854, 300.438108, 58.909454
17735.195, 300.626523, 59.083458
6336.146, 300.795016, 59.235441
30338.492, 300.398587, 58.877285
15128.462, 300.528539, 58.994916
2243.939, 300.396479, 58.873137
23515.848, 300.683753, 59.139290
3609.444, 300.503403, 58.974007
7278.783, 300.662864, 59.120517
5826.102, 300.757991, 59.207024
317911.379, 300.432965, 58.921760
58096.813, 300.641707, 59.105946
29287.243, 300.424465, 58.908215
17736.719, 300.501897, 58.978003
7646.662, 300.456096, 58.935856
27778.425, 300.697636, 59.158292
3567.171, 300.420362, 58.903636
2653.608, 300.521539, 58.996354
22670.919, 300.716384, 59.176741
8477.260, 300.390209, 58.878283
53036.695, 300.474144, 58.960115
3111.846, 300.527163, 59.006172
5808.799, 300.423149, 58.913667
7597.360, 300.463812, 58.951124
8464.852, 300.450432, 58.940819
3647.409, 300.602946, 59.079734
20022.664, 300.401867, 58.899171
6247.063, 300.389391, 58.886339
2697.998, 300.634838, 59.110311
18146.267, 300.392423, 58.891687
15125.897, 300.405389, 58.903017
4033.303, 300.464591, 58.956993
38451.747, 300.491913, 58.986609
18769.929, 300.628055, 59.109390
4009.113, 300.487789, 58.979789
3611.062, 300.608623, 59.091336
44856.588, 300.677995, 59.158194
3998.994, 300.382056, 58.884864
5786.586, 300.495504, 58.989688
3047.449, 300.512652, 59.005607
3557.466, 300.535177, 59.026338
121876.857, 300.628436, 59.119223
78045.443, 300.402110, 58.911525
68138.059, 300.525033, 59.021877
18337.964, 300.731772, 59.207908
8096.628, 300.446100, 58.948355
23077.793, 300.451289, 58.953919
4986.631, 300.748338, 59.221648
13830.333, 300.457711, 58.958946
4827.775, 300.503324, 59.000150
118507.106, 300.383495, 58.897585
78487.276, 300.512561, 59.013505
8023.329, 300.696139, 59.176491
5343.111, 300.375307, 58.884252
5815.615, 300.430134, 58.935257
27397.820, 300.485241, 58.989940
9819.775, 300.495685, 58.998003
45860.174, 300.504589, 59.008028
6244.320, 300.565159, 59.061059
12119.942, 300.724823, 59.206457
48971.697, 300.364016, 58.884025
3112.723, 300.650561, 59.139087
2703.161, 300.418180, 58.927488
74193.988, 300.540695, 59.045034
21684.790, 300.755017, 59.236371
35831.052, 300.420666, 58.933574
7172.032, 300.603608, 59.098824
29292.468, 300.725310, 59.211452
9861.511, 300.409577, 58.923574
20934.651, 300.393301, 58.911892
5843.305, 300.554086, 59.057058
6225.628, 300.370421, 58.889680
7998.124, 300.429618, 58.946550
4016.701, 300.445655, 58.961606
9305.116, 300.563840, 59.070442
46743.726, 300.657630, 59.159809
21882.609, 300.383655, 58.907640
3164.925, 300.693294, 59.187367
29403.758, 300.750335, 59.241727
6214.667, 300.459068, 58.976413
61580.862, 300.413330, 58.942023
2246.477, 300.422572, 58.944313
4481.482, 300.579970, 59.088465
25403.645, 300.669561, 59.171557
21758.364, 300.373386, 58.904374
4027.260, 300.444046, 58.965680
3569.321, 300.603481, 59.112459
31854.765, 300.588993, 59.102225
58031.643, 300.580460, 59.096876
9864.293, 300.402294, 58.930632
33720.309, 300.502479, 59.025378
7543.611, 300.359798, 58.892813
2301.567, 300.749150, 59.247922
45284.567, 300.376607, 58.913961
4487.165, 300.511764, 59.033618
75503.197, 300.358331, 58.899029
8608.658, 300.618677, 59.132959
4929.749, 300.449208, 58.979514
22625.008, 300.456577, 58.987581
25739.108, 300.382140, 58.921245
15678.626, 300.471979, 59.002390
6282.297, 300.606414, 59.123793
17503.404, 300.679122, 59.190591
61282.027, 300.346817, 58.891356
2234.156, 300.469675, 58.999146
45636.769, 300.470011, 59.006655
7581.986, 300.370348, 58.909160
6222.439, 300.427313, 58.961852
15088.808, 300.459728, 58.992772
6207.401, 300.590660, 59.111147
19004.893, 300.634977, 59.152862
9807.773, 300.364164, 58.905707
4934.176, 300.412069, 58.948606
5345.711, 300.415514, 58.951808
10736.205, 300.618653, 59.140485
17215.191, 300.740446, 59.251969
13791.609, 300.429224, 58.970649
8552.073, 300.574393, 59.101696
18200.175, 300.378215, 58.925701
7119.841, 300.464981, 59.002637
29344.275, 300.499802, 59.036644
7175.305, 300.642415, 59.164221
7153.049, 300.348721, 58.897046
9850.045, 300.363089, 58.911191
2222.625, 300.424125, 58.966638
23160.369, 300.528612, 59.066558
3594.175, 300.389403, 58.935815
11233.431, 300.437269, 58.980547
29988.983, 300.442372, 58.990192
20491.218, 300.456976, 59.003436
12095.030, 300.562265, 59.097205
25974.835, 300.583668, 59.117437
77448.849, 300.610553, 59.144805
5304.235, 300.416882, 58.964396
11105.773, 300.482313, 59.025732
11565.723, 300.344338, 58.902427
56213.123, 300.431119, 58.984531
14395.368, 300.566472, 59.103353
5400.881, 300.621791, 59.153699
15470.459, 300.339777, 58.898084
10764.280, 300.375624, 58.930687
31860.645, 300.392780, 58.948636
64471.317, 300.537067, 59.083576
14382.859, 300.600031, 59.136606
2665.017, 300.472808, 59.020289
5402.438, 300.536021, 59.078269
19238.221, 300.664759, 59.196284
14229.961, 300.697422, 59.225864
2713.803, 300.348981, 58.907770
3623.794, 300.492205, 59.039583
12978.048, 300.464691, 59.016399
14389.977, 300.498214, 59.047182
5765.417, 300.519186, 59.066375
10315.779, 300.581617, 59.125514
19312.348, 300.509740, 59.061865
83909.046, 300.326268, 58.898432
45542.239, 300.558961, 59.109339
20526.691, 300.614197, 59.157919
64789.081, 300.661400, 59.202573
2244.450, 300.394641, 58.955991
2635.152, 300.537563, 59.086886
4996.230, 300.553662, 59.103634
73710.008, 300.364822, 58.937592
19582.758, 300.386404, 58.952708
84829.945, 300.537464, 59.094628
5718.614, 300.583056, 59.131417
3587.192, 300.421956, 58.984365
2778.103, 300.434190, 58.995615
28460.595, 300.359685, 58.932052
11929.638, 300.407117, 58.975000
2292.599, 300.417085, 58.982101
6691.987, 300.532045, 59.088901
4503.318, 300.522976, 59.080600
3576.425, 300.546183, 59.102055
153730.573, 300.320873, 58.909491
3548.114, 300.352766, 58.925735
16605.201, 300.396504, 58.968216
19057.353, 300.498837, 59.062305
14519.119, 300.505747, 59.068395
22318.290, 300.711090, 59.256448
13942.155, 300.452167, 59.020631
12058.380, 300.375513, 58.951842
12117.582, 300.475860, 59.043116
25707.312, 300.609746, 59.166040
3087.693, 300.337850, 58.916450
6679.988, 300.365369, 58.942529
90918.983, 300.435775, 59.013674
5334.105, 300.493051, 59.059825
9374.638, 300.542173, 59.105732
3602.626, 300.697854, 59.246835
12402.169, 300.659263, 59.213637
3146.640, 300.320638, 58.902859
4043.534, 300.411108, 58.986842
2238.861, 300.317198, 58.900700
28233.346, 300.477145, 59.049112
27323.128, 300.527397, 59.096442
22309.525, 300.671857, 59.226975
32612.009, 300.425063, 59.003738
27075.457, 300.456133, 59.032171
17286.977, 300.328742, 58.917092
11537.227, 300.404584, 58.983727
8537.239, 300.311705, 58.899309
13640.874, 300.544739, 59.113723
109774.970, 300.530968, 59.107584
15212.612, 300.479912, 59.057804
10324.332, 300.314773, 58.906191
6665.957, 300.359798, 58.947374
4603.770, 300.609838, 59.176140
33274.037, 300.334059, 58.928705
47272.433, 300.434518, 59.023124
2191.419, 300.484655, 59.061747
32529.511, 300.592206, 59.162933
14896.969, 300.577727, 59.150511
32875.517, 300.633657, 59.201439
10654.922, 300.414359, 59.000446
19719.806, 300.467678, 59.050184
17116.536, 300.676056, 59.239360
5807.753, 300.681067, 59.243134
2184.293, 300.407864, 58.994201
38374.363, 300.690423, 59.254694
10436.469, 300.665128, 59.230517
4470.568, 300.483746, 59.066257
53314.558, 300.677870, 59.249297
4444.781, 300.307969, 58.905984
5342.191, 300.500726, 59.082482
17431.250, 300.597239, 59.171757
7171.282, 300.655882, 59.224069
9356.535, 300.502957, 59.086312
17815.175, 300.303072, 58.903309
38308.189, 300.403996, 58.998131
2714.205, 300.539030, 59.118579
8883.649, 300.324847, 58.923756
2708.261, 300.441203, 59.030521
24711.608, 300.553228, 59.135242
5326.631, 300.366253, 58.963082
10693.989, 300.392819, 58.989445
12054.789, 300.412015, 59.005748
3629.146, 300.454755, 59.045263
19620.643, 300.471548, 59.062144
12463.417, 300.335527, 58.938539
2696.160, 300.534064, 59.119998
13917.533, 300.647994, 59.224692
8460.454, 300.318406, 58.923418
9300.366, 300.330083, 58.935659
21870.892, 300.340044, 58.944975
2724.455, 300.419588, 59.016344
36376.154, 300.576059, 59.162570
24395.568, 300.506920, 59.098751
90133.096, 300.612460, 59.197250
5340.353, 300.323730, 58.931254
7603.402, 300.348000, 58.953640
25350.879, 300.376517, 58.982112
11094.111, 300.391934, 58.995397
4967.364, 300.297188, 58.906748
34614.937, 300.592037, 59.180891
31619.638, 300.673746, 59.255381
8929.589, 300.380673, 58.986103
36595.782, 300.298456, 58.912957
3112.268, 300.492375, 59.089322
2257.138, 300.554556, 59.145085
6674.207, 300.359793, 58.968732
3148.530, 300.475722, 59.074446
4036.285, 300.544354, 59.137689
15675.899, 300.655990, 59.240412
2668.173, 300.414659, 59.019185
20242.367, 300.436576, 59.040838
35609.260, 300.337987, 58.955047
13353.524, 300.346930, 58.958646
28243.710, 300.573632, 59.167826
3044.983, 300.308342, 58.923396
12651.827, 300.527302, 59.125670
3612.240, 300.352987, 58.965008
29138.066, 300.441141, 59.047740
34887.971, 300.494234, 59.098960
17136.846, 300.535821, 59.135254
8486.091, 300.286463, 58.905838
52119.883, 300.317744, 58.941113
3124.295, 300.544014, 59.141893
5348.920, 300.366926, 58.980943
36608.823, 300.402556, 59.016227
69156.239, 300.480420, 59.090395
65151.060, 300.648883, 59.245028
8871.456, 300.312353, 58.933137
4958.106, 300.316919, 58.935992
3944.862, 300.385381, 58.999122
34361.323, 300.417853, 59.032185
26561.619, 300.355302, 58.975091
39276.259, 300.445381, 59.058846
7575.559, 300.611573, 59.207072
3556.802, 300.352394, 58.970423
203060.692, 300.357855, 58.982780
6220.069, 300.290252, 58.913913
7181.831, 300.455725, 59.066910
144050.193, 300.321375, 58.953584
12916.179, 300.403955, 59.020955
10300.780, 300.297355, 58.923697
12574.740, 300.437705, 59.054283
61842.497, 300.334845, 58.962258
46210.631, 300.282998, 58.917436
3958.966, 300.346231, 58.971554
12454.886, 300.387748, 59.009947
2724.296, 300.432109, 59.049346
200424.937, 300.479008, 59.100504
4488.353, 300.499673, 59.111640
6272.447, 300.275505, 58.908002
46424.844, 300.407023, 59.036019
2684.210, 300.427445, 59.048068
5340.360, 300.303712, 58.936173
251361.265, 300.329143, 58.973577
4056.712, 300.403908, 59.028253
37006.727, 300.648789, 59.254302
4871.597, 300.421541, 59.045636
10656.794, 300.297161, 58.932883
29637.258, 300.574762, 59.190978
37204.728, 300.605372, 59.217016
5857.138, 300.392112, 59.022091
49633.846, 300.410963, 59.044822
5817.043, 300.287596, 58.926026
4920.497, 300.462603, 59.088055
24061.286, 300.276212, 58.920957
187058.550, 300.296564, 58.951359
4061.144, 300.384349, 59.017832
4109.961, 300.324901, 58.963044
3089.098, 300.354929, 58.991950
24453.924, 300.356157, 58.996153
3525.861, 300.446938, 59.077070
13733.160, 300.299253, 58.943479
2729.982, 300.499836, 59.126055
35942.134, 300.566162, 59.189861
19067.892, 300.265917, 58.915658
11192.405, 300.416383, 59.052597
28432.132, 300.590440, 59.213031
25710.652, 300.623563, 59.242946
3143.905, 300.512885, 59.140171
2689.049, 300.275405, 58.923413
8051.719, 300.423080, 59.060623
19291.851, 300.596151, 59.219082
59202.213, 300.339112, 58.991224
11153.093, 300.526294, 59.157914
4441.040, 300.648597, 59.266055
2262.766, 300.290309, 58.939292
5754.205, 300.276840, 58.928866
17858.418, 300.381322, 59.026340
5750.700, 300.401213, 59.043655
4927.037, 300.430038, 59.068837
13745.287, 300.464249, 59.101284
61549.480, 300.592002, 59.223574
29273.318, 300.615351, 59.240319
52691.865, 300.392695, 59.039215
2712.923, 300.477998, 59.114306
6663.033, 300.498311, 59.134420
2262.395, 300.580247, 59.207732
63688.974, 300.602360, 59.231698
6237.793, 300.285181, 58.938228
10645.156, 300.365629, 59.013710
5360.722, 300.333619, 58.984658
16363.082, 300.260331, 58.920758
4449.561, 300.301957, 58.956081
11608.368, 300.310847, 58.965086
6220.518, 300.328768, 58.982023
112538.033, 300.484266, 59.131179
4962.535, 300.253722, 58.914504
2710.516, 300.348705, 59.001179
2697.255, 300.264831, 58.924151
2683.498, 300.413919, 59.062445
2222.989, 300.428744, 59.075766
3995.848, 300.463975, 59.107857
12679.484, 300.627368, 59.257608
53888.117, 300.277078, 58.938815
14394.921, 300.451578, 59.098707
3539.352, 300.303946, 58.962997
17813.215, 300.370857, 59.025958
15218.619, 300.435934, 59.087156
3555.632, 300.517784, 59.159122
11646.163, 300.525989, 59.167009
7526.780, 300.350772, 59.007300
11622.087, 300.366013, 59.022435
12458.653, 300.317172, 58.977406
9870.145, 300.377474, 59.032699
12430.315, 300.265054, 58.930264
6285.960, 300.560146, 59.200707
7113.940, 300.398080, 59.053578
4933.382, 300.454754, 59.106128
13766.144, 300.304938, 58.969543
12227.315, 300.571385, 59.213572
5352.246, 300.278422, 58.944914
2222.741, 300.449708, 59.102619
5868.298, 300.551526, 59.195825
16813.372, 300.581528, 59.223544
