# Source Fluxes and Coordinates
# Flux (e-/s), RA (deg), Dec (deg)
403850.409, 301.206052, 58.921285
14787.227, 301.291734, 58.993701
957504.527, 301.100042, 58.834901
16393.842, 301.263522, 58.969363
61867.735, 301.242358, 58.953963
9330.297, 301.038390, 58.769844
5735.798, 301.092578, 58.818464
9739.218, 301.026274, 58.759663
3963.984, 301.050285, 58.781785
3791.392, 301.360269, 59.060431
15155.122, 300.989925, 58.732345
84527.420, 300.992229, 58.737641
12950.832, 301.053894, 58.792658
3573.991, 301.087159, 58.821450
2695.674, 301.141477, 58.869636
5275.010, 301.077158, 58.813994
11290.097, 301.362345, 59.070636
2674.830, 301.048138, 58.788883
30578.807, 301.234932, 58.961138
32824.166, 301.038463, 58.785094
3964.140, 301.020392, 58.767974
4907.039, 301.010725, 58.760138
17157.595, 301.040738, 58.790886
5852.725, 301.348924, 59.063924
39652.813, 301.056309, 58.807573
12885.403, 301.164080, 58.903276
4460.750, 301.115446, 58.859586
16005.418, 301.118143, 58.865087
11110.231, 301.108962, 58.854991
12919.920, 301.141296, 58.884262
20965.692, 301.032089, 58.788449
23361.124, 300.989951, 58.751021
9317.502, 301.151402, 58.895813
56880.808, 301.056452, 58.817417
24157.876, 301.177884, 58.927004
31292.360, 301.355232, 59.087218
14196.064, 301.088356, 58.849164
52372.194, 300.973601, 58.748509
23263.313, 301.039546, 58.807343
5822.985, 301.271524, 59.014447
52967.882, 300.959891, 58.737887
32390.348, 301.099910, 58.864251
71312.249, 301.294183, 59.039201
3069.235, 300.992390, 58.767338
2748.064, 301.304203, 59.048041
2189.142, 301.071085, 58.839703
4105.998, 301.078987, 58.847394
20495.401, 301.009112, 58.786172
8025.523, 301.062357, 58.836071
4882.704, 301.065498, 58.839078
48498.502, 301.181521, 58.947710
14397.640, 301.324497, 59.074367
2683.235, 300.959969, 58.746037
2243.652, 301.133730, 58.903329
9075.039, 301.283370, 59.038655
39927.483, 301.011590, 58.798294
15200.339, 301.112021, 58.888535
35551.064, 301.134948, 58.911448
28458.833, 300.981092, 58.773294
10699.083, 301.322632, 59.078140
109757.594, 301.202438, 58.976268
47101.937, 300.929383, 58.731173
61377.874, 301.167201, 58.949389
37762.262, 301.209470, 58.987066
39945.933, 301.253055, 59.025456
12921.961, 301.135389, 58.921497
29247.451, 300.944775, 58.753177
21121.438, 301.001583, 58.806474
12465.579, 300.982313, 58.786279
66661.531, 301.170732, 58.958966
25931.092, 301.066105, 58.864682
10555.317, 301.120305, 58.912435
59548.139, 301.011524, 58.820314
57597.252, 301.153161, 58.947786
6243.613, 300.935270, 58.750325
15601.546, 301.108215, 58.910631
7663.500, 300.941062, 58.759256
27208.717, 301.089222, 58.895141
12135.480, 301.246679, 59.036499
21070.682, 300.944865, 58.768521
4000.184, 301.284233, 59.071544
12531.744, 300.909515, 58.736428
9042.473, 301.293994, 59.082969
16258.868, 300.988263, 58.810925
3100.473, 300.938224, 58.765297
7132.721, 301.031126, 58.850341
7960.357, 300.913318, 58.744192
9365.647, 300.971244, 58.797327
7555.716, 301.012496, 58.835532
64126.846, 301.109785, 58.926840
6722.717, 300.989591, 58.816254
4380.376, 300.953955, 58.783869
9349.854, 300.995826, 58.823079
7509.370, 300.920573, 58.757545
31400.477, 301.045363, 58.872971
121270.067, 301.068250, 58.896385
18875.057, 301.284904, 59.086697
5729.032, 300.914458, 58.753602
11529.210, 300.940333, 58.779817
57624.480, 300.905016, 58.752372
14501.322, 301.048568, 58.881104
79765.315, 300.896312, 58.745595
5315.904, 300.922373, 58.765486
4927.463, 300.931914, 58.774305
63474.617, 300.942940, 58.787822
36592.446, 300.914409, 58.761451
62384.032, 301.105006, 58.934437
6632.856, 300.974301, 58.814227
38551.652, 301.112298, 58.940873
3142.398, 301.265911, 59.076164
70954.872, 301.167598, 58.994439
4406.948, 301.021439, 58.859853
24684.488, 300.995276, 58.840269
15042.124, 300.912686, 58.768667
74284.929, 301.015996, 58.864863
26622.186, 301.075882, 58.917094
3064.248, 300.887574, 58.746292
8350.125, 300.961954, 58.814769
9421.070, 301.107000, 58.947636
3200.761, 301.131403, 58.968991
160746.227, 301.138116, 58.982269
5814.871, 300.986631, 58.840999
80084.069, 300.885129, 58.754654
7146.712, 301.034569, 58.886025
5297.855, 301.121216, 58.963829
27922.752, 301.240149, 59.072956
5294.275, 300.899982, 58.767545
49700.554, 300.970228, 58.834759
5811.544, 301.127219, 58.973625
140984.398, 301.026854, 58.890648
17933.177, 301.189172, 59.032556
6689.991, 301.067879, 58.923524
12808.816, 300.900476, 58.775127
9299.660, 301.075407, 58.932121
2154.062, 300.983482, 58.849021
26430.492, 300.880201, 58.760128
65061.885, 300.999902, 58.871715
4385.708, 300.923276, 58.797523
60126.242, 300.952830, 58.826162
3110.134, 300.929698, 58.805022
2240.487, 300.937066, 58.811303
3999.503, 301.014539, 58.881931
38149.321, 301.068834, 58.933485
30531.717, 301.141359, 58.998813
9857.833, 301.097511, 58.960390
7141.119, 300.865660, 58.753388
7650.575, 300.901551, 58.785806
47096.362, 300.955571, 58.838832
6565.541, 300.969223, 58.848309
2178.825, 301.033453, 58.909945
10574.208, 300.880208, 58.776583
3141.412, 300.964726, 58.850817
60710.237, 301.202202, 59.068616
116825.195, 300.863052, 58.766482
3178.243, 300.989076, 58.876187
25829.348, 301.065788, 58.947722
153647.608, 301.023064, 58.914169
16214.001, 301.106410, 58.984618
2248.804, 300.901242, 58.798235
14961.882, 300.921819, 58.819911
15499.294, 300.853676, 58.760496
4483.415, 300.960380, 58.853920
3936.446, 300.882443, 58.784103
2681.602, 300.970350, 58.863605
31307.069, 301.111823, 58.995066
15700.963, 301.238680, 59.109907
10647.329, 300.919977, 58.824341
3961.067, 300.943152, 58.843940
44522.248, 301.047310, 58.943025
121713.416, 301.132068, 59.022051
2675.963, 300.953294, 58.855138
70026.181, 300.982458, 58.889305
4849.738, 300.843457, 58.759347
11058.416, 300.906050, 58.817488
61029.050, 301.119709, 59.012805
58281.695, 300.916367, 58.830298
17699.764, 300.849805, 58.768551
9374.849, 301.036341, 58.936788
2678.220, 300.858872, 58.775475
22700.825, 300.988951, 58.895699
2193.669, 300.869370, 58.785516
9264.969, 300.838232, 58.762597
12468.306, 300.873852, 58.795194
2672.415, 300.841215, 58.766659
94449.983, 300.935498, 58.858577
14545.875, 300.844188, 58.773221
44117.843, 300.857147, 58.786264
32659.904, 301.142544, 59.043104
11053.952, 300.906846, 58.829726
572826.186, 300.820365, 58.766534
4392.512, 300.997527, 58.912981
32511.300, 301.100995, 59.008493
50888.796, 301.193546, 59.092313
6659.756, 300.866228, 58.796047
22796.679, 301.074768, 58.986491
22844.131, 301.229921, 59.126107
15102.197, 300.975307, 58.896736
16986.244, 301.174888, 59.076507
101188.682, 300.838106, 58.779055
12711.153, 301.068420, 58.981848
8005.512, 301.063711, 58.978271
5767.171, 300.845982, 58.784953
15297.358, 300.901897, 58.835887
33826.600, 301.138975, 59.054684
3947.752, 300.907769, 58.849783
24932.551, 301.014704, 58.948476
41051.846, 300.923602, 58.867799
38589.906, 300.968474, 58.908251
53570.242, 301.059454, 58.992522
4470.560, 300.851367, 58.800387
3108.617, 300.867744, 58.814795
4912.005, 300.835644, 58.786716
10643.522, 300.986564, 58.925026
6132.376, 300.844754, 58.796147
24082.749, 300.884001, 58.833234
5341.048, 300.916220, 58.860599
20074.125, 301.041268, 58.975571
8336.877, 300.899092, 58.849127
6201.342, 300.934747, 58.882115
2224.183, 301.144114, 59.069855
46694.441, 301.160102, 59.087515
2670.713, 300.875612, 58.828258
3589.349, 300.886617, 58.839305
6275.846, 301.034705, 58.973063
50905.711, 300.818282, 58.782634
11274.447, 301.047499, 58.987556
2699.073, 300.966272, 58.914676
11136.165, 300.876503, 58.837517
9338.176, 300.823486, 58.790812
32389.223, 300.980538, 58.934002
31040.143, 301.144730, 59.081949
33672.058, 301.130677, 59.070081
81534.099, 301.022918, 58.976060
25861.057, 301.090635, 59.035236
17806.991, 300.802070, 58.774735
12472.997, 300.940108, 58.900792
3130.292, 301.006503, 58.958838
5303.726, 300.806560, 58.778878
14704.849, 300.836497, 58.807280
5354.426, 300.869013, 58.835699
5731.392, 300.967688, 58.925589
45250.061, 300.823698, 58.798247
3079.414, 300.829227, 58.800982
32915.328, 301.077118, 59.028797
39353.915, 300.975770, 58.939603
14907.585, 301.110325, 59.058500
8377.686, 300.838073, 58.813131
16400.905, 300.791762, 58.775069
3535.274, 300.875570, 58.849017
4386.562, 300.826359, 58.805106
52847.786, 300.847559, 58.827531
10169.352, 300.891746, 58.865512
4409.744, 300.885459, 58.861153
10239.142, 300.930241, 58.902795
9248.301, 300.961694, 58.930929
9736.065, 300.797542, 58.785653
7249.211, 301.181642, 59.129029
2177.471, 300.841501, 58.824042
88197.955, 301.019922, 58.991941
17888.779, 300.927308, 58.906468
14245.030, 300.946436, 58.923160
39218.599, 301.003497, 58.975900
7589.594, 300.803913, 58.794923
87867.997, 300.961020, 58.941641
5246.852, 300.825640, 58.814501
37864.439, 301.126634, 59.088743
19947.906, 300.889902, 58.876986
7087.344, 300.947312, 58.927124
3137.946, 300.788453, 58.783741
3916.454, 300.858110, 58.847600
99479.549, 300.856216, 58.853181
2690.482, 300.791420, 58.787275
68920.087, 300.773230, 58.777939
6606.349, 300.783467, 58.780930
10660.945, 300.978555, 58.959026
13282.262, 301.153711, 59.117084
2301.356, 300.814605, 58.809962
29107.816, 301.093583, 59.064796
30783.885, 301.143442, 59.110180
3993.329, 301.077884, 59.049465
4480.363, 300.967215, 58.950724
46843.846, 301.112080, 59.086752
267609.142, 301.018187, 59.008798
19213.754, 300.888342, 58.885749
8408.673, 300.909205, 58.903990
3596.024, 300.870912, 58.869464
54136.977, 300.782807, 58.797200
5730.281, 300.814296, 58.820274
12346.171, 300.830428, 58.835671
2207.341, 300.914942, 58.912754
21667.729, 300.978658, 58.974830
54318.123, 300.796293, 58.812219
3560.994, 300.908880, 58.910864
15916.074, 301.069322, 59.057925
25164.411, 300.921852, 58.927216
38849.467, 300.804473, 58.822409
10309.379, 301.031060, 59.025379
33262.083, 300.960758, 58.965658
52364.652, 301.131971, 59.119179
44962.867, 300.766263, 58.789536
5765.257, 300.878079, 58.888575
5728.716, 300.824327, 58.841204
6664.977, 300.756459, 58.781581
48548.586, 301.092789, 59.089453
2670.172, 300.868934, 58.885077
15627.203, 300.777758, 58.805545
293787.293, 300.899319, 58.922404
6657.469, 300.774550, 58.802159
7518.811, 300.876162, 58.894667
37629.387, 300.809847, 58.837607
2244.356, 300.984082, 58.992701
3551.035, 300.819924, 58.845170
6179.538, 300.831320, 58.856986
9897.898, 300.762081, 58.795583
46822.324, 300.774179, 58.811235
2219.232, 300.955624, 58.971366
39783.252, 300.958818, 58.979358
2212.234, 300.931110, 58.954919
5854.640, 300.753363, 58.796019
15491.401, 300.863076, 58.896776
2672.721, 300.810447, 58.848283
2258.549, 300.818825, 58.855553
54997.205, 300.832410, 58.873873
4411.185, 300.774869, 58.816979
43054.653, 300.743582, 58.793063
9270.738, 301.032080, 59.052812
51537.987, 300.954154, 58.985665
38116.999, 301.042550, 59.065467
19979.005, 300.838085, 58.881032
10716.751, 300.843293, 58.885225
4847.682, 300.898110, 58.934107
15042.095, 300.796614, 58.844371
5351.233, 300.860930, 58.904682
7527.791, 300.884747, 58.927190
3568.624, 300.747762, 58.803135
63743.933, 301.017794, 59.053188
7540.593, 300.812442, 58.864755
37632.507, 301.053464, 59.086000
12851.161, 300.757238, 58.818589
4914.855, 300.798332, 58.854620
23935.614, 300.886822, 58.938533
6720.314, 300.729941, 58.795591
5793.862, 300.880031, 58.932494
5790.969, 300.737226, 58.803566
29223.167, 300.757718, 58.827074
40534.927, 301.043896, 59.086545
59849.849, 300.830477, 58.896088
10705.857, 300.761027, 58.830199
2227.531, 300.746778, 58.817142
2212.282, 300.814193, 58.878432
62713.674, 300.926361, 58.985040
25913.276, 301.047565, 59.093761
34446.775, 300.948040, 59.005106
17294.841, 300.837724, 58.905327
8897.372, 300.845348, 58.910681
7239.794, 301.120082, 59.159139
96705.102, 300.845196, 58.917551
7896.969, 300.854694, 58.921007
7026.579, 300.767256, 58.842419
24567.929, 300.776140, 58.851431
4875.381, 300.728036, 58.808057
34046.805, 300.989905, 59.048450
3539.945, 300.762352, 58.840062
64322.787, 300.881924, 58.954875
11250.211, 301.071514, 59.122775
42354.896, 301.075471, 59.129143
6615.940, 300.969947, 59.033304
3560.325, 300.797101, 58.876591
24914.834, 300.887295, 58.961628
56349.492, 300.913977, 58.987423
4420.283, 300.758745, 58.844415
58376.845, 301.101894, 59.158133
7042.902, 300.748911, 58.838002
6588.586, 300.721774, 58.813488
30265.460, 300.958410, 59.030326
13634.005, 300.783181, 58.871799
24409.587, 300.767105, 58.859798
8079.442, 300.775260, 58.866280
2655.960, 301.022117, 59.090101
11426.869, 301.086088, 59.148547
98118.068, 300.719981, 58.822441
2191.254, 300.886725, 58.969179
10795.160, 301.035993, 59.104380
3548.538, 300.703454, 58.802867
6677.221, 300.811040, 58.902173
36029.043, 300.868411, 58.957035
15343.291, 301.026118, 59.097565
2678.822, 301.043507, 59.111784
7568.268, 301.091474, 59.155212
313126.858, 300.955554, 59.045048
6640.284, 301.095001, 59.161149
84582.686, 300.993706, 59.075310
5818.166, 300.784245, 58.883002
7539.173, 300.939348, 59.024464
17161.510, 300.692715, 58.803173
68928.548, 300.871768, 58.969983
4472.415, 300.879132, 58.971786
50294.139, 300.863665, 58.963078
52993.672, 300.708705, 58.821535
33901.785, 300.725833, 58.836805
5831.077, 300.747024, 58.855546
15532.269, 300.940234, 59.031353
14235.408, 300.748254, 58.859301
25446.127, 300.767247, 58.877436
4478.883, 300.784735, 58.890696
16897.304, 300.885510, 58.984052
2716.764, 300.776470, 58.884843
10210.452, 300.827420, 58.932580
74334.174, 300.894446, 58.995131
213228.499, 300.750141, 58.872641
3558.677, 300.798360, 58.907291
8929.389, 300.699119, 58.817084
12415.372, 300.688539, 58.809628
56674.331, 300.774812, 58.890302
3594.590, 300.874550, 58.977401
19546.307, 300.883988, 58.988727
6117.848, 300.804509, 58.915970
3593.765, 300.702568, 58.824015
8351.398, 300.792804, 58.908982
43618.944, 300.675364, 58.805140
22961.064, 300.694312, 58.821513
4405.199, 300.840912, 58.952034
3132.243, 300.828473, 58.941423
21509.297, 300.907146, 59.014838
3130.966, 300.928056, 59.032971
14818.953, 300.973641, 59.076761
15916.450, 300.805952, 58.927192
28709.736, 300.705699, 58.840304
8429.363, 300.736561, 58.862918
6164.669, 300.800778, 58.921710
15628.747, 300.828721, 58.948282
7118.700, 300.938962, 59.047159
5333.775, 300.763199, 58.888329
13354.626, 300.863058, 58.981490
5342.750, 300.791737, 58.917136
24709.627, 300.847210, 58.969297
49005.908, 300.881136, 59.002216
135118.323, 300.751104, 58.892363
37091.227, 300.964344, 59.077777
5290.724, 300.769345, 58.899708
19452.652, 300.721413, 58.859497
7954.991, 300.803036, 58.933180
11902.831, 300.675209, 58.816091
58137.641, 300.937271, 59.058060
18505.561, 301.019755, 59.130087
24392.738, 300.662442, 58.808309
7547.614, 300.679569, 58.821398
2660.965, 300.797608, 58.929488
7979.683, 300.748564, 58.886092
9313.513, 300.792801, 58.926667
5800.425, 300.694242, 58.837233
3087.886, 300.772730, 58.908646
192787.789, 300.813927, 58.954512
86200.351, 300.828444, 58.964957
4912.415, 300.736491, 58.877591
10772.726, 300.992202, 59.109218
4872.295, 300.698558, 58.843695
34353.572, 300.885877, 59.016788
90927.390, 301.034349, 59.151913
2260.276, 300.663598, 58.812077
2693.014, 300.686823, 58.834334
11899.435, 300.702308, 58.849911
11086.486, 300.724682, 58.870976
40146.638, 300.924987, 59.054704
110365.647, 300.673078, 58.831113
29074.106, 300.738884, 58.887547
17382.575, 301.051281, 59.169750
6252.081, 300.946159, 59.075612
8488.624, 301.007601, 59.130924
68077.604, 300.837847, 58.982856
25249.698, 300.724550, 58.879524
29641.956, 300.766858, 58.918450
49432.128, 300.922871, 59.060798
11959.438, 300.699555, 58.857086
13787.611, 300.689709, 58.848012
7985.791, 300.655866, 58.818766
45597.553, 300.736646, 58.896359
4412.935, 300.701808, 58.862260
2668.184, 300.780783, 58.934717
32567.610, 300.685329, 58.851058
191890.470, 300.850151, 59.004771
10181.767, 300.646619, 58.815066
87058.544, 300.725983, 58.891703
3580.217, 300.649850, 58.819019
18699.752, 300.838303, 58.992657
11465.004, 300.742670, 58.907940
13362.662, 300.776737, 58.938978
11088.676, 300.638097, 58.814904
2259.878, 300.745418, 58.912030
77879.838, 300.782977, 58.955596
31386.931, 300.653288, 58.831425
4940.645, 301.022637, 59.164519
14108.654, 300.660315, 58.837886
10228.449, 300.671747, 58.848020
2674.678, 300.694075, 58.867708
21123.494, 300.824901, 58.989028
28057.046, 300.639543, 58.822337
3109.994, 300.821576, 58.985525
4366.448, 300.744479, 58.918086
3554.173, 300.829918, 58.995611
3101.557, 300.633158, 58.817367
7093.162, 300.686575, 58.866441
2656.891, 300.936192, 59.092586
13228.500, 300.763683, 58.938547
13191.367, 300.655945, 58.841219
3156.316, 300.665233, 58.848829
6183.888, 300.734906, 58.913273
27136.463, 300.629782, 58.821820
5301.858, 300.682825, 58.868683
4027.500, 300.916900, 59.081546
12390.786, 300.823992, 58.999714
4014.374, 300.883979, 59.053052
51989.065, 301.003562, 59.164880
3531.654, 300.812359, 58.989064
31164.737, 300.826797, 59.004700
23312.400, 300.941969, 59.108717
29808.232, 300.715627, 58.905971
5720.364, 300.725300, 58.913057
39596.830, 300.682155, 58.878138
2224.206, 300.842106, 59.019541
119270.846, 300.982027, 59.152378
15157.307, 300.908772, 59.082747
3577.661, 300.786734, 58.971702
5727.383, 300.637722, 58.837067
74747.557, 300.802439, 58.993237
72399.479, 300.888711, 59.070711
57390.456, 300.793657, 58.987413
10211.992, 301.000511, 59.169620
3114.341, 300.623540, 58.828347
7870.362, 300.665894, 58.867100
37085.138, 300.713811, 58.914244
65093.913, 300.829885, 59.020543
45655.289, 300.991873, 59.165553
6265.106, 300.631507, 58.839793
62976.754, 300.641332, 58.851856
50681.798, 300.731410, 58.934097
506843.559, 300.988926, 59.175857
25243.936, 301.004649, 59.179957
38861.302, 300.764484, 58.965606
13618.231, 300.695132, 58.904155
6649.101, 300.739668, 58.945193
12795.192, 300.772072, 58.974702
7967.609, 300.803003, 59.002561
4405.537, 300.623250, 58.839184
37106.600, 300.647693, 58.864294
15051.160, 300.613010, 58.831407
34056.884, 300.666407, 58.881929
6217.478, 300.674094, 58.888864
15950.588, 300.847304, 59.048130
25376.626, 300.650040, 58.870032
39111.972, 300.654421, 58.876382
5336.936, 300.736584, 58.948576
21448.180, 300.791190, 58.999104
5696.366, 300.707957, 58.924767
3563.219, 300.767547, 58.978261
54720.871, 300.880827, 59.084272
65959.496, 300.678538, 58.901905
2211.502, 300.671496, 58.892162
3136.340, 300.692856, 58.912112
34137.606, 300.964323, 59.159776
40386.904, 300.818013, 59.029286
52425.668, 300.824473, 59.036985
18499.902, 300.635739, 58.865017
3537.782, 300.662026, 58.886286
8823.874, 300.697726, 58.920851
15421.702, 300.715983, 58.936369
36648.167, 300.737999, 58.958489
3140.681, 300.745071, 58.963067
11555.798, 300.701099, 58.927011
22978.545, 300.652295, 58.882972
21368.745, 300.775579, 58.995477
9633.768, 300.779878, 58.999857
5283.494, 300.613820, 58.849952
168967.578, 300.652701, 58.891711
18688.219, 300.894919, 59.106224
7033.632, 300.595290, 58.833830
34616.661, 300.752814, 58.980362
4917.792, 300.667294, 58.900351
3117.228, 300.673673, 58.906047
55428.949, 300.682252, 58.918313
4388.353, 300.621027, 58.859240
73337.287, 300.738082, 58.971132
58869.296, 300.948851, 59.164179
16301.072, 300.659746, 58.901380
4008.073, 300.666752, 58.904553
153882.169, 300.905030, 59.126510
16605.348, 300.850918, 59.076278
18665.834, 300.599501, 58.846286
51659.653, 300.624687, 58.873500
4389.762, 300.758648, 58.991363
28012.765, 300.886385, 59.112550
54176.282, 300.613716, 58.867399
13428.903, 300.793602, 59.026916
2199.879, 300.581879, 58.832868
3088.001, 300.640132, 58.887793
4864.265, 300.705881, 58.948786
31509.341, 300.719129, 58.963210
67826.089, 300.599496, 58.856638
378976.947, 300.627296, 58.886012
11974.028, 300.650277, 58.899317
4427.926, 300.592768, 58.847780
6643.723, 300.764864, 59.006641
35205.792, 300.802645, 59.044454
27811.151, 300.581959, 58.842628
3141.932, 300.643092, 58.897289
99730.674, 300.665641, 58.926529
13334.971, 300.698316, 58.950941
14079.503, 300.645003, 58.902154
2221.021, 300.649243, 58.904939
3060.811, 300.678623, 58.932290
14569.204, 300.587224, 58.851335
36454.857, 300.936295, 59.170210
7975.439, 300.637318, 58.896985
6243.661, 300.729085, 58.980403
65560.265, 300.848889, 59.092453
4452.201, 300.803280, 59.048616
12425.985, 300.844335, 59.086455
3554.700, 300.782412, 59.030018
5740.586, 300.671833, 58.930377
2675.853, 300.772746, 59.024296
7055.446, 300.565925, 58.839439
12439.106, 300.647651, 58.915463
3963.562, 300.581253, 58.853014
12485.234, 300.587432, 58.859922
8103.187, 300.801145, 59.054263
4535.690, 300.890406, 59.135152
6739.779, 300.688054, 58.953231
20886.871, 300.648123, 58.919526
2185.995, 300.721442, 58.985340
3048.425, 300.667769, 58.937230
7117.617, 300.693662, 58.962053
40333.114, 300.783989, 59.046616
11252.791, 300.842371, 59.097661
26582.481, 300.565653, 58.849024
4471.706, 300.637456, 58.911586
5326.080, 300.735567, 59.001345
3206.498, 300.608621, 58.885787
30827.628, 300.622290, 58.902188
2243.976, 300.632556, 58.907425
26200.788, 300.617231, 58.897095
19777.308, 300.681490, 58.955116
8038.320, 300.704675, 58.975933
19255.523, 300.810311, 59.071963
3083.976, 300.866623, 59.121887
4076.530, 300.642097, 58.919216
2655.852, 300.721620, 58.992446
5300.304, 300.866380, 59.123806
100595.434, 300.891319, 59.150622
4033.560, 300.629885, 58.909725
16884.602, 300.589668, 58.875396
2617.671, 300.601454, 58.884685
2229.792, 300.611460, 58.893898
7153.840, 300.685805, 58.963025
60351.651, 300.789939, 59.063228
12806.882, 300.640968, 58.924291
14087.798, 300.630256, 58.915388
15546.058, 300.635330, 58.919948
15032.075, 300.661545, 58.944116
9819.042, 300.871942, 59.134058
31292.041, 300.740548, 59.018281
39062.218, 300.665048, 58.950506
2694.089, 300.560433, 58.854085
18463.880, 300.561905, 58.858350
5764.323, 300.582863, 58.876474
7442.261, 300.810436, 59.084461
3124.754, 300.549778, 58.847862
8040.702, 300.667943, 58.955930
23043.722, 300.674780, 58.963969
7079.611, 300.709544, 58.994675
8422.181, 300.566379, 58.864560
100497.569, 300.579488, 58.881419
5335.344, 300.712456, 58.998249
18297.284, 300.827444, 59.103911
24055.653, 300.812623, 59.091050
10598.581, 300.622334, 58.917938
7051.952, 300.652586, 58.945595
7978.342, 300.548532, 58.850770
5327.200, 300.592364, 58.891223
3137.458, 300.642380, 58.936627
2658.416, 300.669705, 58.960903
39776.077, 300.856335, 59.133914
13792.754, 300.745275, 59.032991
30701.119, 300.777648, 59.064007
39027.563, 300.656380, 58.954516
101128.529, 300.530396, 58.850265
8939.051, 300.557134, 58.862742
6241.915, 300.692277, 58.986807
305884.816, 300.703277, 59.009786
2267.314, 300.772869, 59.059051
9270.701, 300.586438, 58.891855
2220.825, 300.717091, 59.010583
6215.222, 300.873193, 59.152263
16916.386, 300.613657, 58.918478
21324.718, 300.825814, 59.111634
8371.636, 300.558682, 58.868027
20180.601, 300.898026, 59.178121
23243.152, 300.742834, 59.038645
19116.302, 300.884098, 59.167777
34618.849, 300.636048, 58.942279
3605.323, 300.545541, 58.857879
8875.210, 300.587235, 58.897494
3528.026, 300.608036, 58.915017
15481.390, 300.928904, 59.207516
4443.861, 300.685444, 58.987264
2738.590, 300.658146, 58.962344
3534.549, 300.677039, 58.979969
6699.083, 300.593122, 58.904501
20979.752, 300.770204, 59.067326
2673.322, 300.558374, 58.874238
47640.897, 300.711307, 59.017472
11041.990, 300.549188, 58.869126
10603.413, 300.558745, 58.877424
25003.214, 300.927427, 59.213835
9269.357, 300.542628, 58.863500
16006.662, 300.715331, 59.022390
7105.941, 300.579564, 58.899073
54375.263, 300.613482, 58.936020
17756.758, 300.648837, 58.964375
56273.687, 300.558880, 58.885581
25743.015, 300.661252, 58.977028
2727.609, 300.659977, 58.974007
41004.137, 300.668140, 58.984998
33055.554, 300.524891, 58.859079
3538.956, 300.581481, 58.903060
11100.376, 300.583532, 58.906605
2724.293, 300.637636, 58.956712
7933.411, 300.672400, 58.989385
6674.263, 300.750109, 59.059142
47591.699, 300.739804, 59.054845
25157.607, 300.827612, 59.132093
31285.806, 300.531992, 58.870753
8489.518, 300.533703, 58.865597
23047.141, 300.659805, 58.981966
45069.850, 300.719140, 59.038779
10655.062, 300.519512, 58.855123
3101.695, 300.539228, 58.871230
37108.892, 300.765953, 59.081825
38415.537, 300.813091, 59.125075
62927.603, 300.623371, 58.954435
47736.323, 300.637430, 58.968423
7112.524, 300.573823, 58.907905
9737.790, 300.584111, 58.917904
11553.340, 300.557183, 58.895158
59511.211, 300.865049, 59.178839
4033.054, 300.689470, 59.016519
5899.157, 300.845743, 59.157965
6682.211, 300.584897, 58.922367
4791.370, 300.610445, 58.947656
4021.730, 300.890423, 59.199989
11010.087, 300.522749, 58.867595
26659.689, 300.880963, 59.195512
3565.375, 300.579135, 58.920715
5342.941, 300.615204, 58.954399
2217.340, 300.670169, 59.004175
16729.757, 300.536854, 58.884766
8909.989, 300.622636, 58.964019
18291.391, 300.811452, 59.135181
4902.902, 300.545487, 58.893030
38520.822, 300.551598, 58.906000
3562.393, 300.657154, 58.995113
2672.444, 300.563003, 58.909845
3130.543, 300.581985, 58.929107
44725.775, 300.639312, 58.984727
51552.518, 300.708188, 59.046989
3963.144, 300.535723, 58.887498
10211.009, 300.624391, 58.969176
21122.989, 300.512203, 58.867710
2266.618, 300.648630, 58.992480
41482.859, 300.733743, 59.074377
40847.416, 300.891429, 59.216523
29689.971, 300.655870, 59.003716
37320.350, 300.673623, 59.021430
2198.352, 300.505635, 58.864682
2258.360, 300.584946, 58.940540
69645.295, 300.879787, 59.212147
7520.019, 300.595464, 58.951902
4864.217, 300.666006, 59.016426
15146.838, 300.710086, 59.058400
3048.458, 300.661724, 59.014069
90718.010, 300.767755, 59.115303
15919.650, 300.513697, 58.881928
21746.223, 300.585482, 58.948327
13398.738, 300.664807, 59.020517
25569.826, 300.689099, 59.042536
6136.985, 300.704074, 59.054544
4413.785, 300.567108, 58.930399
35388.047, 300.527730, 58.898087
6648.028, 300.570769, 58.934896
14107.617, 300.595535, 58.958495
5344.840, 300.519655, 58.889258
11157.860, 300.586372, 58.951783
8861.706, 300.649478, 59.008060
26664.608, 300.653991, 59.012996
5845.118, 300.706429, 59.060527
7512.875, 300.548607, 58.916492
25106.915, 300.610605, 58.976774
5315.940, 300.637864, 58.998161
9428.406, 300.888761, 59.226620
19434.913, 300.502808, 58.877054
13022.991, 300.621878, 58.986751
45016.725, 300.835524, 59.181868
4431.526, 300.515148, 58.888805
17011.002, 300.711964, 59.071309
2623.867, 300.571443, 58.941736
4866.124, 300.586918, 58.957432
2676.424, 300.613108, 58.980699
44457.010, 300.734690, 59.094912
53617.750, 300.776321, 59.133573
88002.517, 300.479697, 58.866840
9375.584, 300.841385, 59.190335
31827.286, 300.818030, 59.171788
4842.505, 300.526456, 58.906173
7532.753, 300.848055, 59.198971
4403.242, 300.511608, 58.892594
11968.977, 300.521017, 58.902433
42714.770, 300.750206, 59.113004
7931.653, 300.593811, 58.969172
2215.003, 300.507737, 58.889513
3970.792, 300.514497, 58.896355
2721.330, 300.635703, 59.006829
44085.758, 300.606044, 58.985373
4038.515, 300.537552, 58.920816
3073.780, 300.542456, 58.925456
90488.185, 300.630708, 59.013048
2706.678, 300.877329, 59.229404
38706.256, 300.563631, 58.949356
12370.120, 300.597967, 58.978447
15489.196, 300.528712, 58.917002
2703.426, 300.622594, 59.000214
13081.686, 300.867416, 59.223561
3116.756, 300.485622, 58.875399
16939.417, 300.506336, 58.896227
20554.823, 300.816588, 59.179014
14300.780, 300.835851, 59.198931
48429.821, 300.488229, 58.886021
26641.511, 300.497240, 58.893469
19114.373, 300.582325, 58.968644
11947.576, 300.475442, 58.873048
10185.041, 300.478455, 58.876217
6692.461, 300.591830, 58.979417
54337.395, 300.616199, 59.008126
3595.256, 300.541137, 58.933536
23704.131, 300.711710, 59.090929
19091.674, 300.569836, 58.964158
77534.760, 300.722519, 59.106785
5259.820, 300.535730, 58.930967
2628.072, 300.597672, 58.987319
40854.639, 300.811572, 59.185752
9253.919, 300.467394, 58.870982
18998.341, 300.504308, 58.906655
2251.617, 300.538966, 58.935856
9349.416, 300.584495, 58.979125
64345.535, 300.643398, 59.034997
4032.225, 300.774718, 59.150387
15869.025, 300.463969, 58.868437
2668.394, 300.599221, 58.992129
4016.090, 300.746875, 59.128461
3116.220, 300.484803, 58.890417
6135.005, 300.499982, 58.904740
2211.246, 300.653902, 59.044802
6189.265, 300.496599, 58.902792
18672.870, 300.505345, 58.912479
71369.121, 300.520633, 58.928200
3532.096, 300.478352, 58.885603
439354.394, 300.579842, 58.992237
117174.937, 300.458432, 58.875323
3106.594, 300.571646, 58.973268
2629.351, 300.532550, 58.938719
7955.176, 300.545451, 58.952141
27613.214, 300.764232, 59.153355
117626.461, 300.687169, 59.095379
9297.794, 300.490752, 58.904465
35879.404, 300.642243, 59.044988
19403.478, 300.784431, 59.172520
7098.514, 300.463283, 58.880425
9727.710, 300.504552, 58.917633
23283.944, 300.649425, 59.052405
33632.987, 300.799711, 59.189178
2645.172, 300.451675, 58.870565
29012.747, 300.477569, 58.897245
16505.283, 300.711396, 59.109783
6611.772, 300.497894, 58.916137
2184.974, 300.493435, 58.911864
28114.117, 300.543991, 58.961037
3143.656, 300.739379, 59.137087
18006.100, 300.818210, 59.209888
16783.787, 300.517174, 58.936606
7075.398, 300.529122, 58.947966
3515.486, 300.538435, 58.955441
15092.895, 300.727473, 59.129810
6297.167, 300.477190, 58.900832
14442.094, 300.463867, 58.890887
7559.785, 300.483446, 58.907699
21220.154, 300.445322, 58.873999
32932.096, 300.697652, 59.107594
17761.530, 300.491827, 58.919319
2232.202, 300.551075, 58.970878
61069.745, 300.736929, 59.144235
9744.888, 300.801056, 59.200014
4840.336, 300.502081, 58.928053
4850.365, 300.534475, 58.959716
15025.432, 300.508099, 58.937849
2669.710, 300.511939, 58.939996
5310.102, 300.643678, 59.060606
4408.475, 300.656703, 59.074679
14191.862, 300.460698, 58.898879
5281.760, 300.624614, 59.045915
3930.984, 300.449617, 58.886568
2174.486, 300.482073, 58.917726
2615.441, 300.599421, 59.026177
9814.277, 300.504945, 58.942061
95015.063, 300.596636, 59.031312
17610.831, 300.481122, 58.922498
12340.400, 300.435579, 58.881103
30274.502, 300.627781, 59.058282
3534.621, 300.705032, 59.126509
26034.861, 300.727100, 59.149071
95846.442, 300.563561, 59.003387
22584.555, 300.814998, 59.229356
9902.432, 300.708641, 59.133713
3111.145, 300.765432, 59.184974
18161.694, 300.435695, 58.886782
22637.995, 300.614365, 59.051829
7495.526, 300.482285, 58.928871
6666.224, 300.464641, 58.914612
3987.105, 300.512600, 58.959568
8385.515, 300.445892, 58.899237
2222.496, 300.510055, 58.957193
5335.833, 300.518516, 58.966144
55070.888, 300.524214, 58.975696
28933.871, 300.652477, 59.090920
3162.901, 300.436219, 58.891083
12301.098, 300.493400, 58.945207
49033.987, 300.479090, 58.935386
6644.249, 300.685368, 59.120457
16533.635, 300.713089, 59.146806
3460.364, 300.547597, 58.995211
21162.841, 300.418353, 58.881681
4956.372, 300.580108, 59.027288
4923.009, 300.510108, 58.964131
24067.657, 300.492010, 58.950574
3172.289, 300.451577, 58.911408
16128.605, 300.732292, 59.170022
6781.862, 300.775329, 59.207673
52241.734, 300.546088, 59.002963
12885.458, 300.617219, 59.066137
35363.107, 300.452627, 58.918614
5805.060, 300.652799, 59.098598
27908.941, 300.673074, 59.119272
4421.791, 300.699668, 59.141079
6214.966, 300.553328, 59.008928
123367.424, 300.415849, 58.888172
13651.727, 300.503313, 58.965390
52278.494, 300.709795, 59.155460
38081.839, 300.517103, 58.980403
3078.065, 300.554050, 59.011413
2210.328, 300.651257, 59.100567
3096.583, 300.569406, 59.027136
10651.814, 300.482482, 58.949085
4968.329, 300.565667, 59.025179
3488.497, 300.657467, 59.108346
6594.515, 300.464932, 58.935901
4147.531, 300.795090, 59.235328
6224.166, 300.418489, 58.893926
5305.115, 300.423361, 58.897457
32654.108, 300.456795, 58.931460
7175.625, 300.527648, 58.994340
2715.970, 300.568022, 59.030977
17606.535, 300.662277, 59.120259
26828.900, 300.684139, 59.139147
327268.532, 300.427572, 58.920701
2243.611, 300.698880, 59.151245
69282.480, 300.641541, 59.105877
14364.176, 300.654849, 59.114020
3222.306, 300.799568, 59.244404
69218.691, 300.440390, 58.927858
3533.737, 300.514817, 58.988315
22996.520, 300.456926, 58.937520
4402.872, 300.539965, 59.012523
28877.216, 300.698537, 59.158787
6624.269, 300.503707, 58.980227
21660.115, 300.716773, 59.176540
5344.097, 300.618354, 59.086879
2228.230, 300.565035, 59.037893
9247.339, 300.423329, 58.910046
5321.693, 300.483185, 58.964481
39893.552, 300.792897, 59.249437
37992.705, 300.473835, 58.960274
5730.378, 300.398400, 58.890774
3101.430, 300.454672, 58.943512
30852.787, 300.751708, 59.216344
4489.247, 300.480707, 58.968358
3136.635, 300.408383, 58.903075
3105.890, 300.390866, 58.888000
5349.610, 300.494147, 58.984041
7035.313, 300.705546, 59.177002
2671.164, 300.393089, 58.892357
80306.799, 300.525541, 59.021874
5812.334, 300.455920, 58.952481
39280.992, 300.678069, 59.158269
17853.718, 300.490536, 58.986867
5725.358, 300.558603, 59.047777
5761.557, 300.472717, 58.969428
9018.916, 300.636884, 59.120073
19999.846, 300.732269, 59.208387
5804.361, 300.748380, 59.221341
29039.289, 300.682490, 59.164684
162699.129, 300.380888, 58.897416
35697.328, 300.394286, 58.902857
13287.741, 300.458132, 58.959707
69548.324, 300.511717, 59.013360
114741.078, 300.402425, 58.915252
7047.095, 300.445313, 58.949006
111414.808, 300.626915, 59.118830
7078.915, 300.587750, 59.080848
3135.976, 300.669573, 59.154983
39797.274, 300.505005, 59.008624
26794.607, 300.755449, 59.236447
3965.479, 300.448157, 58.954637
23139.398, 300.484757, 58.989783
5382.463, 300.724464, 59.206640
2191.464, 300.428261, 58.936536
70774.519, 300.540903, 59.045049
3137.244, 300.638807, 59.129096
5314.816, 300.492424, 58.998156
12990.759, 300.554838, 59.057149
75989.873, 300.419450, 58.939333
2707.528, 300.461896, 58.971074
3543.625, 300.635326, 59.130517
46480.000, 300.391397, 58.911741
4041.263, 300.498989, 59.007356
4022.313, 300.447837, 58.960766
9358.449, 300.571676, 59.075871
36735.893, 300.750557, 59.241491
10760.372, 300.694027, 59.187798
18011.186, 300.661458, 59.160062
2217.287, 300.386298, 58.907220
2669.413, 300.369209, 58.893461
4448.098, 300.714694, 59.209115
10185.051, 300.498685, 59.014247
10577.377, 300.528975, 59.041648
32808.626, 300.405148, 58.931486
3598.178, 300.579808, 59.088097
26236.498, 300.669362, 59.171679
2230.475, 300.493843, 59.010411
28909.683, 300.504047, 59.026378
50453.614, 300.412070, 58.944391
3108.679, 300.453804, 58.976369
10767.718, 300.712041, 59.212554
47725.472, 300.580428, 59.096876
29994.764, 300.587511, 59.102365
20357.240, 300.384789, 58.920670
5741.324, 300.422346, 58.951731
2683.485, 300.424436, 58.954018
4378.706, 300.507810, 59.031931
4898.352, 300.731797, 59.234555
15607.398, 300.680354, 59.190910
59054.956, 300.357728, 58.899043
4915.950, 300.607111, 59.123888
2168.660, 300.612345, 59.127951
8392.071, 300.372331, 58.910090
4504.698, 300.457189, 58.987300
14133.261, 300.471980, 59.002253
18511.668, 300.363777, 58.904438
28368.637, 300.389427, 58.930405
6178.623, 300.434222, 58.967838
3077.802, 300.565907, 59.087503
5355.877, 300.412305, 58.948758
4458.372, 300.476446, 59.006665
14647.715, 300.635536, 59.153049
28474.870, 300.574567, 59.101582
17169.164, 300.518504, 59.051073
18011.909, 300.740537, 59.252298
10606.523, 300.380499, 58.923988
2659.410, 300.555776, 59.082929
5309.986, 300.435679, 58.974440
5740.897, 300.618087, 59.141277
5290.579, 300.629794, 59.152378
8454.793, 300.643092, 59.164536
26857.864, 300.461131, 59.001765
6679.992, 300.473975, 59.011089
17740.452, 300.697560, 59.215682
20187.763, 300.500224, 59.036700
11022.888, 300.392327, 58.938076
10166.464, 300.506319, 59.042821
7956.873, 300.541890, 59.075889
3100.423, 300.381628, 58.928621
18650.699, 300.436414, 58.980616
2664.403, 300.451659, 58.993090
21744.989, 300.529734, 59.066714
9326.158, 300.586157, 59.117233
28896.902, 300.349150, 58.901804
53640.491, 300.743050, 59.262573
2658.759, 300.410191, 58.956224
10755.770, 300.562208, 59.096778
61246.704, 300.611668, 59.145397
15172.091, 300.566561, 59.103040
24107.873, 300.441628, 58.990169
9670.244, 300.484441, 59.029986
10766.599, 300.532173, 59.073052
35028.463, 300.689824, 59.218419
15169.102, 300.600415, 59.136603
13262.576, 300.358831, 58.915905
7470.205, 300.394388, 58.947895
2282.461, 300.455779, 59.003862
27074.049, 300.540605, 59.083955
4886.836, 300.663530, 59.193521
3091.467, 300.369844, 58.925296
14210.640, 300.664578, 59.196375
2336.101, 300.675874, 59.204906
64271.013, 300.427654, 58.984752
22084.882, 300.582505, 59.124027
37943.042, 300.346322, 58.909976
5326.665, 300.365232, 58.923928
4881.037, 300.479581, 59.027989
5732.080, 300.419086, 58.974468
28834.095, 300.356894, 58.922794
9325.397, 300.410980, 58.968703
34218.777, 300.509116, 59.061768
8900.809, 300.543929, 59.089360
4940.323, 300.497732, 59.047322
2715.183, 300.588362, 59.129579
3580.583, 300.733421, 59.261050
4878.376, 300.370946, 58.932624
4406.519, 300.529579, 59.077237
65219.246, 300.661498, 59.202538
11524.100, 300.336199, 58.903520
21448.951, 300.532392, 59.083670
60372.905, 300.557616, 59.108797
18793.318, 300.614016, 59.157836
13315.898, 300.482211, 59.037283
8537.748, 300.553324, 59.103272
30768.330, 300.735108, 59.270204
3091.851, 300.582090, 59.129987
5749.776, 300.344970, 58.912668
109500.002, 300.364636, 58.938531
3089.536, 300.379517, 58.944813
29189.975, 300.385879, 58.951988
8387.709, 300.409495, 58.973453
7609.120, 300.434058, 58.994918
4468.387, 300.397046, 58.962013
82036.818, 300.537228, 59.094576
7137.486, 300.530991, 59.089125
34752.192, 300.610589, 59.166092
17265.757, 300.358889, 58.933060
4383.096, 300.449261, 59.015308
31466.497, 300.711889, 59.256306
17739.440, 300.396218, 58.968455
11214.616, 300.451727, 59.020022
69667.877, 300.476519, 59.046717
9861.269, 300.413434, 58.986650
112421.142, 300.322993, 58.910186
14635.185, 300.371086, 58.949524
102311.518, 300.435702, 59.013966
6204.907, 300.725852, 59.272989
8423.874, 300.541468, 59.105488
22141.461, 300.351600, 58.932593
4074.809, 300.385333, 58.962607
27961.389, 300.493528, 59.065414
10237.534, 300.544096, 59.109326
21921.455, 300.527550, 59.096429
24352.131, 300.671256, 59.226549
24969.071, 300.545097, 59.113887
26269.289, 300.425145, 59.003440
5751.824, 300.375123, 58.958542
12012.287, 300.329616, 58.917164
5746.790, 300.343921, 58.929927
6225.651, 300.510656, 59.083999
125638.875, 300.530273, 59.108008
4404.743, 300.584407, 59.151386
23628.904, 300.468433, 59.049794
32940.783, 300.592667, 59.162920
9393.993, 300.609402, 59.176333
40335.083, 300.633882, 59.201556
4062.987, 300.390101, 58.976944
17260.166, 300.578156, 59.150692
3137.034, 300.558993, 59.132291
6227.273, 300.573425, 59.146054
25244.651, 300.597838, 59.171925
10303.585, 300.676100, 59.239560
45844.719, 300.690872, 59.254792
7509.483, 300.336222, 58.929305
3559.945, 300.482596, 59.063632
9225.658, 300.378442, 58.969292
2227.959, 300.459695, 59.043138
7123.630, 300.664879, 59.230609
6151.044, 300.492224, 59.074594
3167.409, 300.347322, 58.941033
3080.914, 300.381447, 58.973360
48569.702, 300.430273, 59.022233
14454.330, 300.310074, 58.910295
6713.812, 300.359728, 58.954776
35582.041, 300.404062, 58.998400
3090.917, 300.654979, 59.224343
45232.968, 300.677305, 59.249721
7132.528, 300.391344, 58.986610
10628.248, 300.397688, 58.991366
21183.111, 300.436873, 59.030793
27797.731, 300.482920, 59.071465
26439.346, 300.552468, 59.135348
3661.841, 300.659449, 59.231090
36372.340, 300.339021, 58.944525
13662.120, 300.472309, 59.063190
10177.753, 300.307695, 58.913359
7578.166, 300.334607, 58.938252
83057.407, 300.347764, 58.957165
11091.401, 300.419169, 59.016702
125522.292, 300.441904, 59.049322
3530.481, 300.467078, 59.059822
19416.546, 300.507162, 59.098468
33164.455, 300.575771, 59.162249
68680.962, 300.612027, 59.196565
4545.137, 300.646725, 59.223873
28271.090, 300.317525, 58.924229
4021.822, 300.410053, 59.010250
3972.041, 300.472754, 59.066822
34725.695, 300.593057, 59.180884
5391.414, 300.308198, 58.918665
3068.875, 300.580996, 59.168211
26361.540, 300.299173, 58.913984
3608.723, 300.377862, 58.982874
5789.499, 300.391846, 58.995943
8074.094, 300.553683, 59.144597
23035.212, 300.673657, 59.255351
13201.589, 300.372777, 58.980793
19495.418, 300.656818, 59.240871
8830.330, 300.428282, 59.032041
16041.784, 300.307408, 58.922608
12603.346, 300.436530, 59.040756
5661.489, 300.473651, 59.074005
2217.884, 300.327359, 58.939540
28727.479, 300.573422, 59.168022
3070.160, 300.338025, 58.950235
15584.070, 300.527227, 59.125813
10217.866, 300.581626, 59.174925
12754.197, 300.318649, 58.936410
6621.026, 300.430047, 59.036968
18239.951, 300.535719, 59.135010
14533.060, 300.403540, 59.015153
2665.683, 300.450207, 59.056238
271972.890, 300.481140, 59.100766
3619.529, 300.631418, 59.221513
17671.547, 300.368096, 58.983689
76006.497, 300.480323, 59.090401
12926.910, 300.298603, 58.919764
2267.065, 300.473545, 59.079467
3667.576, 300.614670, 59.208200
6267.308, 300.372515, 58.988623
37667.537, 300.418051, 59.032353
39025.230, 300.445019, 59.058742
3107.136, 300.452928, 59.062534
5744.535, 300.505321, 59.110531
49607.985, 300.315506, 58.941666
87650.320, 300.647714, 59.244733
13207.967, 300.310829, 58.935610
96499.940, 300.334406, 58.961960
2216.883, 300.345714, 58.965866
163813.000, 300.354939, 58.981539
22458.441, 300.290972, 58.920131
19448.103, 300.689473, 59.283115
2197.692, 300.396300, 59.014712
2698.604, 300.541892, 59.148699
4973.713, 300.622973, 59.222543
2686.296, 300.321745, 58.947919
11012.910, 300.365707, 58.989489
14230.651, 300.503042, 59.117393
2645.457, 300.452665, 59.069829
3510.964, 300.374771, 58.998862
3965.022, 300.498953, 59.112987
12290.512, 300.303289, 58.936281
10105.005, 300.405838, 59.030888
74386.274, 300.319817, 58.956079
32594.498, 300.648936, 59.254431
24680.052, 300.365888, 58.997260
73865.554, 300.281741, 58.923709
34325.828, 300.605493, 59.217127
22513.643, 300.308189, 58.947621
36229.083, 300.371297, 59.006199
18879.938, 300.383217, 59.017540
6595.312, 300.393621, 59.022622
3941.134, 300.439593, 59.064885
11936.624, 300.395358, 59.027035
27769.799, 300.355213, 58.990669
24651.858, 300.574662, 59.192019
3994.946, 300.440294, 59.068541
4409.279, 300.458307, 59.086146
26535.353, 300.567682, 59.189554
2185.155, 300.321919, 58.961468
166210.146, 300.329409, 58.972773
10554.602, 300.550675, 59.172308
7959.664, 300.364074, 59.001757
7999.486, 300.416367, 59.050416
2653.546, 300.486438, 59.112920
22776.064, 300.625399, 59.242800
2736.255, 300.557860, 59.180610
6710.362, 300.424288, 59.060167
4915.674, 300.514622, 59.142475
12446.371, 300.591361, 59.213011
6589.683, 300.597538, 59.218798
