# Source Fluxes and Coordinates
# Flux (e-/s), RA (deg), Dec (deg)
101317.483, 301.092493, 58.836621
30756.398, 300.943418, 58.700658
35457.245, 301.035141, 58.786756
13989.190, 301.233922, 58.961503
4483.580, 300.989509, 58.743523
27817.938, 301.056209, 58.807835
32887.730, 301.113384, 58.857622
20586.569, 301.142346, 58.883931
6903.576, 301.165324, 58.903292
38262.202, 300.910981, 58.678535
4849.162, 301.043188, 58.795895
4855.670, 301.006349, 58.764485
2021.436, 301.082618, 58.831636
18175.535, 301.118051, 58.866468
4329.392, 301.171267, 58.913097
3287.677, 301.130866, 58.878040
10402.440, 301.150873, 58.897099
5603.710, 300.922987, 58.692352
25689.533, 300.985344, 58.750500
2019.235, 300.910800, 58.682115
7759.464, 301.304190, 59.035292
2923.001, 301.040212, 58.800066
50629.297, 301.055601, 58.817608
2396.849, 300.936380, 58.706394
28187.642, 301.177990, 58.926830
33997.869, 301.240898, 58.983681
9270.572, 301.294720, 59.029917
2739.916, 301.061646, 58.821618
50211.508, 300.974018, 58.749317
10012.440, 300.991098, 58.761933
13271.101, 301.272223, 59.014574
40536.686, 300.958839, 58.737688
16946.809, 301.086165, 58.849558
27351.788, 301.100086, 58.863965
67137.504, 301.294086, 59.039156
17450.134, 301.009033, 58.785793
2416.047, 300.992547, 58.769900
8941.901, 300.975251, 58.757131
8858.656, 301.063343, 58.837306
36932.824, 301.181633, 58.947922
17397.549, 301.283439, 59.038460
17172.867, 300.897092, 58.693713
5615.821, 300.957372, 58.747378
22066.660, 301.011440, 58.798093
24069.647, 301.112136, 58.888906
2850.332, 301.206405, 58.970609
7623.769, 301.051749, 58.833539
28888.287, 300.970632, 58.763891
21396.827, 300.981257, 58.773116
26796.578, 301.134750, 58.911593
92032.820, 301.202141, 58.976484
54681.262, 300.928253, 58.731079
3617.036, 301.125643, 58.904664
9332.224, 300.876249, 58.683038
3202.214, 300.906846, 58.710142
3177.821, 301.094076, 58.880001
54553.230, 301.167279, 58.949619
33581.374, 301.209607, 58.986971
37825.233, 301.253015, 59.025466
2032.766, 300.958616, 58.759062
9585.087, 301.005163, 58.802377
21782.133, 301.055285, 58.849762
21038.290, 301.135324, 58.921265
5994.876, 301.269292, 59.039238
23572.187, 300.945328, 58.751955
71314.991, 301.254447, 59.031402
16161.969, 300.982610, 58.786099
64980.940, 301.170492, 58.958922
3589.100, 301.121231, 58.911830
44679.721, 301.011658, 58.819680
23910.722, 301.065229, 58.864711
148222.439, 300.865676, 58.694837
134784.701, 300.902032, 58.724399
52428.908, 301.152528, 58.947887
4081.436, 300.890477, 58.710361
12054.624, 300.941701, 58.759472
20424.944, 301.108112, 58.910546
2031.751, 301.045174, 58.853127
19536.642, 301.088855, 58.894936
5309.934, 301.246572, 59.036487
4452.407, 300.902482, 58.729913
9622.522, 300.943647, 58.768647
35278.574, 301.087088, 58.900259
128444.252, 300.867464, 58.712346
2001.586, 300.973210, 58.797629
12142.778, 301.012544, 58.835366
16097.589, 300.985594, 58.812564
54395.734, 301.109980, 58.926936
39661.747, 300.887841, 58.726165
5235.163, 300.958054, 58.786930
9213.637, 300.942064, 58.773339
11253.049, 300.987112, 58.815885
15163.558, 301.087802, 58.908735
5233.554, 300.920683, 58.757684
2050.838, 300.971730, 58.802972
30314.177, 301.045363, 58.872715
110487.018, 301.068445, 58.896683
26926.685, 301.178386, 58.992484
45345.097, 300.877078, 58.724423
24073.776, 300.940740, 58.780239
4065.919, 301.022045, 58.852011
80944.525, 300.896261, 58.745910
48040.223, 300.905350, 58.752172
57585.843, 300.943265, 58.787969
48286.723, 301.105077, 58.934387
7662.846, 300.974517, 58.814718
21171.670, 301.112444, 58.940981
2840.132, 300.839630, 58.693695
73394.153, 301.167690, 58.994714
3600.925, 301.004481, 58.845194
23295.111, 300.995120, 58.840063
16500.989, 300.871944, 58.728797
7642.030, 301.011057, 58.853458
59826.346, 300.880003, 58.742852
6020.451, 300.921074, 58.772935
12746.130, 300.990427, 58.836109
6913.765, 301.047433, 58.887280
72442.863, 301.016371, 58.865313
39195.986, 301.075190, 58.917014
3240.669, 300.915216, 58.771991
5554.656, 300.887585, 58.749267
9678.443, 301.131593, 58.968862
11198.040, 300.860646, 58.725592
13259.757, 300.985967, 58.839873
9709.268, 301.106901, 58.947751
9928.937, 301.124059, 58.963798
6427.267, 300.827017, 58.698103
74417.186, 300.886036, 58.754625
145814.140, 301.137878, 58.982204
8030.014, 300.946570, 58.806508
22645.481, 301.033421, 58.884671
2800.828, 300.872716, 58.740268
7670.971, 300.847971, 58.719914
350366.956, 300.859191, 58.741276
50740.273, 300.970215, 58.834863
2826.651, 300.911392, 58.777835
2383.241, 301.066620, 58.918549
3629.669, 301.127753, 58.973395
3267.849, 300.846756, 58.723730
127679.945, 301.026302, 58.890696
15505.329, 301.189203, 59.032418
6012.025, 300.828777, 58.707262
2827.213, 300.850074, 58.726414
8892.043, 301.067040, 58.922876
2346.528, 301.183634, 59.026175
4403.492, 300.822612, 58.702800
11258.839, 300.898696, 58.775141
3212.798, 300.978535, 58.846127
32777.818, 300.820788, 58.708580
27329.243, 300.949793, 58.823442
33956.879, 300.955266, 58.828453
58560.125, 300.999798, 58.871711
7381.982, 300.881027, 58.760808
10086.527, 301.014612, 58.882336
8192.978, 301.057493, 58.920783
9291.545, 301.062715, 58.926287
15544.020, 300.883037, 58.765373
7206.089, 300.817513, 58.705739
24104.481, 301.140871, 58.998410
14843.427, 300.811962, 58.703815
6441.893, 300.829521, 58.717777
6435.043, 300.978591, 58.853444
4817.372, 301.041093, 58.909426
30965.229, 300.832282, 58.724403
5747.322, 301.097570, 58.960516
59681.741, 300.956180, 58.838867
1270734.531, 300.811299, 58.724171
6789.578, 300.909180, 58.795081
3213.224, 300.875959, 58.765086
2000.168, 300.889877, 58.777267
3243.890, 301.056020, 58.928115
13947.029, 300.832988, 58.730721
56096.090, 301.202532, 59.068692
9938.684, 300.805566, 58.710602
2440.681, 300.845425, 58.744393
112311.260, 300.862975, 58.766541
5640.498, 300.954492, 58.843971
4430.996, 300.872301, 58.771415
18671.240, 301.065868, 58.947514
5245.875, 301.097973, 58.974438
28812.052, 301.106628, 58.984411
144671.710, 301.023212, 58.914336
12076.965, 300.922487, 58.819472
2381.700, 300.831899, 58.736846
30557.602, 300.998914, 58.890942
5598.375, 300.838789, 58.744213
9150.166, 300.842378, 58.749215
34598.374, 301.111416, 58.995123
4394.535, 300.836287, 58.746711
2402.277, 300.795486, 58.711114
38732.042, 301.047145, 58.942978
3210.588, 300.829542, 58.743895
111266.508, 301.131853, 59.022165
15982.415, 300.840645, 58.758699
2386.361, 300.888456, 58.798896
12114.745, 300.961550, 58.867164
59668.636, 300.983127, 58.889290
60351.099, 301.119733, 59.013026
14472.044, 300.863538, 58.780358
52021.790, 300.916483, 58.830785
16501.255, 300.817407, 58.740723
2415.961, 300.872624, 58.788742
2465.923, 300.904491, 58.817607
17105.407, 300.988579, 58.895624
2811.136, 300.996025, 58.899930
2798.655, 301.147132, 59.035138
3226.719, 300.843627, 58.764542
8015.166, 300.894831, 58.811465
52273.292, 300.779979, 58.710671
3633.490, 300.961406, 58.872978
7248.445, 300.847757, 58.772204
5595.780, 300.828743, 58.755932
3595.930, 300.871204, 58.794723
20518.859, 300.906984, 58.829418
102773.176, 300.934909, 58.858269
5657.725, 300.879835, 58.804905
12787.766, 301.122872, 59.025138
5264.122, 300.816151, 58.747797
557955.890, 300.820155, 58.765771
24535.713, 301.141600, 59.043586
25648.885, 301.101064, 59.008526
6852.672, 300.837611, 58.769902
16605.234, 300.976653, 58.896688
5316.067, 301.025866, 58.940033
3629.200, 301.091834, 58.998620
41550.076, 300.781676, 58.723732
22825.798, 301.074915, 58.986482
21653.100, 301.063646, 58.978192
12622.838, 301.175054, 59.076396
3237.072, 300.818516, 58.756305
81000.226, 300.837690, 58.779265
13051.366, 301.066834, 58.981911
40211.939, 300.773701, 58.720331
23006.739, 300.901587, 58.835539
2039.608, 300.790560, 58.733659
5567.649, 300.913892, 58.845947
12387.405, 301.055961, 58.973928
5612.955, 300.792311, 58.737177
5697.678, 300.799392, 58.746062
9657.201, 300.807262, 58.754620
40991.822, 301.139809, 59.054671
4782.948, 300.766135, 58.718643
3607.088, 300.864341, 58.809724
8883.341, 300.952737, 58.889476
38914.649, 300.923553, 58.867483
3595.539, 300.826635, 58.776909
32949.633, 300.968531, 58.908253
21907.593, 301.014190, 58.948173
2813.507, 300.844469, 58.794451
29103.641, 300.883985, 58.832744
5613.900, 300.986502, 58.924294
6374.796, 300.863794, 58.815287
44673.280, 301.058952, 58.992654
6472.256, 300.760310, 58.721030
11998.160, 300.872843, 58.824230
12549.636, 301.040912, 58.975596
3612.771, 300.901187, 58.848823
5610.467, 300.802841, 58.761444
2836.271, 300.829261, 58.784595
4490.433, 300.774594, 58.736883
51724.700, 300.819425, 58.782649
44568.005, 301.035639, 58.980800
25488.759, 300.804322, 58.774343
30211.933, 300.874987, 58.837290
31498.181, 300.980275, 58.933642
40877.289, 300.752065, 58.727993
67908.855, 300.824265, 58.797580
35252.231, 301.144815, 59.081836
3243.603, 300.865423, 58.828192
32038.219, 301.130941, 59.070446
19406.751, 300.758635, 58.734209
31196.939, 301.090847, 59.035054
246182.420, 300.739454, 58.724694
18088.762, 300.807916, 58.779990
2858.063, 300.866438, 58.830402
74731.388, 301.022619, 58.976186
11728.105, 300.777191, 58.751731
17044.940, 300.837841, 58.807407
42253.272, 300.763226, 58.741799
12546.797, 300.940235, 58.900616
2463.457, 301.067239, 59.015340
2416.643, 300.894531, 58.860063
11221.883, 301.002898, 58.959536
4520.446, 300.794163, 58.771390
33454.810, 301.076942, 59.029124
61495.016, 300.846873, 58.827337
15529.321, 301.110535, 59.058771
2788.569, 300.796511, 58.775206
28876.167, 300.974985, 58.940090
4001.240, 300.944698, 58.910347
4840.537, 300.810787, 58.790044
20832.915, 300.931261, 58.903050
4088.102, 300.755511, 58.741446
6762.308, 300.912592, 58.885162
12601.937, 300.960957, 58.930161
11812.649, 300.977295, 58.944700
8452.041, 300.839942, 58.821755
87260.203, 301.020202, 58.991766
10027.745, 300.794048, 58.783178
9212.234, 300.805657, 58.794267
5635.692, 300.824198, 58.811444
18685.458, 300.926947, 58.906675
2410.710, 300.935503, 58.912099
29253.149, 301.002227, 58.975623
74169.461, 300.961396, 58.941530
11234.328, 300.769225, 58.764991
85348.425, 300.774294, 58.777270
10399.344, 300.891334, 58.875875
4441.304, 300.936676, 58.916460
2040.809, 300.791053, 58.785456
11605.617, 300.800668, 58.796579
7945.191, 300.872509, 58.860698
86567.029, 300.856456, 58.853316
7648.120, 300.753719, 58.754858
2372.686, 300.837461, 58.829769
7557.404, 300.928701, 58.914740
9375.112, 300.978040, 58.958467
8394.656, 300.723461, 58.729271
34250.444, 300.742196, 58.749106
3645.073, 300.759514, 58.761837
5658.685, 301.077994, 59.049111
35001.553, 301.093339, 59.064647
3225.857, 300.795455, 58.794574
2816.743, 300.821954, 58.819890
2431.236, 300.887362, 58.879806
19288.050, 300.749818, 58.758284
4402.518, 301.033353, 59.012486
7521.043, 300.866830, 58.863250
41431.751, 301.112425, 59.086947
2737.203, 300.780712, 58.786021
21421.482, 300.888032, 58.886029
250245.970, 301.017786, 59.008718
13967.123, 300.815174, 58.820744
32717.780, 300.785459, 58.796041
5632.286, 300.840056, 58.843531
9629.112, 300.720159, 58.734474
2444.253, 300.808267, 58.813770
4416.109, 300.725730, 58.740059
2841.470, 300.727288, 58.742171
6926.788, 300.921827, 58.920097
2007.033, 300.730826, 58.746916
80560.837, 300.738178, 58.761294
7200.484, 300.776477, 58.789310
18145.348, 300.934370, 58.933281
9982.313, 300.734086, 58.752771
29583.671, 301.055987, 59.045694
2030.638, 300.713616, 58.734886
8118.703, 300.977578, 58.975020
39256.994, 300.804798, 58.822366
34442.246, 300.720377, 58.745981
18462.917, 300.793485, 58.811954
18820.801, 301.031231, 59.025658
4444.985, 300.746509, 58.767394
14849.006, 300.919470, 58.926414
27692.550, 300.755358, 58.779133
39615.128, 300.766661, 58.789882
7145.662, 300.729299, 58.754371
3207.717, 300.760147, 58.781345
28996.696, 300.960998, 58.965760
1982.876, 300.952278, 58.956211
69597.019, 300.743333, 58.776093
3665.836, 300.856887, 58.871650
3204.633, 301.077982, 59.071271
4363.936, 300.819361, 58.839876
40011.961, 301.092453, 59.089508
230207.151, 300.709851, 58.751771
16919.238, 300.777774, 58.805682
42547.554, 300.810261, 58.837378
282821.547, 300.899387, 58.922601
4427.641, 300.900403, 58.916293
58473.524, 300.775047, 58.811120
2035.568, 300.798434, 58.825553
42219.777, 300.816515, 58.845391
68881.016, 300.728195, 58.769805
7652.205, 300.887276, 58.909085
4844.083, 301.071819, 59.074273
9202.099, 300.752390, 58.787672
3667.197, 300.920036, 58.938714
12133.382, 301.077777, 59.081286
22884.763, 300.695958, 58.738844
6055.661, 300.842248, 58.870681
32898.115, 300.959070, 58.979232
19683.184, 300.833189, 58.865121
16793.060, 300.818045, 58.851169
71101.510, 300.718582, 58.765504
2786.788, 300.781316, 58.817410
4011.799, 300.932714, 58.955571
2867.380, 300.882647, 58.911438
13153.408, 300.800978, 58.842871
2466.145, 300.690324, 58.741221
40026.340, 300.743820, 58.793310
58425.197, 300.832189, 58.874030
21482.547, 301.032396, 59.052879
28273.647, 300.707756, 58.761138
7171.154, 300.823834, 58.863941
52324.546, 300.954313, 58.985780
2426.318, 300.694171, 58.747260
20098.388, 300.843325, 58.885102
39332.084, 301.042489, 59.065633
2029.594, 300.754341, 58.803462
6822.980, 300.805987, 58.852931
36858.067, 300.707900, 58.766143
12844.630, 300.836550, 58.881364
41476.161, 300.733545, 58.790741
22704.760, 300.853449, 58.898841
17564.299, 300.682005, 58.745824
3654.287, 300.716913, 58.773341
10339.425, 300.678551, 58.742085
63867.058, 301.017651, 59.053470
3615.873, 300.725585, 58.786025
36228.319, 301.053019, 59.086100
2009.991, 300.784777, 58.843358
2403.700, 300.832097, 58.885672
20163.665, 300.887300, 58.938658
20874.164, 300.684132, 58.754433
5233.763, 300.743714, 58.807233
24675.027, 300.753295, 58.820217
7323.222, 301.042673, 59.076903
2054.228, 300.711938, 58.778951
9618.904, 300.728343, 58.794375
28690.343, 300.717633, 58.789601
28319.929, 300.743749, 58.815126
2403.753, 300.799150, 58.862134
20592.059, 300.760649, 58.830213
2826.070, 300.840683, 58.900916
14390.245, 300.692821, 58.768965
59284.087, 300.830475, 58.895821
16179.097, 300.664373, 58.744443
2038.534, 300.780755, 58.848282
3620.338, 300.957863, 59.009252
51643.282, 300.926226, 58.984816
32432.045, 300.948555, 59.005186
26687.955, 301.047419, 59.093631
10011.637, 300.769230, 58.842941
9980.647, 300.778458, 58.852915
2856.865, 300.855511, 58.921026
13955.712, 300.695813, 58.779404
2825.597, 300.724633, 58.804477
67426.610, 300.845241, 58.918330
7543.524, 300.666046, 58.752887
2072.046, 300.760105, 58.838094
6029.491, 300.680833, 58.768848
3637.369, 300.739110, 58.820923
12608.549, 300.983788, 59.043687
2829.789, 300.704388, 58.791454
24284.397, 300.969942, 59.033733
6055.513, 300.884717, 58.956740
7267.868, 300.887623, 58.960272
47877.056, 300.914301, 58.987273
2464.428, 300.776734, 58.861083
43812.645, 300.974549, 59.043885
8017.379, 300.666592, 58.763984
47256.070, 300.959848, 59.031303
50379.541, 300.681898, 58.784711
26864.440, 300.776401, 58.866618
3669.398, 301.049729, 59.110207
2510.203, 300.715497, 58.809480
9633.514, 300.763755, 58.854087
10502.641, 300.781270, 58.871133
40763.021, 300.786270, 58.878507
2418.342, 300.817206, 58.901549
27249.780, 300.766440, 58.859222
3597.658, 300.672951, 58.773709
5187.831, 300.740474, 58.835329
6939.286, 301.022989, 59.090165
11225.582, 300.714916, 58.813496
63440.508, 300.719673, 58.822303
15420.765, 301.036121, 59.104273
4034.358, 300.717270, 58.816686
52154.755, 300.867486, 58.957842
21297.568, 301.025596, 59.097613
5398.323, 301.043941, 59.112330
3151.647, 300.752001, 58.850794
2848.300, 300.788343, 58.884204
307955.004, 300.955376, 59.044970
92049.981, 300.993147, 59.075523
32309.207, 300.741052, 58.847375
6364.556, 300.765517, 58.865433
15403.176, 300.939479, 59.024098
3612.235, 300.755808, 58.858136
38213.809, 300.811034, 58.911503
7186.627, 300.860121, 58.953701
8776.579, 300.720977, 58.828708
24285.304, 300.664546, 58.779124
2418.516, 300.699563, 58.808274
2402.894, 300.786080, 58.887350
35632.614, 300.726394, 58.836821
64626.468, 300.871733, 58.970024
52169.164, 300.707744, 58.822127
46141.700, 300.768096, 58.876657
2038.224, 300.705764, 58.816908
9974.062, 300.645617, 58.764087
2476.250, 300.748704, 58.856204
15442.291, 300.940146, 59.031222
2022.768, 300.826099, 58.928301
41390.838, 300.897262, 58.997037
89381.847, 300.630940, 58.757594
18035.149, 300.862609, 58.964592
22598.068, 300.884786, 58.984350
3219.816, 300.944649, 59.036731
155238.320, 300.652960, 58.785262
164532.801, 300.750914, 58.872076
53511.615, 300.774865, 58.890375
24023.117, 300.891721, 58.992276
42798.852, 300.696790, 58.819151
6430.096, 301.030516, 59.115897
9698.721, 300.723244, 58.841251
4429.513, 300.744334, 58.859382
14825.642, 301.016891, 59.105767
4816.001, 300.688838, 58.808947
28319.634, 300.715363, 58.835762
2403.566, 300.653293, 58.777134
20803.786, 300.884329, 58.988764
2854.472, 300.670049, 58.794257
17216.866, 300.645571, 58.774465
45774.846, 300.675424, 58.804149
4039.430, 300.704993, 58.827371
3567.557, 300.738265, 58.857392
4054.203, 300.792660, 58.906812
3642.237, 300.823413, 58.936461
25048.633, 300.907218, 59.015189
40001.102, 300.663083, 58.795060
10087.831, 300.703349, 58.832826
14833.269, 300.731455, 58.856598
12407.990, 300.742227, 58.866791
6083.826, 300.684673, 58.815055
1976.413, 300.699692, 58.827688
12199.687, 300.973664, 59.076876
7638.499, 300.638615, 58.773606
6384.377, 300.753494, 58.879843
14071.546, 300.828847, 58.947965
9159.896, 300.677969, 58.811684
8399.223, 300.734512, 58.863208
15420.186, 300.863628, 58.981199
5245.905, 300.938829, 59.047078
61820.135, 300.665746, 58.807988
2027.617, 300.804069, 58.927133
3221.698, 300.774674, 58.901091
143399.749, 300.751504, 58.890581
8380.659, 300.767750, 58.897447
65601.844, 300.880096, 59.002797
12901.980, 300.622855, 58.767936
23705.176, 300.703761, 58.841255
3681.336, 300.762705, 58.893139
3182.247, 300.634773, 58.777514
10926.441, 300.688581, 58.827364
41471.738, 300.964101, 59.078197
27359.252, 300.626652, 58.772998
16389.323, 300.726895, 58.864548
7585.442, 300.616304, 58.763399
17188.820, 300.611045, 58.760766
71083.790, 300.642383, 58.792920
54230.795, 300.937050, 59.058196
2829.738, 300.674470, 58.817653
171763.884, 300.813985, 58.954161
2447.501, 300.855534, 58.982001
8023.968, 300.795320, 58.929293
3237.403, 300.740430, 58.880615
13218.469, 300.704228, 58.850845
72699.302, 300.828025, 58.965028
9828.729, 300.992083, 59.109315
5558.582, 300.710053, 58.855339
8834.444, 300.715975, 58.861709
27868.266, 300.724006, 58.870364
3197.708, 300.837810, 58.971626
26623.573, 300.885612, 59.016978
2444.528, 300.651143, 58.802679
1966.317, 300.676127, 58.825715
105417.812, 300.673407, 58.830510
36171.512, 300.924938, 59.054830
18091.316, 300.694963, 58.846386
18038.752, 300.727027, 58.876835
39292.080, 300.617401, 58.779752
1985.890, 300.687751, 58.841029
8087.794, 300.737226, 58.887415
63464.461, 300.837841, 58.982635
7236.861, 300.609398, 58.771542
47783.722, 300.687656, 58.850768
21918.840, 300.777871, 58.926980
50519.177, 300.922987, 59.060815
7982.147, 300.666086, 58.825783
12823.074, 300.627785, 58.792526
136288.063, 300.730644, 58.893494
4396.198, 300.656649, 58.819083
8859.683, 300.702562, 58.860917
8803.750, 300.720200, 58.876801
2358.385, 300.642166, 58.806273
6004.295, 300.820696, 58.970472
3669.802, 300.597105, 58.767461
95993.315, 300.601790, 58.776872
4433.391, 300.628037, 58.796615
6038.699, 300.640776, 58.808567
10406.226, 300.647779, 58.815516
187497.843, 300.850242, 59.005011
5199.382, 300.710209, 58.873427
12818.393, 300.615537, 58.789805
97158.817, 300.635802, 58.812799
4458.597, 300.739006, 58.901068
18524.011, 300.776818, 58.938930
14300.217, 300.838112, 58.992648
2479.215, 300.916059, 59.062270
3686.821, 300.632640, 58.808116
20622.336, 300.789540, 58.952935
7646.610, 300.624875, 58.802434
8446.714, 300.692303, 58.864031
22413.902, 300.670739, 58.847634
9293.542, 300.799686, 58.963472
24627.565, 300.650188, 58.829827
4445.255, 300.716929, 58.888568
29846.362, 300.590400, 58.776095
47294.801, 300.607236, 58.793456
6317.351, 300.763920, 58.932595
7210.691, 300.666011, 58.844168
2472.752, 300.920250, 59.073965
4069.602, 300.953357, 59.104246
3218.892, 300.678919, 58.857165
20440.782, 300.697679, 58.875865
6871.745, 300.937531, 59.092898
5239.249, 300.639835, 58.824455
8073.603, 300.672469, 58.854006
4436.038, 300.725733, 58.902543
5977.963, 300.600239, 58.789046
2009.833, 300.710816, 58.889605
15755.757, 300.806454, 58.977817
7601.479, 300.626470, 58.815249
36310.644, 300.780130, 58.956985
32027.587, 300.618473, 58.813667
17172.707, 300.606405, 58.800402
2846.562, 300.666015, 58.853727
3606.727, 300.758799, 58.938961
8880.707, 300.884273, 59.053369
41907.396, 300.912567, 59.082744
9104.266, 300.573712, 58.772741
2015.782, 300.713962, 58.898527
15414.925, 300.823788, 58.999627
10037.668, 300.582185, 58.782504
2023.797, 300.684461, 58.872875
15743.302, 300.725906, 58.913462
34517.208, 300.826178, 59.004996
6018.966, 300.652114, 58.845201
7752.179, 300.862833, 59.037706
19117.373, 300.941751, 59.108874
36091.906, 300.682883, 58.878203
5321.377, 300.696097, 58.886662
26269.975, 300.715061, 58.906078
3617.879, 300.600707, 58.799979
5265.950, 300.646756, 58.842360
8802.400, 300.590715, 58.793683
1986.703, 300.762622, 58.948883
3987.058, 300.624713, 58.825722
68733.498, 300.801917, 58.993486
65693.251, 300.888888, 59.070468
10855.392, 300.662782, 58.863681
8442.443, 300.670116, 58.868795
51993.575, 300.794066, 58.987206
3659.948, 300.605616, 58.811690
11934.321, 300.630647, 58.836425
17229.509, 300.638383, 58.844627
8012.979, 300.702549, 58.902145
46934.915, 300.641417, 58.852198
41509.334, 300.731488, 58.933730
51941.154, 300.829422, 59.020672
19574.530, 300.647930, 58.857386
32640.049, 300.560501, 58.779739
11237.705, 300.688999, 58.895819
42943.556, 300.764685, 58.965865
13599.262, 300.679047, 58.886287
12862.792, 300.772999, 58.974432
5586.990, 300.654297, 58.866924
43198.669, 300.666393, 58.881625
4053.861, 300.569072, 58.790008
12849.589, 300.648174, 58.863981
26592.909, 300.602899, 58.825485
4093.419, 300.577793, 58.801728
35324.244, 300.655046, 58.875685
3206.378, 300.878220, 59.073580
31458.323, 300.648904, 58.870283
12085.057, 300.847068, 59.048978
10305.896, 300.855803, 59.057080
3981.278, 300.890656, 59.086740
23204.630, 300.790627, 58.999025
60369.812, 300.678095, 58.901634
7214.227, 300.766233, 58.977098
3231.586, 300.814563, 59.020453
47450.188, 300.880741, 59.084242
3640.590, 300.582397, 58.811344
6410.525, 300.642072, 58.865913
3684.466, 300.564168, 58.796641
32304.113, 300.739348, 58.958768
33908.723, 300.817526, 59.029357
8759.071, 300.715079, 58.935327
35213.748, 300.824667, 59.036711
3279.778, 300.660208, 58.885583
2039.483, 300.733822, 58.952367
10488.607, 300.580505, 58.816889
16325.860, 300.776328, 58.995194
4769.547, 300.588623, 58.822899
3974.546, 300.550627, 58.788920
3589.231, 300.643747, 58.873958
16427.853, 300.756102, 58.977918
6176.520, 300.921554, 59.126236
145402.104, 300.653003, 58.891564
4103.575, 300.582251, 58.821320
3246.841, 300.692769, 58.921922
20694.786, 300.894970, 59.106281
8034.026, 300.635690, 58.871991
52255.713, 300.683095, 58.918408
6457.391, 300.619431, 58.858321
8006.220, 300.707649, 58.940029
51863.523, 300.738020, 58.971220
2782.019, 300.624113, 58.863288
4861.608, 300.643818, 58.881496
4775.695, 300.605502, 58.847313
11248.103, 300.546814, 58.797225
11576.077, 300.537753, 58.788626
31880.222, 300.572222, 58.821466
6512.113, 300.662006, 58.901066
2859.605, 300.694049, 58.929737
149060.547, 300.905113, 59.126571
10911.660, 300.598550, 58.845489
10576.094, 300.923036, 59.138790
9548.941, 300.627601, 58.873437
13070.564, 300.850825, 59.076357
40648.801, 300.886769, 59.112137
42643.533, 300.615327, 58.866466
5629.699, 300.624313, 58.870877
15585.538, 300.547043, 58.803873
4527.772, 300.794590, 59.026732
54325.448, 300.599099, 58.856643
380886.651, 300.627665, 58.885912
2382.922, 300.629329, 58.878821
23580.393, 300.717545, 58.962910
3989.823, 300.702969, 58.948350
10458.607, 300.583001, 58.842643
6854.773, 300.587634, 58.846446
8018.468, 300.577242, 58.838014
8744.909, 300.593838, 58.853166
12383.396, 300.613782, 58.871046
4775.601, 300.817380, 59.055783
14842.422, 300.640019, 58.895802
2818.968, 300.653548, 58.907209
45193.302, 300.682823, 58.938360
33090.654, 300.802054, 59.044718
5261.621, 300.541230, 58.806241
1978.415, 300.536443, 58.801567
2453.265, 300.557432, 58.821573
86439.694, 300.665375, 58.926659
69786.692, 300.849031, 59.092684
21220.259, 300.600827, 58.867034
47252.553, 300.528020, 58.802906
7319.079, 300.844983, 59.086744
2870.866, 300.608541, 58.873785
2844.253, 300.801925, 59.049790
9264.274, 300.908046, 59.147265
14110.870, 300.586892, 58.859731
16146.837, 300.800909, 59.054663
6639.143, 300.891049, 59.135241
3259.262, 300.652672, 58.919576
2408.469, 300.818206, 59.070173
9220.028, 300.508680, 58.791221
7974.840, 300.590131, 58.866657
3203.157, 300.534444, 58.816361
2001.241, 300.612111, 58.886812
3230.998, 300.615376, 58.890546
22277.046, 300.841622, 59.098365
4068.090, 300.847409, 59.101834
11759.867, 300.565899, 58.849167
21951.848, 300.783305, 59.047203
5217.401, 300.515892, 58.803556
24302.471, 300.616897, 58.896711
28170.327, 300.622286, 58.902560
63237.526, 300.809752, 59.074598
6413.150, 300.681612, 58.955081
22209.213, 300.575160, 58.860376
66693.103, 300.893096, 59.151432
13132.574, 300.626230, 58.907512
9067.440, 300.753099, 59.021844
2006.996, 300.702439, 58.976190
3633.088, 300.594763, 58.878908
33478.010, 300.741711, 59.018229
21779.093, 300.542940, 58.837428
86553.316, 300.784793, 59.063750
5186.956, 300.867108, 59.128800
15610.150, 300.660630, 58.944289
16571.678, 300.871645, 59.134775
4805.923, 300.627427, 58.912844
8837.287, 300.516771, 58.813842
26301.321, 300.663851, 58.950128
12011.787, 300.550117, 58.847999
2837.112, 300.580156, 58.873160
20062.079, 300.896239, 59.161645
3644.901, 300.829259, 59.100389
116449.150, 300.579267, 58.880303
3198.808, 300.633488, 58.923808
7953.004, 300.647002, 58.936074
5623.544, 300.515578, 58.817563
5246.088, 300.544964, 58.843511
5242.670, 300.667597, 58.955815
29687.775, 300.674546, 58.965102
5715.520, 300.558040, 58.857364
2368.520, 300.596798, 58.891609
7299.299, 300.810187, 59.085978
8008.709, 300.517850, 58.821082
27625.842, 300.811816, 59.090789
75069.020, 300.822270, 59.105865
18870.710, 300.520598, 58.827630
16077.514, 300.730761, 59.019176
3548.889, 300.536190, 58.840832
4820.353, 300.489461, 58.798837
13043.926, 300.745400, 59.033309
35013.111, 300.655921, 58.954229
6050.607, 300.795259, 59.078562
81177.037, 300.490983, 58.807166
5667.209, 300.522475, 58.832207
34870.265, 300.539655, 58.849663
5593.532, 300.629573, 58.929610
9688.993, 300.692654, 58.987098
3213.779, 300.490051, 58.802575
3147.686, 300.498268, 58.810852
8053.716, 300.500715, 58.814547
5248.832, 300.614908, 58.918381
3298.187, 300.873926, 59.152417
2796.461, 300.508196, 58.821660
23732.408, 300.666876, 58.968952
4065.985, 300.680866, 58.979873
2457.087, 300.543368, 58.854312
29151.472, 300.741621, 59.039063
29819.082, 300.634811, 58.941585
311456.471, 300.703086, 59.009987
2794.042, 300.730949, 59.027458
2434.917, 300.513658, 58.829767
10779.404, 300.483131, 58.804446
9597.714, 300.658217, 58.963889
21422.861, 300.771650, 59.067770
2408.838, 300.872589, 59.156631
4802.472, 300.551725, 58.868702
2394.102, 300.792221, 59.086483
14939.689, 300.543120, 58.862949
31119.951, 300.710590, 59.017543
2410.829, 300.537468, 58.856512
13359.264, 300.721002, 59.026186
3629.216, 300.717450, 59.022342
12396.933, 300.487618, 58.815997
8550.982, 300.846182, 59.139720
21894.012, 300.660929, 58.976514
49483.299, 300.741040, 59.054536
57739.656, 300.557937, 58.884826
32887.470, 300.787049, 59.091254
21719.871, 300.582853, 58.906618
10451.249, 300.618336, 58.937686
2799.513, 300.761178, 59.066174
8362.492, 300.752019, 59.059424
12563.449, 300.803399, 59.106716
12096.242, 300.532342, 58.862372
2028.796, 300.479627, 58.812167
72614.847, 300.488854, 58.826426
37555.218, 300.611000, 58.935984
2480.006, 300.652980, 58.970294
17695.429, 300.853548, 59.152781
18134.740, 300.539438, 58.869656
4844.047, 300.597372, 58.921358
25068.056, 300.828241, 59.132102
3671.769, 300.520046, 58.852600
2047.189, 300.550530, 58.879525
18504.145, 300.756811, 59.069052
17058.909, 300.659737, 58.981725
51070.282, 300.719501, 59.039778
35126.795, 300.765493, 59.081662
4841.660, 300.472062, 58.812258
5284.041, 300.514946, 58.851835
44548.243, 300.623090, 58.953529
32098.512, 300.813228, 59.125073
45119.354, 300.636775, 58.968392
5631.794, 300.474385, 58.818419
8013.494, 300.493201, 58.835723
13256.477, 300.846497, 59.158100
2001.065, 300.722858, 59.044992
19914.864, 300.485552, 58.831610
14870.184, 300.555893, 58.894629
12733.750, 300.566079, 58.905287
5192.891, 300.604757, 58.940454
5213.270, 300.836481, 59.150440
6395.013, 300.531589, 58.877328
12763.386, 300.552425, 58.897767
35717.107, 300.599377, 58.942628
6415.264, 300.560510, 58.905874
19712.411, 300.541589, 58.892722
17896.697, 300.811400, 59.134990
51711.449, 300.451276, 58.815151
3263.580, 300.474428, 58.827469
4385.289, 300.592455, 58.936321
5232.195, 300.695141, 59.029487
5222.599, 300.530366, 58.880661
38958.894, 300.639526, 58.984510
3287.569, 300.697788, 59.033141
50706.751, 300.708141, 59.047065
3982.486, 300.620128, 58.964865
4494.660, 300.496549, 58.855023
35847.107, 300.570621, 58.924964
2001.545, 300.599881, 58.948374
41016.461, 300.734117, 59.074381
4862.259, 300.768559, 59.102653
2012.644, 300.522006, 58.878786
3660.614, 300.542765, 58.899042
26243.144, 300.655137, 59.003556
37065.447, 300.464564, 58.830591
10849.272, 300.457814, 58.823048
47319.354, 300.669282, 59.021386
6424.808, 300.616454, 58.968944
6832.498, 300.605841, 58.960417
7982.412, 300.494339, 58.861267
11151.116, 300.496368, 58.863903
12767.491, 300.582055, 58.943860
8757.843, 300.471125, 58.841678
7662.103, 300.703481, 59.054251
9046.801, 300.715013, 59.064116
85749.925, 300.767721, 59.115437
25796.551, 300.811902, 59.152992
46962.731, 300.527743, 58.897941
22941.440, 300.688551, 59.042754
2021.349, 300.709568, 59.058541
15376.951, 300.453848, 58.828760
1959.507, 300.518600, 58.885802
2865.402, 300.561815, 58.925633
11399.091, 300.584873, 58.947933
2446.360, 300.565094, 58.930471
1989.956, 300.569679, 58.934662
13385.015, 300.653933, 59.012978
3630.832, 300.829777, 59.170827
16871.625, 300.547774, 58.917554
7663.386, 300.613150, 58.977025
2857.068, 300.519351, 58.891056
4788.384, 300.575915, 58.943304
6408.187, 300.497195, 58.872882
48460.432, 300.735207, 59.094898
8140.676, 300.834218, 59.179439
2014.621, 300.554374, 58.925941
8688.619, 300.556105, 58.928877
6495.705, 300.711610, 59.070999
2416.389, 300.461404, 58.843035
8758.494, 300.643041, 59.009699
44366.408, 300.776517, 59.133555
26127.253, 300.818520, 59.171738
9639.409, 300.438299, 58.825788
2434.560, 300.765214, 59.122607
44082.961, 300.428564, 58.823462
55309.794, 300.478602, 58.867111
3192.876, 300.576340, 58.952511
11291.764, 300.593668, 58.969386
38301.125, 300.750062, 59.112860
33022.465, 300.511309, 58.896572
32450.439, 300.464146, 58.855509
29938.120, 300.606216, 58.985508
10131.799, 300.543092, 58.927636
73807.578, 300.631827, 59.013104
5227.665, 300.522144, 58.908567
37111.969, 300.563859, 58.949355
5218.928, 300.625620, 59.002839
8753.702, 300.446658, 58.841466
3204.915, 300.457245, 58.849483
4001.475, 300.481783, 58.873636
2044.686, 300.621742, 59.000457
20820.331, 300.816488, 59.178495
8374.630, 300.582393, 58.967925
4469.462, 300.585601, 58.970665
27107.753, 300.489408, 58.885435
6853.787, 300.449774, 58.847920
4822.496, 300.460092, 58.858486
19056.608, 300.496599, 58.893623
22146.408, 300.711593, 59.090687
3591.536, 300.442605, 58.844671
46218.659, 300.616921, 59.008166
4410.834, 300.801463, 59.170756
2830.860, 300.429099, 58.832821
8377.127, 300.666151, 59.050360
18128.726, 300.447301, 58.851973
11195.045, 300.568930, 58.963105
61486.335, 300.721984, 59.106840
30627.293, 300.810734, 59.185273
61298.835, 300.643356, 59.035148
3168.959, 300.766935, 59.142970
4505.117, 300.436383, 58.843270
19245.751, 300.452705, 58.861330
2763.061, 300.628409, 59.018918
3240.602, 300.441860, 58.849543
4394.434, 300.479632, 58.884900
56943.522, 300.520398, 58.928494
6452.775, 300.744579, 59.128414
6101.586, 300.803914, 59.181389
2840.736, 300.469787, 58.878661
336561.959, 300.579909, 58.990637
2453.244, 300.425286, 58.838211
3229.652, 300.506073, 58.913470
15671.503, 300.752465, 59.139168
122286.541, 300.457529, 58.875587
55471.004, 300.641794, 59.045577
32925.580, 300.695045, 59.092344
24695.509, 300.763956, 59.152996
26200.595, 300.648837, 59.052302
9389.180, 300.783734, 59.172152
32304.625, 300.476289, 58.897330
23605.151, 300.798829, 59.188796
3623.578, 300.610162, 59.017207
8021.597, 300.406042, 58.831654
11522.826, 300.487964, 58.907459
15293.197, 300.517688, 58.936270
5176.262, 300.562972, 58.976198
11238.026, 300.410952, 58.840973
16618.791, 300.543677, 58.961018
9610.362, 300.765863, 59.160999
5205.831, 300.420245, 58.847034
13654.916, 300.436724, 58.864077
8425.975, 300.615261, 59.026253
9653.421, 300.431972, 58.859160
6891.018, 300.737825, 59.137176
27937.095, 300.445617, 58.874661
14836.827, 300.726363, 59.129433
37196.533, 300.698540, 59.107807
3228.181, 300.398108, 58.830059
75873.299, 300.680342, 59.097374
72793.609, 300.736386, 59.144450
57815.436, 300.577617, 59.001049
3609.810, 300.510494, 58.937081
5139.154, 300.519571, 58.945041
2846.573, 300.502614, 58.931790
5279.472, 300.729520, 59.137922
2009.076, 300.594573, 59.016598
2790.605, 300.537507, 58.966557
6445.066, 300.443599, 58.882354
30219.295, 300.657329, 59.082273
5286.886, 300.443454, 58.886993
3209.649, 300.586412, 59.017387
85061.935, 300.596151, 59.031313
44661.142, 300.626541, 59.058173
48508.971, 300.728712, 59.149691
2800.483, 300.434093, 58.880608
83627.664, 300.563196, 59.002881
33006.931, 300.509917, 58.953871
2467.010, 300.589675, 59.023182
53257.195, 300.396184, 58.850564
14557.434, 300.709021, 59.133854
19344.198, 300.436067, 58.887030
19915.464, 300.615189, 59.050657
7196.847, 300.407581, 58.859934
9616.110, 300.473670, 58.921486
6483.025, 300.491802, 58.943019
95560.296, 300.521813, 58.977378
24718.281, 300.653025, 59.091052
6859.169, 300.666512, 59.100830
2412.725, 300.680919, 59.114052
9182.899, 300.402961, 58.864579
38051.745, 300.478904, 58.934684
19584.999, 300.713082, 59.146591
9962.378, 300.501502, 58.955230
3651.045, 300.471046, 58.928534
3966.280, 300.444281, 58.905214
33162.786, 300.454373, 58.918090
20560.205, 300.491864, 58.950815
16974.594, 300.732259, 59.169156
92068.623, 300.416956, 58.889044
3246.476, 300.433689, 58.898470
5737.715, 300.615646, 59.065532
28650.435, 300.672801, 59.119299
4366.043, 300.369122, 58.841143
5609.246, 300.386820, 58.857290
50409.586, 300.709824, 59.155403
6787.649, 300.410999, 58.880406
5248.952, 300.650445, 59.098269
9289.543, 300.374190, 58.848185
2816.203, 300.466822, 58.932540
3218.941, 300.497705, 58.960154
3969.860, 300.509238, 58.970836
7674.963, 300.608691, 59.062810
4448.487, 300.477031, 58.943375
33178.436, 300.357425, 58.836783
31843.042, 300.399907, 58.877582
3690.616, 300.411911, 58.883907
3764.042, 300.483082, 58.949209
11610.825, 300.528423, 58.994070
14392.753, 300.740943, 59.186522
51104.144, 300.456869, 58.933278
2819.662, 300.626162, 59.083730
2868.059, 300.385198, 58.865626
4353.686, 300.468584, 58.942046
14004.082, 300.663440, 59.120268
18047.461, 300.683796, 59.139231
250297.020, 300.432222, 58.920296
7267.249, 300.372539, 58.856487
50788.569, 300.641750, 59.105864
2018.206, 300.461303, 58.938270
6382.929, 300.352212, 58.840137
20864.518, 300.423569, 58.908090
2077.291, 300.502170, 58.978673
24745.053, 300.697713, 59.158484
8996.894, 300.371426, 58.861066
3211.251, 300.600837, 59.069068
8554.101, 300.618744, 59.086438
28142.739, 300.715540, 59.176732
50037.402, 300.475045, 58.959985
11059.553, 300.688700, 59.151760
2384.876, 300.407819, 58.895342
5983.507, 300.383599, 58.874697
9308.102, 300.388370, 58.879667
10842.068, 300.483582, 58.968034
3680.883, 300.371745, 58.865714
16085.096, 300.438915, 58.929475
6889.920, 300.361067, 58.857677
7250.196, 300.345346, 58.844648
14833.652, 300.407861, 58.903030
2818.437, 300.354679, 58.853393
18905.301, 300.401862, 58.899407
6051.732, 300.541385, 59.026440
8872.106, 300.375984, 58.877046
2050.268, 300.380895, 58.881935
4449.457, 300.518218, 59.008213
16397.382, 300.585611, 59.071204
2005.749, 300.618809, 59.100004
4401.709, 300.668077, 59.144471
21985.920, 300.491170, 58.986905
36792.324, 300.677882, 59.158273
22907.882, 300.335550, 58.844796
28666.259, 300.348698, 58.859140
40286.003, 300.354199, 58.865499
2045.810, 300.375031, 58.879251
120441.368, 300.382991, 58.897649
64645.430, 300.524809, 59.021949
2084.198, 300.619955, 59.104857
99917.182, 300.628162, 59.119181
10244.535, 300.732065, 59.208060
6508.443, 300.457634, 58.959465
104337.536, 300.509819, 59.011806
52241.569, 300.401941, 58.912813
4054.287, 300.696206, 59.176515
4083.865, 300.641037, 59.128383
37656.843, 300.329656, 58.850604
14478.898, 300.367684, 58.881440
33244.043, 300.485182, 58.990049
2389.935, 300.714818, 59.195832
9627.680, 300.362555, 58.876875
4514.985, 300.724371, 59.206643
62794.402, 300.541046, 59.045000
24813.435, 300.682735, 59.173922
23882.788, 300.392872, 58.911805
15764.601, 300.572981, 59.076501
9246.780, 300.553294, 59.056652
53794.730, 300.345664, 58.873951
4113.627, 300.344284, 58.867348
15682.470, 300.580928, 59.087394
6012.686, 300.587068, 59.091282
8990.798, 300.693215, 59.187711
17811.152, 300.358274, 58.885335
17496.014, 300.661269, 59.159927
80980.876, 300.413888, 58.942298
3769.120, 300.715655, 59.209222
32694.718, 300.669610, 59.171258
4944.946, 300.682959, 59.180641
4449.382, 300.350075, 58.878249
2007.816, 300.710933, 59.206480
23608.875, 300.613609, 59.122128
8098.532, 300.638967, 59.143365
8396.028, 300.608498, 59.116826
6467.341, 300.316831, 58.852067
5302.366, 300.402921, 58.930643
30678.220, 300.588148, 59.101751
7355.548, 300.712699, 59.212674
7616.229, 300.397679, 58.926738
23804.127, 300.505011, 59.026132
2748.866, 300.547086, 59.062311
29543.291, 300.327882, 58.864929
11167.268, 300.349513, 58.883841
42924.207, 300.580252, 59.096843
10390.193, 300.335253, 58.872066
4359.080, 300.592273, 59.106802
3178.016, 300.647032, 59.156444
6420.931, 300.694213, 59.198930
30013.589, 300.349062, 58.889989
58678.859, 300.357621, 58.898773
30178.403, 300.335148, 58.876793
2875.860, 300.618518, 59.132916
14720.118, 300.680354, 59.191002
6109.889, 300.456961, 58.987674
15360.905, 300.472805, 59.002927
6991.924, 300.606864, 59.124493
3658.454, 300.308193, 58.851305
14862.920, 300.382580, 58.921104
2417.719, 300.484917, 59.013078
2522.935, 300.536072, 59.060993
18068.143, 300.635546, 59.153152
74143.891, 300.319673, 58.869099
3562.769, 300.419343, 58.956438
10340.291, 300.465654, 59.002779
10204.115, 300.574537, 59.101901
11079.582, 300.643110, 59.164716
2402.588, 300.348626, 58.895227
83818.470, 300.324102, 58.882673
5619.587, 300.430303, 58.971695
21165.700, 300.437203, 58.980979
15884.072, 300.500454, 59.036722
1941.615, 300.302257, 58.854846
7194.484, 300.396776, 58.942541
19061.917, 300.528857, 59.066155
455046.833, 300.304642, 58.875552
11269.240, 300.344764, 58.898323
14823.931, 300.562935, 59.097801
43206.607, 300.612414, 59.145616
19191.220, 300.442377, 58.990233
66274.526, 300.538470, 59.082963
45455.454, 300.430960, 58.984769
3692.938, 300.458327, 59.003622
17775.488, 300.565847, 59.102752
77581.979, 300.294202, 58.859160
8875.631, 300.333109, 58.891785
17003.554, 300.600460, 59.136966
12255.917, 300.676077, 59.204425
8850.362, 300.493332, 59.040368
7988.587, 300.619231, 59.153827
2777.193, 300.526795, 59.070053
33317.109, 300.662098, 59.194479
3580.380, 300.326089, 58.889827
3663.154, 300.498699, 59.047238
11784.738, 300.582202, 59.124945
26615.738, 300.510248, 59.062216
8398.860, 300.363141, 58.926167
92234.567, 300.365214, 58.937039
69113.678, 300.661476, 59.202477
14912.245, 300.554792, 59.103615
49690.074, 300.558640, 59.109296
2065.633, 300.599726, 59.142923
9339.352, 300.434427, 58.994787
8300.293, 300.613877, 59.157446
20220.372, 300.327480, 58.899317
13041.220, 300.386389, 58.952614
6443.575, 300.452519, 59.012706
78923.125, 300.537109, 59.094659
12374.378, 300.314785, 58.888979
5258.538, 300.409086, 58.974335
4119.607, 300.285470, 58.862560
26314.116, 300.279288, 58.860300
13740.794, 300.359306, 58.932353
6494.651, 300.531739, 59.088839
25733.092, 300.396329, 58.968857
11948.052, 300.424138, 58.993641
20867.562, 300.452399, 59.020876
22237.507, 300.463957, 59.031854
13731.207, 300.634489, 59.185363
9614.328, 300.381270, 58.955955
26744.794, 300.609987, 59.166053
10145.058, 300.475134, 59.042555
6773.978, 300.559771, 59.119334
81438.362, 300.435761, 59.013936
94761.252, 300.322890, 58.909373
4447.902, 300.365336, 58.943295
3726.561, 300.412205, 58.986261
6873.597, 300.387206, 58.964510
17680.990, 300.478311, 59.049920
2911.473, 300.283440, 58.870377
18876.803, 300.312851, 58.899442
22269.113, 300.527616, 59.095977
2824.024, 300.553123, 59.117034
21801.480, 300.671011, 59.226253
15971.654, 300.412411, 58.993271
20768.683, 300.424223, 59.003277
2908.490, 300.644311, 59.201273
5288.077, 300.655011, 59.211661
5265.651, 300.333374, 58.919223
2840.294, 300.492783, 59.064915
19940.806, 300.544587, 59.113902
2835.823, 300.328081, 58.916980
2079.974, 300.399965, 58.983067
3224.893, 300.415159, 58.997492
28242.356, 300.468954, 59.049410
3619.003, 300.520718, 59.093786
88785.110, 300.531000, 59.107718
12380.533, 300.297281, 58.891405
11422.598, 300.609508, 59.176621
22714.895, 300.592530, 59.162901
33549.749, 300.633702, 59.201553
2841.928, 300.391795, 58.979997
2843.340, 300.472169, 59.053505
11778.874, 300.577253, 59.149674
18089.445, 300.599315, 59.171146
59457.028, 300.432902, 59.023771
6822.188, 300.453992, 59.038006
2011.773, 300.326403, 58.921461
4821.536, 300.341793, 58.935793
23648.021, 300.309569, 58.909577
2054.149, 300.458647, 59.043876
6008.810, 300.548375, 59.125724
13221.343, 300.265834, 58.868962
33675.306, 300.404307, 58.997912
35188.515, 300.258304, 58.867038
4126.789, 300.654931, 59.223910
4048.832, 300.360051, 58.956546
13244.422, 300.424579, 59.017332
23135.663, 300.552749, 59.135374
15311.955, 300.289724, 58.894397
11664.563, 300.280676, 58.886410
13645.725, 300.472175, 59.062509
7613.519, 300.334442, 58.938383
15667.673, 300.340157, 58.944883
3308.262, 300.419382, 59.016404
63260.696, 300.612019, 59.196443
9067.403, 300.646883, 59.223897
21147.006, 300.507198, 59.098939
36087.588, 300.575062, 59.162306
5161.590, 300.410068, 59.011416
6856.211, 300.392091, 58.995453
34096.471, 300.591839, 59.181084
9988.838, 300.260469, 58.876213
9694.108, 300.553732, 59.144779
30270.237, 300.297119, 58.913339
2814.354, 300.607106, 59.192952
7597.138, 300.267389, 58.883775
17369.088, 300.436809, 59.040739
4076.120, 300.510561, 59.106239
7580.319, 300.425104, 59.029874
6775.295, 300.401442, 59.009056
15698.128, 300.443514, 59.048220
18630.523, 300.527155, 59.125662
21615.611, 300.573770, 59.167955
12874.548, 300.306458, 58.925128
17764.808, 300.536308, 59.135060
12410.313, 300.265045, 58.886791
49050.714, 300.335347, 58.954348
69437.308, 300.481307, 59.090421
10386.972, 300.267667, 58.890547
3632.647, 300.276491, 58.898313
47000.988, 300.317325, 58.939771
27453.188, 300.493911, 59.099306
56441.365, 300.416346, 59.030732
128597.967, 300.356472, 58.981392
18433.636, 300.405288, 59.021267
2779.156, 300.297260, 58.919079
37148.484, 300.444293, 59.059589
2074.316, 300.635583, 59.229801
6027.277, 300.268620, 58.895808
80704.580, 300.269397, 58.904423
4419.624, 300.385176, 59.003319
2005.669, 300.436316, 59.049394
4850.628, 300.625211, 59.222105
4068.785, 300.400991, 59.018100
54981.361, 300.334825, 58.962267
4435.874, 300.242672, 58.874261
3186.168, 300.254418, 58.885454
2401.879, 300.349834, 58.973330
2318.616, 300.364020, 58.986058
8822.250, 300.322976, 58.951123
17187.637, 300.277986, 58.910126
4415.211, 300.391141, 59.013037
189577.096, 300.478868, 59.100367
3662.734, 300.292925, 58.923397
2395.520, 300.498575, 59.112117
8387.663, 300.287835, 58.921284
3677.538, 300.428657, 59.049269
51698.450, 300.321344, 58.956457
19933.734, 300.280063, 58.917571
2806.101, 300.362133, 58.990631
40155.540, 300.605574, 59.216859
4041.522, 300.234601, 58.875234
36239.653, 300.305800, 58.945434
11871.658, 300.398265, 59.027686
3997.878, 300.237401, 58.880716
11980.609, 300.281855, 58.923257
19181.912, 300.574540, 59.191945
5168.109, 300.352366, 58.989329
2373.206, 300.518160, 59.140170
181537.326, 300.325155, 58.971759
24839.969, 300.338341, 58.979468
20292.856, 300.368132, 59.007135
2423.478, 300.492822, 59.119022
4030.452, 300.267199, 58.913749
7705.373, 300.294892, 58.939726
9691.417, 300.424788, 59.059668
35097.562, 300.565938, 59.189436
5252.071, 300.226508, 58.877625
2464.104, 300.416844, 59.052525
4840.830, 300.547513, 59.172049
27344.784, 300.591715, 59.213558
12806.146, 300.287847, 58.936558
2425.557, 300.234973, 58.887903
2040.146, 300.512776, 59.142247
18271.422, 300.595533, 59.219252
2038.510, 300.515267, 59.146209
7185.435, 300.225145, 58.881672
32144.227, 300.614806, 59.240092
51004.576, 300.392382, 59.038318
2417.384, 300.499731, 59.134042
8048.842, 300.239596, 58.896522
25712.372, 300.376715, 59.026027
3999.001, 300.477748, 59.114875
6463.832, 300.540168, 59.171691
59626.089, 300.602616, 59.231666
4419.265, 300.263058, 58.919085
35183.824, 300.338944, 58.991036
2360.739, 300.445412, 59.085832
6834.480, 300.286039, 58.941677
116532.021, 300.290638, 58.952597
15223.146, 300.483240, 59.123836
16077.894, 300.257052, 58.917677
46830.919, 300.591506, 59.223540
15918.179, 300.299291, 58.957159
36001.550, 300.305769, 58.967616
2439.398, 300.470379, 59.111994
103733.831, 300.484360, 59.131418
7987.478, 300.213415, 58.878124
2003.040, 300.246652, 58.907308
29989.421, 300.451299, 59.099686
10756.957, 300.265899, 58.928216
33695.910, 300.219044, 58.888882
8460.410, 300.262196, 58.924795
22622.052, 300.275524, 58.939030
10691.622, 300.507430, 59.151841
9766.724, 300.525591, 59.166946
28479.903, 300.224121, 58.892775
9805.480, 300.366322, 59.022415
11664.968, 300.376995, 59.032793
1973.144, 300.255671, 58.922975
3205.757, 300.241975, 58.911955
2377.313, 300.487712, 59.137054
9774.477, 300.551320, 59.195588
13632.631, 300.570925, 59.213678
4792.880, 300.246221, 58.916621
3979.193, 300.388960, 59.047808
4868.364, 300.470287, 59.122044
15541.145, 300.581098, 59.223555
9703.864, 300.208060, 58.882664
4412.264, 300.375438, 59.037294
