# Source Fluxes and Coordinates
# Flux (e-/s), RA (deg), Dec (deg)
424778.323, 301.205660, 58.921367
17641.049, 301.263466, 58.969392
11698.051, 301.291743, 58.993825
63165.016, 301.242311, 58.953958
909947.025, 301.099778, 58.834593
6145.035, 301.091523, 58.818464
4885.478, 300.979745, 58.718048
4047.972, 300.967994, 58.708282
17943.394, 301.093935, 58.825880
104075.085, 300.992081, 58.736634
7435.752, 301.113848, 58.841691
11802.753, 300.960767, 58.707307
42817.690, 301.236103, 58.961080
85556.053, 301.037261, 58.785739
2630.550, 300.979564, 58.725364
2628.099, 301.133640, 58.864613
9154.136, 301.139066, 58.870720
11102.757, 301.362277, 59.070475
16574.574, 301.106724, 58.845498
11024.815, 301.010974, 58.760219
9746.553, 301.348859, 59.063275
35259.003, 301.057140, 58.807431
20136.241, 301.116690, 58.859440
4855.148, 301.126702, 58.868234
4409.167, 301.165653, 58.903304
14086.731, 301.141610, 58.884154
3053.461, 300.998029, 58.753957
4827.414, 301.109982, 58.855453
6134.873, 301.005772, 58.762917
16414.528, 301.117224, 58.865956
2666.179, 301.304354, 59.035045
2195.466, 301.095865, 58.849630
31096.917, 301.177977, 58.926586
56524.687, 301.055914, 58.817605
8853.833, 301.293961, 59.029914
6136.894, 301.170964, 58.919570
2183.075, 301.018053, 58.781648
52905.437, 300.973757, 58.748966
8778.107, 300.989284, 58.761109
19628.675, 301.028726, 58.796566
35337.066, 301.100247, 58.864063
8411.203, 301.271166, 59.014793
12335.910, 301.085646, 58.849545
72203.877, 301.293969, 59.039194
41860.981, 300.958661, 58.737575
24070.364, 301.008566, 58.786067
13242.078, 301.061622, 58.835621
16221.534, 300.972145, 58.757980
40852.391, 301.181589, 58.948007
27978.048, 301.312827, 59.064437
7151.203, 301.283986, 59.038444
5699.191, 300.974515, 58.763251
29991.588, 301.011275, 58.798892
21612.307, 301.111789, 58.888947
32854.339, 301.134546, 58.911686
23332.554, 300.981148, 58.773406
8796.559, 301.322945, 59.079005
103255.624, 301.202396, 58.976354
57915.291, 300.929080, 58.730615
40660.272, 301.253103, 59.025306
56436.575, 301.167277, 58.949429
25716.352, 301.209439, 58.986803
20296.214, 301.136135, 58.921465
15280.525, 300.974656, 58.777312
4443.655, 301.056497, 58.849797
9265.801, 300.970544, 58.773819
37771.704, 301.145375, 58.933138
70511.847, 301.170791, 58.959045
3295.366, 301.275877, 59.047924
13632.376, 300.944812, 58.752342
10970.996, 300.981878, 58.786027
3068.400, 301.219941, 58.999682
49885.322, 301.013527, 58.820438
25228.829, 301.065313, 58.864619
55838.425, 301.152963, 58.947850
112575.120, 300.902414, 58.724926
5298.530, 300.925377, 58.740805
19772.607, 300.917212, 58.737311
10118.173, 300.940345, 58.759173
26190.643, 301.088226, 58.894773
16774.794, 301.107864, 58.910529
9710.963, 301.245900, 59.036246
19797.965, 300.903618, 58.730557
2681.862, 300.941970, 58.764407
6161.655, 301.119731, 58.926119
10320.596, 301.294146, 59.083267
13575.195, 300.918177, 58.746223
10665.213, 300.943231, 58.769240
6550.795, 301.264758, 59.057713
18397.792, 301.012261, 58.835159
16156.146, 300.985776, 58.811814
53538.362, 301.109691, 58.926778
3149.139, 300.943121, 58.774523
4862.374, 300.920950, 58.756975
40926.059, 301.044636, 58.872491
21860.971, 301.284995, 59.086585
115177.221, 301.068301, 58.896667
3077.121, 301.132966, 58.952852
20707.404, 300.939163, 58.780474
61081.743, 300.904795, 58.752145
81595.179, 300.896955, 58.746008
57793.372, 300.943145, 58.787699
12381.819, 300.974006, 58.814354
47679.994, 301.104917, 58.934225
2190.911, 300.997751, 58.834585
22571.451, 301.112512, 58.941332
79793.618, 300.880577, 58.740053
66614.414, 301.167494, 58.994499
3546.310, 301.227169, 59.045673
27718.082, 300.995005, 58.840192
4011.880, 301.029491, 58.868539
3077.705, 301.034154, 58.873687
13568.450, 300.957923, 58.807002
3497.243, 300.990248, 58.834731
14626.348, 301.046425, 58.886912
2667.145, 300.904684, 58.757642
12635.509, 300.887494, 58.745819
67844.572, 301.015563, 58.864858
33498.334, 301.075518, 58.916833
4328.306, 301.032226, 58.877372
9640.769, 300.902352, 58.762378
3920.326, 300.950848, 58.805578
10663.924, 301.107745, 58.948054
11058.711, 301.036119, 58.885575
2658.669, 301.030543, 58.879482
9649.948, 301.043290, 58.892315
155703.725, 301.137840, 58.982076
71831.683, 300.886435, 58.754888
26348.411, 301.240072, 59.073026
359076.928, 300.858781, 58.741280
91972.785, 300.966080, 58.836834
3576.607, 301.126445, 58.972733
6110.593, 300.873496, 58.745321
128577.490, 301.026329, 58.890457
6582.107, 300.936264, 58.803690
65561.996, 301.060782, 58.924221
14694.551, 301.188914, 59.032378
27632.241, 300.911400, 58.784430
3044.424, 301.181561, 59.027016
12747.366, 300.899038, 58.775227
4868.436, 300.917849, 58.791461
6153.483, 300.928664, 58.801790
61474.027, 301.000060, 58.871605
2607.260, 300.882877, 58.760166
23375.869, 300.950486, 58.823801
32032.289, 300.954867, 58.828012
3953.067, 300.993311, 58.861611
9609.757, 300.876429, 58.757304
11874.631, 301.013208, 58.882319
28055.003, 301.140448, 58.998392
4849.970, 300.917527, 58.798085
5776.519, 301.252195, 59.099529
10455.286, 300.860410, 58.749891
4815.973, 300.975215, 58.854202
2169.071, 301.064444, 58.935601
14501.718, 300.952895, 58.837408
4408.158, 300.997981, 58.877180
4440.080, 300.869272, 58.761492
3158.191, 301.213937, 59.072353
2250.212, 300.914306, 58.804363
11379.162, 301.003624, 58.886737
58733.413, 301.202351, 59.068670
13975.815, 300.844215, 58.745076
112970.389, 300.862643, 58.766554
5249.534, 300.951181, 58.841778
28679.823, 301.065234, 58.947543
3960.332, 300.849490, 58.750059
21647.552, 301.106872, 58.984720
7131.074, 300.923988, 58.819250
149427.892, 301.023081, 58.914126
3968.709, 300.891583, 58.790518
10913.545, 300.895626, 58.797086
3111.606, 300.847961, 58.752369
9664.740, 300.855797, 58.760238
30473.176, 301.111870, 58.995048
9930.125, 301.238996, 59.109518
3094.256, 301.036744, 58.929312
121837.273, 301.132025, 59.022101
44744.278, 301.046701, 58.942954
8346.742, 300.879540, 58.791215
5665.101, 300.950253, 58.854443
2131.680, 300.954296, 58.857756
73233.467, 300.982990, 58.889217
15742.333, 300.830633, 58.748924
11452.597, 300.961437, 58.866997
58384.246, 301.119918, 59.012911
6165.471, 300.849409, 58.765438
58693.507, 300.916388, 58.830548
7919.144, 300.954541, 58.861393
25646.857, 300.989189, 58.895442
4242.955, 300.862358, 58.778735
2244.346, 300.924006, 58.835188
20165.932, 300.834946, 58.758070
10060.006, 300.961319, 58.872766
4348.249, 300.841902, 58.764715
4021.935, 300.993142, 58.901927
4401.605, 300.933747, 58.849452
94967.927, 300.935720, 58.858349
4391.988, 300.879734, 58.802359
5633.194, 300.903815, 58.825758
22012.349, 300.906129, 58.829563
12369.361, 300.977084, 58.896186
35427.876, 301.101538, 59.008527
24378.961, 301.142049, 59.043520
583707.717, 300.819527, 58.765146
50274.403, 301.193736, 59.092246
2654.181, 301.025650, 58.940486
19605.132, 301.074820, 58.986720
6566.291, 300.855631, 58.787924
8464.026, 301.175252, 59.076453
9571.472, 300.839829, 58.774610
2212.921, 300.848264, 58.782119
10123.208, 300.987402, 58.908730
9346.200, 301.067805, 58.981931
26087.771, 300.902345, 58.835163
7083.208, 301.062708, 58.978428
78614.537, 300.837620, 58.779547
2206.681, 300.811280, 58.752278
3917.728, 301.195029, 59.100615
28854.974, 300.827645, 58.775336
14320.181, 301.094163, 59.013669
44188.875, 301.138517, 59.054528
2637.396, 300.874538, 58.814449
5721.817, 300.844979, 58.790213
10100.727, 300.850347, 58.797831
23557.772, 301.014521, 58.948329
20251.897, 300.884873, 58.832616
36164.717, 300.923793, 58.867952
27714.319, 300.968638, 58.907934
2627.381, 300.993691, 58.928831
5295.369, 300.869951, 58.818822
7014.246, 300.906250, 58.852631
39336.622, 301.059004, 58.992856
4421.832, 300.915198, 58.861334
3131.262, 300.986191, 58.924857
19299.155, 301.041145, 58.976092
43182.874, 300.836357, 58.794349
43275.885, 301.160027, 59.087494
10451.226, 300.802534, 58.764313
3489.852, 300.864590, 58.820992
4426.212, 300.869724, 58.826254
5827.371, 300.900931, 58.854138
41357.001, 300.817610, 58.782475
5708.177, 300.830102, 58.791289
2255.165, 300.793524, 58.761133
8394.175, 300.876515, 58.837402
33914.252, 300.980710, 58.933848
6146.049, 300.845273, 58.809223
35689.661, 301.144684, 59.081821
87090.957, 301.022735, 58.975949
2743.663, 301.175074, 59.106656
24182.187, 300.837447, 58.807412
4842.890, 300.966057, 58.920498
32404.414, 301.130668, 59.070606
26792.235, 300.803164, 58.775038
25810.135, 301.090006, 59.035303
9135.290, 300.856966, 58.823583
22376.729, 300.939221, 58.899919
49757.065, 300.823926, 58.797495
5759.742, 301.003997, 58.959149
34693.563, 301.077243, 59.028800
15821.929, 301.110363, 59.058811
2571.799, 300.873025, 58.843034
4457.979, 300.840435, 58.816605
30172.311, 300.974263, 58.939819
3551.918, 300.814769, 58.793707
59100.809, 300.847675, 58.828023
24092.617, 300.962291, 58.930492
3518.364, 300.913419, 58.884197
3081.887, 300.795132, 58.778434
3501.767, 300.840894, 58.821387
2238.229, 300.888666, 58.865214
11414.786, 300.812698, 58.798174
85239.053, 301.020173, 58.991856
3511.972, 300.806571, 58.793185
23538.986, 300.924712, 58.902775
2613.675, 300.785763, 58.775067
29233.489, 300.927512, 58.907017
6129.914, 300.947765, 58.923129
9952.080, 300.891424, 58.873081
25097.092, 300.992547, 58.966143
26227.752, 301.002790, 58.975535
83533.306, 300.961373, 58.941365
17923.335, 300.789768, 58.783239
42735.677, 301.115172, 59.078994
6154.515, 300.891339, 58.875981
7492.479, 300.793907, 58.789685
84167.196, 300.773435, 58.776982
84222.823, 300.856806, 58.853116
14984.225, 300.978373, 58.958627
6168.966, 300.766174, 58.765691
10853.457, 300.822708, 58.818229
7869.608, 300.882207, 58.871952
35889.329, 301.093608, 59.064537
2707.917, 301.131761, 59.097582
27045.742, 301.143600, 59.110335
3099.402, 301.153245, 59.116782
7414.525, 300.866024, 58.862108
209347.448, 301.016905, 59.006576
44255.511, 301.112219, 59.087045
4366.882, 300.789697, 58.792835
3921.553, 300.982315, 58.968010
3444.186, 300.844116, 58.843754
26722.666, 300.888444, 58.886588
52955.103, 300.875802, 58.878009
2163.331, 300.759475, 58.770286
27857.528, 300.785221, 58.796135
71618.648, 300.787226, 58.802496
6619.475, 300.821104, 58.828521
2181.821, 300.845042, 58.848778
2620.561, 300.813532, 58.822974
27496.506, 300.867688, 58.875217
28371.017, 300.762733, 58.783000
12704.896, 300.844364, 58.853087
26374.844, 300.978695, 58.975351
44537.744, 301.022257, 59.016949
25649.915, 301.031229, 59.025880
34250.972, 300.804601, 58.822276
26311.536, 300.919071, 58.926829
4406.384, 300.849335, 58.861849
50097.511, 301.131554, 59.119170
37541.711, 300.766419, 58.789831
2682.908, 300.793440, 58.810964
27166.666, 300.961226, 58.965842
130290.184, 300.746609, 58.777494
20167.484, 300.771786, 58.794567
7474.504, 300.866496, 58.879492
4812.387, 300.873455, 58.885384
2564.476, 301.095554, 59.085231
44812.248, 301.092171, 59.089414
6624.235, 300.774682, 58.800570
2248.519, 300.922535, 58.933155
4799.138, 300.869549, 58.887044
44149.867, 300.809853, 58.837131
3979.216, 300.899924, 58.916556
257051.719, 300.899501, 58.922716
6134.667, 300.943817, 58.956328
3107.977, 300.928162, 58.942123
5768.997, 300.776653, 58.805666
2146.796, 300.845548, 58.870428
6609.328, 301.078126, 59.080820
58219.381, 300.773050, 58.811685
10085.232, 300.752249, 58.788597
5666.556, 300.767855, 58.802036
43818.576, 300.958862, 58.979490
7023.685, 300.740288, 58.781517
64118.467, 300.744287, 58.792924
82650.597, 300.830945, 58.873691
2273.610, 300.863069, 58.896268
29712.499, 300.820790, 58.863373
2666.993, 300.875132, 58.908107
28985.743, 300.797791, 58.843357
16448.022, 301.032391, 59.052903
7611.538, 301.103878, 59.116355
80198.782, 300.840418, 58.882704
6144.109, 300.854963, 58.893496
6586.014, 300.880919, 58.916475
52057.496, 300.954181, 58.985857
39676.978, 301.042620, 59.065496
3574.373, 300.889165, 58.924334
11819.270, 300.768062, 58.820400
14366.585, 300.769337, 58.825075
17379.889, 300.740946, 58.799593
15285.238, 300.856153, 58.904580
68500.480, 301.017829, 59.053234
3982.540, 301.083368, 59.108754
9241.844, 300.849285, 58.899559
37569.844, 301.053432, 59.086032
3536.728, 300.744977, 58.805170
12754.881, 301.043091, 59.076498
23575.533, 300.887366, 58.938882
3519.923, 300.775611, 58.835437
2615.490, 300.860000, 58.912298
4377.851, 300.761302, 58.823351
22402.039, 300.762922, 58.829858
7011.063, 300.805508, 58.866842
8743.357, 300.813451, 58.874561
4846.322, 300.794849, 58.857519
2676.907, 300.710455, 58.781072
24709.455, 300.717549, 58.790341
4393.721, 300.783687, 58.848555
43138.061, 301.032654, 59.076564
7495.145, 300.807205, 58.871305
64898.436, 300.830542, 58.895910
3950.428, 300.820832, 58.885133
14885.489, 300.838541, 58.903767
3987.862, 300.911030, 58.966993
2235.069, 300.957335, 59.008710
16313.348, 300.770488, 58.841559
59245.490, 300.926283, 58.985017
21237.308, 301.047757, 59.093161
12284.773, 300.739925, 58.814541
37184.773, 300.948111, 59.005080
7423.991, 300.728871, 58.803931
7880.331, 300.792424, 58.864651
81725.385, 300.844761, 58.918207
7009.468, 300.854606, 58.924728
32354.655, 300.977957, 59.038550
8745.510, 300.778322, 58.856417
12640.419, 300.817016, 58.892585
14202.737, 301.060287, 59.112679
8377.126, 300.768036, 58.849026
9637.802, 300.983925, 59.044285
42646.480, 301.075449, 59.129023
35729.062, 300.868840, 58.944116
7510.491, 300.884595, 58.957020
3070.430, 300.969064, 59.033176
30290.770, 300.875887, 58.951780
2608.546, 300.894805, 58.966507
52817.246, 300.914103, 58.987364
18675.285, 300.733515, 58.823722
3956.034, 301.019244, 59.080628
2693.774, 300.773941, 58.859290
2590.124, 300.801630, 58.884070
3953.030, 300.708887, 58.800566
3084.626, 300.850440, 58.930284
35865.940, 300.958761, 59.030331
3976.364, 300.857074, 58.937097
19305.623, 300.775706, 58.865869
21194.876, 300.767195, 58.859282
2652.305, 300.827962, 58.912218
2590.814, 300.692996, 58.791131
21748.248, 301.035332, 59.104447
16151.380, 301.075075, 59.138789
5355.800, 301.022107, 59.090719
68582.514, 300.719496, 58.822383
3102.199, 300.808096, 58.897953
18560.218, 301.026352, 59.097546
3086.594, 300.801959, 58.893807
49074.480, 300.867169, 58.958148
4398.897, 300.764242, 58.862052
306627.161, 300.955572, 59.045052
89725.758, 300.993433, 59.075441
27410.925, 300.684178, 58.792406
3510.931, 300.699547, 58.805284
8757.407, 300.756367, 58.857548
13129.319, 300.939237, 59.024424
3956.681, 300.872150, 58.965041
42319.015, 300.726933, 58.837188
23205.197, 300.844388, 58.941761
4390.211, 300.699073, 58.808819
13125.994, 300.830043, 58.928964
64583.725, 300.872334, 58.970059
48155.419, 300.708275, 58.821802
3539.401, 300.740991, 58.847899
3967.541, 300.801420, 58.903310
71605.848, 300.768635, 58.878101
16089.909, 300.818295, 58.921735
12863.772, 300.939865, 59.031544
3059.872, 300.785767, 58.891115
3057.201, 300.807813, 58.911772
23338.813, 300.884527, 58.983765
14496.833, 300.862575, 58.965068
29788.080, 300.892003, 58.992560
39458.662, 300.896398, 58.997214
2660.739, 300.948430, 59.040518
8384.127, 301.031051, 59.115617
25270.034, 300.689203, 58.809119
3556.661, 300.746872, 58.858948
19666.045, 300.750370, 58.865045
2151.712, 300.730794, 58.844716
12343.729, 300.698461, 58.817457
51849.139, 300.774538, 58.890120
3580.590, 300.784840, 58.897465
20467.861, 300.884024, 58.989018
149186.814, 300.749861, 58.872140
9184.309, 300.820632, 58.931505
18748.447, 300.737736, 58.859135
70633.496, 300.674713, 58.804507
2224.394, 300.697787, 58.821992
23031.857, 300.702799, 58.828632
7420.839, 300.763897, 58.882695
16985.283, 300.663531, 58.794812
9600.378, 300.686011, 58.813680
13279.762, 300.907486, 59.014962
3962.876, 300.781104, 58.900444
2144.110, 300.690960, 58.818448
12020.349, 300.973761, 59.076950
3508.428, 300.777587, 58.898706
14596.814, 300.828592, 58.948126
8305.303, 300.757184, 58.882948
3978.433, 300.665402, 58.799022
162541.515, 300.752100, 58.890336
22934.967, 300.863705, 58.981405
47057.428, 300.880945, 59.001884
3916.664, 300.696446, 58.831274
4431.312, 300.681950, 58.819647
23238.916, 300.704935, 58.841753
6556.431, 300.733671, 58.866896
35220.000, 300.964277, 59.077829
42307.116, 300.662970, 58.807139
2599.782, 300.659192, 58.800862
3108.429, 300.790593, 58.920769
109456.075, 300.675960, 58.830497
222094.648, 300.814505, 58.954311
55971.776, 300.936978, 59.058235
21403.913, 301.019444, 59.130100
9692.801, 300.729018, 58.867070
3983.147, 300.856011, 58.982363
13585.605, 300.792808, 58.926684
13839.808, 300.649863, 58.799038
2208.334, 300.730905, 58.870951
78327.980, 300.828027, 58.965154
7625.410, 300.991988, 59.109159
92156.106, 301.034542, 59.151616
40158.527, 300.885622, 59.017343
2184.970, 300.651613, 58.802164
12689.592, 300.971412, 59.094865
9635.423, 300.807662, 58.946649
35612.469, 300.925055, 59.054674
8352.261, 300.772186, 58.915590
6641.909, 300.690550, 58.840569
40255.715, 300.697014, 58.850585
5637.637, 300.764505, 58.908505
13688.423, 301.008020, 59.130504
3104.363, 300.714187, 58.863804
8392.741, 300.737782, 58.887749
66867.708, 300.837983, 58.982828
5693.097, 300.713516, 58.866760
33287.552, 300.755208, 58.907982
44331.626, 300.922866, 59.060792
27591.098, 300.723181, 58.880655
4836.888, 300.703543, 58.860061
49260.442, 300.736978, 58.896490
11025.317, 300.867418, 59.012362
11365.469, 300.647622, 58.815357
176998.607, 300.850162, 59.004983
41468.273, 300.684276, 58.851274
90837.534, 300.726582, 58.891793
3511.349, 300.746860, 58.905299
5670.563, 300.715495, 58.879841
2212.150, 300.800063, 58.956135
20914.567, 300.838755, 58.993007
105380.128, 300.635549, 58.812754
13576.871, 300.710109, 58.877844
15836.537, 300.776587, 58.939388
16650.815, 300.647683, 58.822729
6978.538, 300.659636, 58.833129
2660.793, 300.887343, 59.039667
18048.978, 300.672092, 58.847325
18979.624, 300.789170, 58.953179
26747.760, 300.729318, 58.901502
17034.554, 300.749091, 58.919328
19255.652, 300.799563, 58.963716
5227.803, 300.741800, 58.910898
21335.110, 300.814311, 58.979170
20664.504, 300.649644, 58.830245
5293.643, 300.712672, 58.885734
2653.615, 301.021260, 59.165028
3557.371, 300.687408, 58.865718
3137.483, 300.714971, 58.890665
8318.319, 300.694785, 58.873575
5706.676, 300.729805, 58.905342
4457.108, 300.620520, 58.807235
41058.784, 300.780135, 58.957004
5201.712, 300.807352, 58.978489
4393.756, 300.655328, 58.840798
2248.080, 300.770477, 58.944911
38786.965, 300.696586, 58.881664
13151.394, 300.686165, 58.872164
12727.075, 300.750200, 58.929212
8370.730, 300.789929, 58.965137
35624.098, 300.619517, 58.812614
7019.361, 300.916421, 59.081724
3117.118, 300.994073, 59.150696
11584.117, 300.823421, 58.999375
39687.917, 300.826350, 59.004569
56336.181, 301.003376, 59.164965
22005.154, 300.725452, 58.912268
9257.181, 300.863107, 59.037569
19697.686, 300.942057, 59.109261
5674.147, 300.802000, 58.982146
4356.146, 300.642825, 58.838493
63756.922, 300.708114, 58.904652
114882.213, 300.982029, 59.152433
2630.949, 300.621143, 58.819617
27774.094, 300.681953, 58.877808
6637.984, 300.624776, 58.824768
3503.893, 300.688751, 58.882642
68390.882, 300.888933, 59.070368
12783.474, 300.908932, 59.083221
2599.648, 300.706192, 58.899095
74679.730, 300.802312, 58.993231
3517.220, 300.672687, 58.870075
4478.452, 300.697326, 58.892936
2201.731, 300.727443, 58.920591
46533.527, 300.794812, 58.986795
13233.514, 301.001146, 59.169372
5210.898, 300.757892, 58.949841
5351.564, 300.651116, 58.853490
39796.642, 300.992066, 59.165685
3973.644, 300.825086, 59.012937
59487.926, 300.829672, 59.020685
45731.661, 300.641166, 58.850171
10673.756, 300.877032, 59.063003
43837.794, 300.731147, 58.934311
16231.949, 300.776202, 58.975036
531919.243, 300.989690, 59.176040
12664.192, 300.695452, 58.900859
42259.215, 300.763952, 58.965611
62891.594, 300.666076, 58.881290
5709.154, 300.613621, 58.826999
6143.392, 300.680708, 58.889232
5659.255, 300.742549, 58.946455
14139.728, 300.639394, 58.855438
2215.060, 300.951866, 59.136622
2630.865, 300.600919, 58.818832
7051.547, 300.648004, 58.864512
2626.897, 300.701629, 58.913084
7897.681, 300.600028, 58.821640
6534.919, 300.740324, 58.949509
24662.904, 300.601504, 58.825363
33088.775, 300.790712, 58.999398
10551.866, 300.815389, 59.019586
23438.911, 300.650072, 58.870528
6972.883, 300.847609, 59.048496
8727.919, 300.625342, 58.847498
27827.168, 300.655494, 58.876212
3961.056, 300.736151, 58.948568
15797.684, 300.755682, 58.968486
50703.354, 300.880927, 59.084118
65467.213, 300.678510, 58.902044
2651.132, 300.610296, 58.835907
4870.973, 300.725194, 58.941832
37976.468, 300.964076, 59.160234
6526.311, 300.589638, 58.818888
42241.124, 300.817566, 59.029482
47237.663, 300.738011, 58.958749
39032.091, 300.824537, 59.036846
6578.718, 300.619124, 58.848308
11801.910, 300.633382, 58.862623
3519.106, 300.669055, 58.894227
9592.702, 300.688028, 58.913100
2629.768, 300.715411, 58.936607
22930.783, 300.775782, 58.995431
24183.971, 300.584279, 58.821392
4851.643, 300.794471, 59.010451
4360.850, 300.604147, 58.837451
3081.755, 300.921876, 59.126461
165463.176, 300.653019, 58.891384
18925.768, 300.895340, 59.105895
2624.258, 300.591944, 58.828361
6184.714, 300.755509, 58.978575
50876.446, 300.683513, 58.918234
78680.718, 300.738839, 58.970888
2222.401, 300.660038, 58.894699
24444.086, 300.663544, 58.901340
10086.759, 300.639106, 58.878663
2715.711, 300.627249, 58.868335
55056.199, 300.948913, 59.164416
28793.923, 300.572353, 58.822030
41369.105, 300.691930, 58.930974
148093.901, 300.905066, 59.126624
16433.618, 300.851834, 59.076702
7481.669, 300.889038, 59.110383
7510.817, 300.596991, 58.845665
372698.996, 300.627916, 58.886468
51016.221, 300.614376, 58.866647
14970.618, 300.794154, 59.027132
7019.464, 300.660967, 58.907098
3144.894, 300.574752, 58.829213
3922.842, 300.581581, 58.835839
37818.616, 300.583366, 58.842406
61915.552, 300.599546, 58.857008
12976.726, 300.885183, 59.113290
30977.074, 300.717357, 58.962950
8367.632, 300.701845, 58.948982
3543.039, 300.927954, 59.151589
6561.088, 300.666437, 58.916130
4010.121, 300.726379, 58.971062
103300.295, 300.666185, 58.926487
37601.689, 300.801904, 59.044773
5748.837, 300.617522, 58.878648
2202.826, 300.926037, 59.156701
37186.114, 300.938932, 59.170653
3100.198, 300.592752, 58.855041
69409.099, 300.848954, 59.092527
3936.242, 300.604687, 58.866800
4430.933, 300.573274, 58.838902
10049.308, 300.660836, 58.921125
3045.899, 300.599534, 58.863909
8366.223, 300.802552, 59.049338
3077.911, 300.610716, 58.874762
2185.337, 300.728870, 58.986474
9204.271, 300.818489, 59.069631
10162.589, 300.560520, 58.834351
15552.776, 300.800715, 59.054671
7131.743, 300.891185, 59.134926
6174.038, 300.586853, 58.859055
14400.617, 300.675651, 58.942153
2628.800, 300.687579, 58.950766
8338.800, 300.740017, 58.999974
22071.440, 300.954022, 59.194358
7054.711, 300.579428, 58.853325
6601.177, 300.633093, 58.901951
2188.022, 300.607383, 58.879498
13516.286, 300.625919, 58.897711
12828.758, 300.841765, 59.097850
29297.406, 300.811313, 59.071965
10039.913, 300.553481, 58.837043
25206.392, 300.783288, 59.047116
4891.195, 300.805452, 59.064798
25994.675, 300.565601, 58.849286
34817.800, 300.622627, 58.902382
17167.400, 300.616679, 58.897044
3956.037, 300.609870, 58.891108
69427.125, 300.893104, 59.151475
50741.157, 300.877971, 59.139652
30110.488, 300.542962, 58.836976
16563.211, 300.571884, 58.861692
47593.003, 300.789741, 59.063138
10192.250, 300.872278, 59.134164
7061.705, 300.624098, 58.909424
41362.985, 300.663836, 58.950087
2642.861, 300.561457, 58.852031
6593.010, 300.661027, 58.944381
4390.648, 300.646755, 58.932089
17848.174, 300.740266, 59.018282
18786.605, 300.605142, 58.897061
3891.057, 300.627938, 58.918511
14542.187, 300.675453, 58.964173
2624.071, 300.752281, 59.032392
98223.155, 300.579385, 58.881286
12697.833, 300.666483, 58.956544
10141.083, 300.588999, 58.886981
2245.533, 300.597595, 58.893038
2675.942, 300.703499, 58.990305
14215.010, 300.827426, 59.103822
19703.282, 300.812785, 59.091263
3060.165, 300.538697, 58.841959
6072.875, 300.716086, 59.005080
24230.097, 300.745333, 59.032849
39062.911, 300.844854, 59.123968
5238.332, 300.680856, 58.974057
71577.927, 300.774718, 59.065284
35024.691, 300.656028, 58.954376
13292.275, 300.692340, 58.986571
55691.937, 300.537143, 58.849597
10091.078, 300.602563, 58.906159
3147.513, 300.558411, 58.865259
2629.757, 300.695309, 58.990863
4438.751, 300.873908, 59.152759
7558.669, 300.613715, 58.918660
21146.847, 300.814598, 59.101384
41854.997, 300.635541, 58.941644
5701.512, 300.662002, 58.963070
23977.150, 300.742872, 59.038397
4811.256, 300.553196, 58.863804
3099.799, 300.628058, 58.931822
18296.260, 300.897972, 59.178012
294743.414, 300.702958, 59.009890
34074.075, 300.533205, 58.853600
11915.916, 300.883326, 59.168160
4407.726, 300.591795, 58.903307
2216.328, 300.596330, 58.907428
2619.422, 300.646797, 58.953560
16604.067, 300.670305, 58.978049
11363.540, 300.543768, 58.862627
5272.978, 300.573402, 58.888384
10083.847, 300.574155, 58.892500
2193.917, 300.640535, 58.950227
29301.770, 300.711398, 59.017648
10481.348, 300.594078, 58.909862
6982.826, 300.601222, 58.916195
109274.322, 300.658423, 58.976689
4475.228, 300.545628, 58.865703
3571.590, 300.682351, 58.990151
4026.749, 300.716898, 59.022233
2197.212, 300.555393, 58.875163
6556.807, 300.845001, 59.139883
3948.587, 300.874103, 59.167057
7080.701, 300.649280, 58.964144
3070.968, 300.556093, 58.878867
53687.038, 300.558726, 58.885428
21102.529, 300.583322, 58.906287
6202.998, 300.608631, 58.927959
48672.477, 300.613501, 58.936229
36729.289, 300.515251, 58.850109
6204.763, 300.689028, 59.003305
13988.048, 300.539364, 58.868142
39330.681, 300.740384, 59.054749
20994.811, 300.827416, 59.132196
41166.124, 300.559536, 58.893314
12302.389, 300.591142, 58.919394
4867.931, 300.633731, 58.956317
42819.171, 300.765704, 59.081195
40194.487, 300.718252, 59.038740
9161.068, 300.725139, 59.042279
5697.823, 300.868351, 59.170825
2242.853, 300.753277, 59.066826
47764.473, 300.576436, 58.910575
63988.909, 300.622684, 58.953800
33741.355, 300.813481, 59.125136
14877.994, 300.681903, 59.006063
6519.654, 300.890889, 59.193723
2690.160, 300.537303, 58.872485
40322.905, 300.637816, 58.967860
3118.921, 300.778093, 59.093619
7460.483, 300.533055, 58.873928
3948.912, 300.588454, 58.923952
61876.044, 300.864942, 59.179056
5215.776, 300.502895, 58.847082
5271.877, 300.509822, 58.854093
22920.315, 300.869580, 59.185774
4440.033, 300.521624, 58.868994
17700.296, 300.810773, 59.134416
8331.292, 300.670677, 59.007414
7879.632, 300.499233, 58.851020
2514.318, 300.819350, 59.143211
58780.956, 300.708478, 59.047036
7890.749, 300.549281, 58.899958
2202.336, 300.619073, 58.962944
47344.864, 300.639226, 58.984645
8232.295, 300.556480, 58.909980
49267.196, 300.733537, 59.074197
16828.426, 300.536996, 58.894483
5340.549, 300.509886, 58.868770
47491.394, 300.654521, 59.004061
10952.135, 300.491867, 58.854444
32381.190, 300.672353, 59.021628
2235.958, 300.501271, 58.862751
67701.518, 300.879621, 59.212074
3538.806, 300.532309, 58.893881
3517.136, 300.525701, 58.888461
10264.424, 300.710320, 59.058504
2675.499, 300.482418, 58.850293
36111.526, 300.689046, 59.042481
13217.606, 300.715331, 59.064023
87692.289, 300.767933, 59.115262
4485.575, 300.556717, 58.919845
18369.756, 300.584692, 58.947482
12217.992, 300.488933, 58.860877
16312.573, 300.664108, 59.020512
38709.016, 300.527358, 58.897946
4458.172, 300.570408, 58.935181
7543.595, 300.654549, 59.013085
24288.618, 300.835846, 59.180190
7057.803, 300.505288, 58.877441
6624.469, 300.572165, 58.938372
40339.332, 300.603529, 58.968559
14094.038, 300.548073, 58.917385
3137.947, 300.523947, 58.894877
7506.178, 300.622860, 58.986577
2175.234, 300.859765, 59.200220
12276.251, 300.610282, 58.975794
2660.197, 300.489824, 58.865457
3964.108, 300.726635, 59.082360
21616.074, 300.710476, 59.070709
56431.015, 300.734617, 59.094839
54899.539, 300.776693, 59.133462
4841.150, 300.560045, 58.933307
35907.194, 300.818611, 59.171504
2318.473, 300.837284, 59.184857
11888.587, 300.841719, 59.190285
2682.061, 300.493802, 58.873354
88094.904, 300.605933, 58.984829
7877.580, 300.548165, 58.925385
43304.399, 300.749934, 59.112836
42170.739, 300.466520, 58.855824
55478.190, 300.479108, 58.866833
4402.780, 300.628962, 59.000118
7023.972, 300.537919, 58.917427
12258.457, 300.594147, 58.970169
19148.241, 300.617458, 58.993407
15825.738, 300.621120, 58.997504
33651.911, 300.501530, 58.893509
5275.480, 300.633557, 59.008682
8778.101, 300.543442, 58.927513
81798.819, 300.631413, 59.013044
51298.464, 300.562286, 58.949977
11820.536, 300.621808, 59.000433
8378.064, 300.643170, 59.019540
2639.128, 300.529608, 58.915168
5700.441, 300.553412, 58.938894
17262.957, 300.816175, 59.178582
4791.339, 300.521936, 58.912065
17852.473, 300.835975, 59.198481
30882.633, 300.489557, 58.885059
2253.201, 300.581570, 58.967918
18395.713, 300.667577, 59.049113
3897.105, 300.510145, 58.903277
32228.880, 300.475777, 58.876830
10028.082, 300.539346, 58.932568
3558.027, 300.589347, 58.977492
2676.251, 300.472047, 58.869903
22724.336, 300.711364, 59.091184
47925.484, 300.617284, 59.008177
3528.399, 300.532333, 58.927610
3546.154, 300.502576, 58.901142
62155.981, 300.722427, 59.107069
24466.630, 300.812264, 59.185422
4868.803, 300.527849, 58.925131
3987.348, 300.539579, 58.935912
70906.263, 300.643284, 59.034926
4840.933, 300.583692, 58.979185
3623.616, 300.745559, 59.128349
66992.629, 300.520622, 58.928460
354549.679, 300.580066, 58.990659
128703.809, 300.458105, 58.875112
6995.012, 300.494820, 58.903407
4325.451, 300.454031, 58.866299
7061.440, 300.752593, 59.139301
2640.022, 300.526389, 58.934384
26841.850, 300.764282, 59.153265
43612.568, 300.642225, 59.045166
31195.780, 300.695256, 59.092188
4378.567, 300.486873, 58.901002
6149.256, 300.504639, 58.917537
30120.214, 300.649909, 59.052206
10296.778, 300.783864, 59.172067
3978.912, 300.556372, 58.965438
23181.051, 300.799737, 59.189122
24872.121, 300.476997, 58.896979
39907.611, 300.545008, 58.960994
6498.199, 300.482990, 58.902688
13554.215, 300.517841, 58.936214
13493.292, 300.588570, 59.002451
7396.508, 300.739088, 59.137426
13833.322, 300.818369, 59.209850
3517.427, 300.751663, 59.149165
35219.012, 300.444990, 58.874212
2655.304, 300.522141, 58.940936
17676.793, 300.726067, 59.129896
5784.957, 300.752939, 59.152189
2251.667, 300.438089, 58.864865
2668.530, 300.460866, 58.887189
71503.116, 300.737459, 59.144433
2167.490, 300.462204, 58.890274
4843.470, 300.656338, 59.067670
37362.131, 300.685434, 59.096899
32639.443, 300.697339, 59.107636
5765.548, 300.802164, 59.199903
13142.307, 300.480168, 58.909358
63527.914, 300.577772, 59.001019
2223.741, 300.596469, 59.013513
2629.486, 300.573084, 58.994217
4336.880, 300.498279, 58.927117
3972.165, 300.656494, 59.071557
6600.044, 300.508539, 58.937180
6144.993, 300.428818, 58.865090
2679.267, 300.443507, 58.878719
6184.202, 300.451684, 58.886997
6127.145, 300.480120, 58.914501
10551.272, 300.547329, 58.976621
3119.939, 300.568166, 58.995563
45969.347, 300.674991, 59.098535
13113.562, 300.465499, 58.905274
8824.951, 300.453842, 58.893861
3050.426, 300.562164, 58.992871
8757.846, 300.455671, 58.897107
7937.471, 300.483442, 58.922585
8306.028, 300.595497, 59.025484
30162.037, 300.434183, 58.880970
88683.628, 300.596457, 59.031366
6073.011, 300.498104, 58.937689
36161.656, 300.627628, 59.057895
14861.985, 300.427044, 58.874369
36224.418, 300.436517, 58.886365
86306.433, 300.562940, 59.002822
20338.232, 300.727161, 59.149190
5722.733, 300.488407, 58.931002
27088.123, 300.617153, 59.050924
3579.973, 300.654063, 59.081515
21469.269, 300.814864, 59.229217
8372.957, 300.708478, 59.133892
16600.001, 300.468095, 58.916786
2646.063, 300.539177, 58.983693
34767.628, 300.652914, 59.090843
2631.920, 300.508767, 58.957376
60323.374, 300.524179, 58.975912
6563.947, 300.639860, 59.079520
33224.988, 300.478468, 58.934898
5709.298, 300.532244, 58.981903
13713.934, 300.712079, 59.146615
3546.097, 300.542321, 58.991537
12300.416, 300.526975, 58.980595
6614.126, 300.619458, 59.063147
5677.508, 300.504885, 58.961720
5783.020, 300.544715, 58.998063
21595.736, 300.491365, 58.950863
11901.922, 300.731841, 59.169051
3585.951, 300.775615, 59.207868
5649.041, 300.405988, 58.872644
4775.805, 300.447700, 58.910771
34834.094, 300.533415, 58.992195
8444.007, 300.616416, 59.065495
28041.362, 300.673067, 59.119346
91855.098, 300.417237, 58.888995
39861.068, 300.452499, 58.918222
14138.770, 300.505856, 58.967163
51718.183, 300.710042, 59.155282
8374.677, 300.649026, 59.097779
32754.640, 300.517060, 58.980384
9401.404, 300.482749, 58.949557
3046.206, 300.424152, 58.894782
2666.681, 300.434882, 58.904480
4741.347, 300.405792, 58.880331
8787.764, 300.543465, 59.006034
3540.605, 300.744553, 59.188789
12825.968, 300.794759, 59.234942
25175.571, 300.458281, 58.931225
3516.302, 300.485222, 58.953839
45451.200, 300.397804, 58.878064
9739.454, 300.528131, 58.994500
3886.810, 300.451363, 58.924801
11924.889, 300.663485, 59.119972
22123.017, 300.683980, 59.139177
3449.896, 300.422249, 58.899322
5681.407, 300.514170, 58.984204
77687.738, 300.641918, 59.105324
6592.750, 300.715386, 59.168500
24547.852, 300.419509, 58.902049
292563.497, 300.432844, 58.921443
4456.095, 300.623096, 59.085867
21097.926, 300.456253, 58.936116
7582.245, 300.415044, 58.897330
14886.894, 300.566168, 59.038260
25887.033, 300.698099, 59.158652
10463.635, 300.405373, 58.891002
4808.257, 300.495781, 58.973078
4810.444, 300.592641, 59.061948
24925.027, 300.716139, 59.176976
3596.504, 300.501149, 58.979255
6165.215, 300.483940, 58.964860
13131.110, 300.486045, 58.968521
64657.081, 300.472319, 58.959271
8737.382, 300.448015, 58.934450
4002.763, 300.489679, 58.972340
7869.053, 300.542731, 59.021878
6098.588, 300.392281, 58.885695
3055.582, 300.622793, 59.096649
46528.413, 300.737552, 59.206928
51579.239, 300.406893, 58.904642
5733.757, 300.525016, 59.009190
11382.892, 300.598637, 59.076911
2233.362, 300.481205, 58.971422
20208.513, 300.378508, 58.881408
13631.130, 300.400103, 58.899457
56621.424, 300.487698, 58.987752
4437.195, 300.505141, 58.995922
5688.518, 300.614833, 59.096712
154419.138, 300.383086, 58.897688
7368.934, 300.473608, 58.968791
70732.358, 300.675745, 59.157194
12338.886, 300.387448, 58.891405
8356.909, 300.447720, 58.946412
76559.448, 300.524762, 59.021676
12282.863, 300.636785, 59.119913
7831.772, 300.442078, 58.943190
139300.898, 300.396029, 58.911532
16664.138, 300.696089, 59.176119
4063.998, 300.747928, 59.221546
10960.465, 300.431085, 58.936690
10209.143, 300.457815, 58.959496
72573.482, 300.511943, 59.013429
95607.894, 300.627056, 59.119355
29273.423, 300.755666, 59.236470
11800.579, 300.408491, 58.917187
9987.349, 300.479747, 58.982279
12821.207, 300.367890, 58.881432
6161.275, 300.457115, 58.962788
37979.369, 300.505007, 59.008711
8431.275, 300.725276, 59.206839
70600.303, 300.541018, 59.044974
3058.719, 300.445941, 58.954298
2221.259, 300.408944, 58.920457
8783.966, 300.687247, 59.177434
9699.791, 300.553645, 59.058001
3906.669, 300.727844, 59.215050
3960.106, 300.410983, 58.927103
5653.144, 300.429316, 58.945150
9272.433, 300.571650, 59.076211
23633.902, 300.359991, 58.885070
7358.336, 300.562717, 59.068868
7132.085, 300.693020, 59.187412
18212.694, 300.661417, 59.160150
34185.439, 300.749808, 59.241531
12299.809, 300.377655, 58.903086
21376.974, 300.434087, 58.957625
12739.667, 300.368851, 58.894313
2666.767, 300.714634, 59.209286
35932.326, 300.359930, 58.892382
5318.721, 300.477579, 58.994537
32933.041, 300.669174, 59.171233
33991.453, 300.413987, 58.938598
2251.989, 300.428749, 58.951432
3518.734, 300.529935, 59.044837
2177.524, 300.579050, 59.089066
3484.273, 300.503705, 59.021600
31318.929, 300.588330, 59.102099
81338.774, 300.409026, 58.944245
2255.646, 300.479068, 58.999681
4944.949, 300.713044, 59.212848
8265.909, 300.718571, 59.219700
40440.125, 300.580465, 59.096812
7876.991, 300.402158, 58.931217
33839.013, 300.501542, 59.026839
87912.938, 300.358367, 58.898690
9146.101, 300.591012, 59.110639
3911.896, 300.371669, 58.907031
38861.164, 300.383567, 58.921068
7450.495, 300.435316, 58.966880
17952.318, 300.457304, 58.987447
3555.201, 300.605181, 59.120894
14023.604, 300.553900, 59.076607
15081.238, 300.680081, 59.190952
3537.853, 300.741331, 59.245335
15862.657, 300.472437, 59.002889
4802.209, 300.600070, 59.118801
19470.043, 300.635245, 59.153027
15472.722, 300.348487, 58.890288
7077.337, 300.461088, 58.994467
4416.777, 300.375932, 58.916746
5682.843, 300.538148, 59.067246
16380.844, 300.740915, 59.252148
42496.406, 300.502719, 59.038128
16334.939, 300.573957, 59.101908
11889.439, 300.618698, 59.141854
10646.744, 300.642840, 59.163958
87878.835, 300.431912, 58.983085
5322.852, 300.442675, 58.981321
3097.018, 300.667074, 59.186493
5803.761, 300.527587, 59.060909
4418.510, 300.678883, 59.198217
4352.607, 300.414749, 58.957938
7054.192, 300.420536, 58.964158
6186.283, 300.484316, 59.021955
3065.178, 300.449102, 58.990562
15961.746, 300.528796, 59.066200
10482.742, 300.539591, 59.074719
5776.859, 300.563293, 59.096854
17935.368, 300.343898, 58.897444
10439.892, 300.371212, 58.921676
20648.480, 300.567271, 59.102765
49122.210, 300.611798, 59.145637
4870.904, 300.654793, 59.180753
4426.264, 300.398282, 58.946716
26178.788, 300.441643, 58.990038
8819.086, 300.482979, 59.027683
15710.855, 300.356274, 58.913016
25883.358, 300.381218, 58.937580
2231.606, 300.487169, 59.030530
9358.045, 300.521190, 59.063037
20813.538, 300.600250, 59.136788
2708.552, 300.703248, 59.227542
2654.560, 300.400597, 58.952405
6115.887, 300.402762, 58.955063
14376.215, 300.419729, 58.972622
8387.568, 300.471272, 59.018411
36547.986, 300.540854, 59.083774
3951.469, 300.673781, 59.201688
2694.886, 300.444376, 58.993377
16736.992, 300.527038, 59.070827
3515.351, 300.604303, 59.139762
15634.672, 300.665290, 59.196358
6655.292, 300.675515, 59.204775
3943.588, 300.393560, 58.947904
13625.663, 300.426250, 58.978200
4840.539, 300.536688, 59.079589
4825.810, 300.360156, 58.919392
3977.088, 300.434804, 58.988038
24735.057, 300.582116, 59.124320
7829.652, 300.345226, 58.907352
6220.881, 300.498581, 59.047866
8282.813, 300.463093, 59.017086
4435.102, 300.371452, 58.932790
72465.471, 300.557246, 59.107356
69611.979, 300.661079, 59.202401
3049.451, 300.358784, 58.922639
16679.430, 300.508926, 59.062630
18729.811, 300.532647, 59.083956
15446.362, 300.613752, 59.157197
2188.125, 300.490156, 59.043490
24614.116, 300.386683, 58.952780
17086.213, 300.434923, 58.995497
8324.323, 300.466283, 59.023309
5285.351, 300.347450, 58.914401
4317.147, 300.354322, 58.920832
71362.468, 300.365187, 58.937346
9606.507, 300.393309, 58.957796
12613.994, 300.473669, 59.031954
78410.347, 300.537354, 59.094681
38693.140, 300.326667, 58.899513
14035.758, 300.475579, 59.036605
4361.452, 300.520477, 59.076119
6149.345, 300.373470, 58.943281
13232.912, 300.403303, 58.974317
12392.363, 300.438896, 59.004651
2224.252, 300.532369, 59.089008
8390.524, 300.358826, 58.931886
21041.975, 300.396680, 58.969056
3466.388, 300.375557, 58.948162
25484.696, 300.452099, 59.020687
4378.999, 300.565842, 59.122413
21643.462, 300.711604, 59.256309
27882.208, 300.609662, 59.166027
116846.146, 300.436256, 59.013971
18038.862, 300.475818, 59.043659
3084.845, 300.651710, 59.203005
168089.269, 300.318883, 58.909583
3507.129, 300.337485, 58.917299
6609.299, 300.412090, 58.986395
2607.811, 300.431248, 59.003679
2723.657, 300.364636, 58.943095
5689.871, 300.417822, 58.992585
19060.908, 300.478512, 59.050026
4413.977, 300.633703, 59.189196
18726.044, 300.352344, 58.934675
23510.003, 300.671430, 59.226776
7446.140, 300.495578, 59.065415
21338.387, 300.527688, 59.096461
3500.454, 300.368467, 58.949306
34333.723, 300.423947, 59.003124
3523.796, 300.581429, 59.144328
13584.554, 300.311789, 58.899114
24324.347, 300.544810, 59.113717
13524.713, 300.403407, 58.984425
18750.245, 300.481323, 59.055529
12279.322, 300.484279, 59.061344
8340.062, 300.331978, 58.920503
8259.493, 300.397598, 58.981603
107168.412, 300.530639, 59.107546
21117.304, 300.607753, 59.174051
2253.682, 300.354512, 58.941106
28093.464, 300.591890, 59.162910
18970.564, 300.467889, 59.049916
3572.780, 300.503553, 59.080948
34922.410, 300.633175, 59.201555
12454.488, 300.676519, 59.239557
2264.839, 300.478025, 59.058144
17201.659, 300.578731, 59.151303
4369.736, 300.624709, 59.192717
23811.175, 300.663834, 59.230764
32994.353, 300.690916, 59.254841
13186.776, 300.329131, 58.923293
4034.860, 300.423652, 59.010835
24224.496, 300.436101, 59.023732
3940.905, 300.562334, 59.136641
10616.848, 300.598451, 59.171871
2662.274, 300.341602, 58.937034
4019.742, 300.344625, 58.940370
9997.971, 300.319037, 58.917579
3092.364, 300.389854, 58.982391
25141.126, 300.404337, 58.997922
5295.366, 300.674495, 59.242495
12660.824, 300.347299, 58.945188
23198.195, 300.553107, 59.135190
9576.475, 300.375448, 58.971688
10529.663, 300.360553, 58.960150
10044.080, 300.416367, 59.010775
6147.915, 300.508667, 59.094615
40604.904, 300.677140, 59.249833
9356.857, 300.473173, 59.062880
10978.269, 300.532977, 59.118202
6573.376, 300.669849, 59.241756
28056.721, 300.421308, 59.017531
5835.143, 300.429632, 59.023196
7983.668, 300.295926, 58.902020
16633.938, 300.317665, 58.923068
17972.717, 300.333849, 58.938702
10609.495, 300.647112, 59.223778
4803.124, 300.326049, 58.930092
3496.460, 300.497423, 59.087005
25840.997, 300.507231, 59.098324
71551.086, 300.612026, 59.196438
5652.888, 300.297627, 58.904753
17134.073, 300.339695, 58.945445
3072.081, 300.380085, 58.980321
33247.090, 300.575944, 59.162435
40004.821, 300.593471, 59.181071
2167.957, 300.354462, 58.959781
14377.293, 300.391440, 58.995373
12644.880, 300.451066, 59.049865
2243.352, 300.472153, 59.068415
9565.985, 300.373744, 58.979905
8722.691, 300.533961, 59.126668
12331.866, 300.555187, 59.145622
4856.010, 300.381505, 58.987045
26257.209, 300.673458, 59.255377
32531.144, 300.298297, 58.913307
4737.212, 300.323555, 58.934532
23979.801, 300.416003, 59.021683
22549.840, 300.436850, 59.040994
22448.381, 300.656185, 59.240621
14215.731, 300.442707, 59.048076
22170.823, 300.573961, 59.167833
27411.784, 300.339731, 58.955045
4796.369, 300.457473, 59.060353
20599.507, 300.579762, 59.173617
76885.306, 300.480953, 59.090377
12488.254, 300.527175, 59.125894
5649.040, 300.372340, 58.984735
14990.865, 300.535412, 59.135368
3527.781, 300.416230, 59.025575
7133.684, 300.283166, 58.905878
263269.863, 300.481477, 59.100688
4451.933, 300.305690, 58.925325
51140.714, 300.319089, 58.941540
62011.444, 300.426674, 59.040923
25331.195, 300.386928, 59.007545
27234.925, 300.417511, 59.032016
4852.699, 300.441293, 59.052011
46686.606, 300.444425, 59.058740
4829.837, 300.579170, 59.178152
151945.684, 300.355958, 58.981365
60751.250, 300.648282, 59.245063
68353.069, 300.334526, 58.961680
2668.233, 300.371316, 58.991405
7465.546, 300.530566, 59.138189
17121.700, 300.299604, 58.929766
2692.191, 300.396528, 59.017162
9656.968, 300.539649, 59.148898
69424.381, 300.608072, 59.216860
12640.507, 300.427242, 59.047361
2650.336, 300.630308, 59.230540
20108.967, 300.276878, 58.909435
15269.785, 300.345647, 58.973043
9618.554, 300.363624, 58.989286
11849.162, 300.290132, 58.924008
9684.809, 300.340692, 58.968759
10473.532, 300.317247, 58.949264
10862.225, 300.386995, 59.012248
5269.358, 300.492889, 59.109228
64015.077, 300.321496, 58.957196
32998.215, 300.648789, 59.254300
8402.183, 300.320017, 58.952247
21893.685, 300.303992, 58.940242
16545.895, 300.391749, 59.020257
9160.523, 300.453777, 59.076982
34244.748, 300.276984, 58.918599
5240.776, 300.401754, 59.029241
16628.904, 300.372066, 59.005712
6205.997, 300.415327, 59.043886
8282.958, 300.288544, 58.929147
6649.631, 300.358534, 58.992883
2656.638, 300.378392, 59.010403
13552.250, 300.456492, 59.084886
57931.498, 300.570759, 59.190922
7402.905, 300.268259, 58.910509
130517.565, 300.327479, 58.971590
8317.717, 300.385097, 59.017640
2214.136, 300.406579, 59.038027
7405.014, 300.362515, 59.000013
14938.767, 300.305498, 58.948666
11788.811, 300.448054, 59.078875
3477.495, 300.544721, 59.166005
22301.110, 300.338299, 58.979615
11788.209, 300.392476, 59.028183
7916.743, 300.281284, 58.926735
4836.147, 300.311112, 58.953984
3514.279, 300.356110, 58.995728
2187.314, 300.581283, 59.201031
12748.385, 300.347563, 58.989165
3523.834, 300.549573, 59.172435
18231.652, 300.624581, 59.242533
2608.721, 300.443720, 59.077033
15394.449, 300.591278, 59.212944
4753.917, 300.292149, 58.938237
4787.390, 300.312834, 58.957424
7953.534, 300.424898, 59.060691
3580.042, 300.562071, 59.185817
3964.668, 300.602034, 59.222128
3084.447, 300.403154, 59.041161
5202.364, 300.596895, 59.218642
