# Source Fluxes and Coordinates
# Flux (e-/s), RA (deg), Dec (deg)
19177.447, 300.942773, 58.700707
29059.661, 301.033457, 58.787010
50484.813, 301.091714, 58.837697
6446.988, 301.232927, 58.961709
9310.095, 301.115682, 58.859384
13727.562, 301.142415, 58.884176
5243.427, 301.164514, 58.903202
24013.412, 301.055225, 58.807900
10769.027, 301.110163, 58.855283
27971.076, 300.909972, 58.678090
21003.195, 300.978655, 58.741933
10573.980, 301.117466, 58.865843
12142.712, 301.130938, 58.877942
9134.979, 300.988462, 58.752159
7369.746, 301.165670, 58.910857
3245.567, 300.953235, 58.719684
9576.223, 301.083645, 58.838505
51371.138, 301.055989, 58.817561
5271.265, 301.304324, 59.035220
2364.047, 300.972307, 58.738573
27677.972, 301.177966, 58.926840
54818.076, 300.974324, 58.748750
13026.763, 300.993351, 58.762526
3340.816, 301.294098, 59.030292
2408.889, 301.189891, 58.939164
25624.170, 301.084895, 58.849871
13236.683, 301.271485, 59.014534
4370.930, 301.028139, 58.797158
24880.669, 301.099321, 58.864064
58075.581, 301.293419, 59.038988
34230.050, 300.957909, 58.737604
24144.552, 301.009202, 58.785649
2390.491, 301.014848, 58.788686
3609.866, 301.194406, 58.952027
7990.852, 301.061867, 58.835958
38458.147, 301.181782, 58.947957
8316.869, 300.898983, 58.693063
3578.762, 300.917566, 58.708482
10382.488, 301.206762, 58.970643
2329.560, 300.927628, 58.719303
5312.657, 300.977024, 58.764373
9731.105, 301.283341, 59.038610
23455.334, 301.011140, 58.797969
24103.181, 301.112154, 58.888686
26929.868, 300.980594, 58.773111
31496.250, 301.134826, 58.911679
9971.425, 300.926076, 58.722843
95911.230, 301.202360, 58.976375
2378.798, 300.886452, 58.687810
45057.801, 300.928842, 58.730892
27053.629, 300.965086, 58.762258
3186.715, 301.125582, 58.905694
9232.561, 300.875413, 58.682691
6410.945, 300.887387, 58.693743
57038.924, 301.167092, 58.949594
2013.245, 300.920025, 58.724162
20802.336, 301.056681, 58.849787
30259.793, 301.209355, 58.986888
104204.792, 301.250890, 59.027801
16674.642, 300.946366, 58.752698
9310.669, 301.135568, 58.921307
71273.279, 301.170502, 58.959181
4417.177, 300.911651, 58.722015
15748.316, 300.981657, 58.785974
2021.121, 300.967648, 58.772747
3591.754, 300.872375, 58.687717
4413.465, 300.867582, 58.684450
5222.125, 301.121104, 58.912774
23806.395, 301.064343, 58.865083
9602.854, 301.013569, 58.818541
174253.965, 300.898780, 58.724800
1962.634, 300.924379, 58.738293
5583.914, 301.048152, 58.850783
49971.423, 301.152776, 58.947830
28402.960, 300.875201, 58.697853
10481.162, 300.890326, 58.710443
2370.602, 300.960398, 58.773898
13419.186, 300.864080, 58.688765
3595.933, 300.896643, 58.716717
14586.480, 301.010037, 58.821474
8045.078, 300.941183, 58.759295
21425.615, 301.107864, 58.910715
59638.684, 301.084357, 58.896823
70350.838, 300.863024, 58.695220
11785.666, 301.247002, 59.036807
13206.406, 300.904254, 58.730247
4341.731, 300.953103, 58.774661
4400.101, 300.870731, 58.702525
4772.348, 300.944780, 58.769997
11882.383, 300.945856, 58.773497
7941.988, 300.957115, 58.783376
104738.059, 300.868275, 58.711978
4055.005, 301.005710, 58.828134
10465.638, 301.012703, 58.835221
10473.555, 300.985794, 58.811951
3926.972, 300.849881, 58.689184
48939.964, 301.110218, 58.926971
7956.562, 300.988460, 58.816554
8787.012, 300.850913, 58.693087
10393.554, 301.041432, 58.866271
7592.694, 300.921716, 58.757594
29335.297, 301.045357, 58.872800
107236.561, 301.068407, 58.896654
49771.784, 300.876974, 58.724326
21307.221, 300.939389, 58.779955
70548.458, 300.896505, 58.745896
46837.603, 300.904744, 58.752038
48083.196, 300.943145, 58.787960
12808.232, 300.974220, 58.814670
47540.850, 301.104725, 58.934245
4783.617, 300.961542, 58.802705
22120.337, 301.112433, 58.940995
3987.634, 301.060774, 58.892656
4397.513, 300.836855, 58.691659
4769.791, 300.986808, 58.827382
62171.344, 301.167447, 58.994607
458639.268, 300.863065, 58.741583
28613.154, 300.995211, 58.839974
4010.213, 301.160766, 58.986103
2778.529, 300.850124, 58.707635
6788.687, 300.990528, 58.834969
3639.335, 300.954232, 58.802854
2463.219, 301.010686, 58.854152
3296.791, 301.046832, 58.887213
3233.562, 300.863581, 58.722868
62098.494, 301.016120, 58.865030
27249.479, 301.075604, 58.917317
15182.223, 300.865739, 58.726871
5586.632, 300.896090, 58.754137
15354.385, 301.107488, 58.948104
6054.435, 300.895351, 58.757605
3646.578, 301.131269, 58.969173
86190.133, 300.885462, 58.754785
153069.523, 301.138390, 58.982384
5119.961, 300.842923, 58.712596
2832.387, 300.866068, 58.733123
5136.116, 300.937429, 58.798315
2404.695, 301.035097, 58.885415
6441.646, 301.042542, 58.892896
1994.378, 300.906499, 58.769930
3985.407, 301.227491, 59.059084
2012.178, 300.832323, 58.705791
5223.915, 300.893589, 58.762369
41035.377, 300.969723, 58.834877
119970.034, 301.026604, 58.890720
6757.462, 300.851680, 58.729217
13821.566, 301.189384, 59.032219
3957.727, 300.921901, 58.793572
4454.787, 301.181847, 59.026348
2047.822, 300.914385, 58.786949
9980.478, 300.830897, 58.714285
12060.332, 300.898332, 58.775302
34152.355, 300.954661, 58.827997
61069.006, 300.999746, 58.871816
3985.473, 300.838590, 58.720382
7567.280, 300.882450, 58.760810
20822.375, 300.949566, 58.822879
6746.012, 301.049269, 58.912418
14412.159, 300.820734, 58.708812
2764.472, 300.839594, 58.725117
6422.293, 301.062435, 58.926206
21597.659, 301.140795, 58.998527
2495.762, 301.013537, 58.882707
3757.217, 301.053001, 58.918738
9086.234, 300.805747, 58.699329
15797.347, 300.846708, 58.736646
1264888.347, 300.812571, 58.724633
19331.199, 300.960269, 58.840324
10248.949, 300.928221, 58.812080
2001.544, 300.934374, 58.816546
10355.458, 300.946399, 58.829172
3978.230, 300.989029, 58.866499
15169.900, 300.951971, 58.837402
11115.673, 301.004199, 58.886185
3256.604, 300.809186, 58.710285
3194.165, 300.853320, 58.750616
132875.929, 300.862444, 58.766953
30748.403, 301.201530, 59.068049
4018.266, 300.950127, 58.842730
142823.984, 301.022903, 58.914148
21029.082, 301.065310, 58.947811
23019.482, 301.106406, 58.984762
1956.015, 300.803851, 58.711068
4844.097, 300.922611, 58.820166
28874.182, 300.994162, 58.888711
9921.226, 300.791013, 58.704481
26458.515, 301.111935, 58.995284
6370.942, 300.845510, 58.753744
3215.071, 300.803015, 58.715584
3225.811, 300.878399, 58.784886
3605.768, 300.882569, 58.790529
7523.258, 300.796472, 58.714799
38150.243, 301.047078, 58.942955
6710.655, 300.839929, 58.753923
6790.177, 300.971712, 58.873057
115106.755, 301.131934, 59.022321
3266.954, 300.869460, 58.781375
55750.512, 300.916595, 58.830539
59580.302, 300.983117, 58.889189
4778.699, 300.907730, 58.818141
52179.087, 301.119903, 59.012997
10022.899, 300.959843, 58.867297
3629.893, 301.054032, 58.950848
30840.529, 300.815567, 58.739744
71408.354, 300.778984, 58.709684
10827.577, 300.988832, 58.895750
12731.005, 300.960998, 58.872387
6853.453, 300.925869, 58.843210
8687.243, 300.822756, 58.750819
3160.026, 300.932389, 58.849279
94869.578, 300.935332, 58.858604
2409.686, 300.858110, 58.784301
3493.682, 300.791445, 58.724634
9945.932, 300.852521, 58.781323
13560.947, 300.905849, 58.829913
22153.838, 301.141688, 59.043502
564622.746, 300.819574, 58.765846
11123.534, 300.799190, 58.735057
2787.554, 300.886447, 58.813192
11649.855, 301.025878, 58.939731
29314.351, 301.101002, 59.008632
81838.694, 300.777855, 58.722015
3633.484, 300.875465, 58.804655
22688.894, 301.075011, 58.986384
22285.124, 300.788617, 58.731672
3194.721, 300.855725, 58.787358
12861.065, 300.975416, 58.897086
110145.001, 300.838134, 58.779846
3320.434, 301.174202, 59.075880
5210.221, 300.771009, 58.713707
15182.957, 301.062599, 58.978467
5970.327, 300.893652, 58.826229
13748.098, 301.066809, 58.982175
20479.289, 300.901403, 58.835771
13027.005, 300.800128, 58.747228
3179.729, 301.081223, 58.999125
4353.021, 301.040512, 58.963635
42796.504, 301.139072, 59.054751
19066.064, 300.765063, 58.719531
4373.637, 300.951163, 58.888891
38050.866, 300.923312, 58.867721
36397.031, 300.969249, 58.908367
2824.820, 300.803417, 58.756549
30734.587, 300.884207, 58.833002
15382.517, 301.014421, 58.948410
9239.369, 300.986165, 58.924676
2766.989, 300.962807, 58.902654
42611.219, 301.059063, 58.992871
3219.374, 300.788276, 58.745777
7136.815, 300.819515, 58.774616
5576.087, 300.846088, 58.799763
16524.486, 301.040668, 58.975305
2408.196, 300.849333, 58.803005
12728.935, 300.773633, 58.737900
13430.008, 300.754171, 58.721372
42530.943, 300.818743, 58.782531
7530.154, 300.847267, 58.806321
14755.586, 300.899736, 58.853967
2411.624, 300.782517, 58.746938
2805.715, 300.768447, 58.735521
14390.205, 300.855356, 58.816566
32813.851, 300.760063, 58.733910
9599.229, 300.826869, 58.790865
7546.348, 300.836864, 58.799962
3612.830, 300.755877, 58.726924
2015.426, 300.915952, 58.871814
115307.323, 301.026056, 58.976925
2036.641, 300.770930, 58.740510
12892.450, 300.875728, 58.837438
47983.716, 300.980745, 58.934045
22002.143, 300.803680, 58.774832
4042.712, 300.773533, 58.745052
32294.869, 301.131109, 59.070460
31358.506, 301.145000, 59.081988
22459.052, 300.777908, 58.751665
290999.146, 300.739768, 58.724699
16383.214, 300.837940, 58.807388
28561.083, 301.090206, 59.035122
18326.751, 300.807168, 58.779588
7126.994, 300.889741, 58.854241
3312.475, 301.112249, 59.052636
8376.963, 301.004103, 58.959155
49134.610, 300.761192, 58.742029
42984.796, 300.823623, 58.798170
10824.917, 300.938837, 58.900639
12433.263, 301.067057, 59.015775
2413.672, 300.944639, 58.904888
31032.245, 301.077201, 59.029051
15420.378, 301.110178, 59.058509
2433.983, 300.808725, 58.786152
27999.380, 300.974509, 58.940097
2789.716, 300.775777, 58.758022
50438.358, 300.847444, 58.827617
3186.559, 300.842774, 58.820860
8785.017, 301.093507, 59.047541
7380.361, 300.961562, 58.930524
3229.289, 300.814276, 58.797299
4052.052, 300.887867, 58.864854
2387.668, 300.929392, 58.901896
10722.417, 300.868141, 58.850102
87337.925, 301.020093, 58.991774
16963.389, 300.769366, 58.764679
26949.929, 300.926597, 58.907102
24258.485, 301.002634, 58.975198
12226.241, 300.749767, 58.744755
5185.973, 300.790958, 58.782716
5552.057, 300.938949, 58.916207
75485.584, 300.961232, 58.941524
13546.572, 300.891672, 58.876240
74975.827, 300.774348, 58.776635
7184.574, 300.792493, 58.786851
1988.611, 300.910774, 58.892409
5149.678, 300.762293, 58.759880
11215.367, 300.830789, 58.823525
4031.163, 300.800618, 58.796122
88625.474, 300.856531, 58.853195
16842.248, 300.978207, 58.958127
3562.393, 301.077650, 59.047784
29597.889, 301.093774, 59.064660
2785.981, 300.739929, 58.743955
28690.390, 300.742638, 58.749531
7585.806, 300.821653, 58.818403
5979.120, 300.789757, 58.791420
4788.011, 300.852173, 58.848029
19182.277, 300.749900, 58.758204
3916.015, 300.878878, 58.874070
7584.721, 300.799333, 58.802616
39325.886, 301.112541, 59.086967
206264.447, 301.016672, 59.006750
3162.315, 300.845192, 58.844919
22180.732, 300.887108, 58.886675
6759.622, 300.763836, 58.773618
30149.037, 300.785441, 58.795964
2034.493, 300.789923, 58.800420
12286.641, 300.827688, 58.836708
16470.870, 300.745108, 58.762396
3200.539, 300.771683, 58.786076
19175.866, 300.929780, 58.931145
45340.820, 301.022417, 59.017033
2454.676, 300.768112, 58.784200
7657.884, 300.792412, 58.807203
11302.892, 300.978282, 58.975316
5229.722, 300.985014, 58.981104
47855.134, 300.804578, 58.822686
28989.576, 301.051385, 59.043433
12384.078, 300.731973, 58.754227
57382.221, 300.734224, 58.760708
20985.857, 301.031498, 59.025453
44349.595, 300.765786, 58.789611
15458.500, 300.792364, 58.811974
28299.725, 300.961125, 58.965757
5211.583, 300.866474, 58.879374
8877.192, 300.919248, 58.927212
5651.497, 300.947355, 58.952355
13634.099, 300.718567, 58.746743
8392.980, 300.754850, 58.779126
3256.992, 300.762226, 58.785041
76564.534, 300.744356, 58.775913
6381.392, 300.725710, 58.754049
1972.193, 300.824661, 58.843172
1998.689, 300.796986, 58.819580
264267.391, 300.899615, 58.922693
38813.148, 301.092686, 59.089430
11895.978, 300.778053, 58.805276
4817.529, 300.868661, 58.886601
219969.138, 300.709669, 58.752001
33134.112, 300.809861, 58.837313
11504.221, 300.873814, 58.895027
3205.233, 300.854281, 58.875437
2346.673, 301.040271, 59.042599
16160.311, 300.720321, 58.756337
5588.629, 300.753311, 58.785836
55716.852, 300.774042, 58.811229
38301.943, 300.812088, 58.842736
1942.158, 300.758036, 58.790899
7913.463, 301.071733, 59.074765
8565.179, 301.077821, 59.081135
148626.137, 300.717709, 58.766636
11683.302, 300.751814, 58.788755
14820.840, 300.798866, 58.830967
18794.787, 300.695263, 58.738925
2899.931, 300.835124, 58.863645
33227.488, 300.958734, 58.979321
2042.721, 300.846065, 58.878312
4764.787, 300.901505, 58.929297
57869.745, 300.832113, 58.874003
6366.911, 300.862852, 58.896743
2387.318, 300.778287, 58.819459
2766.238, 300.821202, 58.859415
41250.236, 300.743917, 58.793688
39928.104, 300.705595, 58.760281
4376.803, 300.755419, 58.802074
2779.379, 300.823508, 58.863528
50365.718, 300.954329, 58.985654
10507.107, 301.032677, 59.052758
4401.862, 300.694141, 58.748000
11623.437, 300.843050, 58.884692
3209.494, 300.879710, 58.916212
5148.131, 300.851161, 58.892094
38800.900, 301.042138, 59.065784
25782.052, 300.796338, 58.844997
1998.520, 300.803077, 58.847932
18387.178, 300.837467, 58.881290
8361.052, 300.762133, 58.813475
4456.981, 300.788433, 58.836125
2014.412, 300.735203, 58.789116
24958.143, 300.849246, 58.896814
5240.319, 300.679597, 58.741411
66419.851, 301.017503, 59.053388
9567.860, 300.725277, 58.787655
6770.524, 300.813154, 58.866071
22984.594, 300.714969, 58.779495
6393.401, 301.051376, 59.082125
38022.131, 301.053283, 59.085962
11900.437, 300.731348, 58.794722
18232.236, 300.687603, 58.757021
9693.209, 301.043277, 59.076409
20114.129, 300.886902, 58.938565
6014.275, 300.958020, 59.000864
8372.196, 300.755627, 58.818601
3187.747, 300.823133, 58.881098
10510.161, 300.679129, 58.751709
58324.634, 300.665114, 58.743639
37241.159, 300.718671, 58.790329
21920.823, 300.760192, 58.829657
2778.071, 301.059150, 59.095502
4010.266, 300.824702, 58.886138
4384.954, 300.731191, 58.801571
52785.642, 300.830521, 58.896073
7904.495, 300.690824, 58.767314
9644.793, 300.813985, 58.879780
14311.032, 300.940134, 58.995087
1956.960, 300.803778, 58.870201
48178.262, 300.926365, 58.984946
28697.436, 301.048383, 59.093613
5215.609, 300.767221, 58.839458
10398.732, 300.790065, 58.860594
2008.791, 300.904321, 58.962513
5947.531, 300.856339, 58.920643
29161.187, 300.948346, 59.005109
1969.681, 300.702784, 58.780916
1974.842, 300.781718, 58.855559
2315.684, 300.802339, 58.875665
65154.521, 300.845447, 58.918116
13622.282, 300.885829, 58.956695
2065.634, 300.712913, 58.797042
7384.441, 300.984632, 59.043693
2408.458, 300.835518, 58.909509
2024.590, 300.673484, 58.763255
9185.847, 300.808569, 58.887194
2750.581, 300.670601, 58.761314
4057.090, 300.706673, 58.794797
8819.363, 300.970844, 59.033489
2823.050, 300.799236, 58.879640
47314.869, 300.914224, 58.987268
2035.246, 300.777539, 58.861672
38430.963, 300.958962, 59.030106
4066.704, 301.018877, 59.080317
19531.798, 300.664843, 58.763779
13880.051, 300.734100, 58.827278
40179.322, 300.970074, 59.041488
3982.151, 300.859305, 58.939927
24327.544, 300.767320, 58.859213
2379.583, 300.852472, 58.933869
34425.824, 300.708021, 58.807099
13173.796, 300.775202, 58.866252
14019.033, 301.022775, 59.089909
9919.251, 300.647673, 58.753382
65691.268, 300.719250, 58.822481
49361.161, 300.868031, 58.957499
9595.855, 300.687823, 58.788949
19463.219, 301.035582, 59.104373
46815.160, 300.674384, 58.780626
8833.536, 301.043101, 59.110510
5557.418, 300.663769, 58.769177
14136.758, 301.026102, 59.097647
1965.915, 300.731255, 58.830370
2016.464, 300.752803, 58.850977
8783.986, 300.648309, 58.758938
2810.756, 300.667475, 58.774673
4781.632, 300.685228, 58.791274
306975.918, 300.955322, 59.045079
83269.012, 300.993412, 59.075392
18058.923, 300.939617, 59.024338
10291.129, 300.695624, 58.803765
32014.927, 300.726616, 58.836771
7617.915, 300.742466, 58.848011
5999.712, 300.797907, 58.897575
65162.644, 300.872664, 58.970122
32949.797, 300.806247, 58.909178
4373.333, 300.696522, 58.807297
5206.184, 301.015576, 59.095682
55831.715, 300.708327, 58.823147
29648.072, 300.768071, 58.877062
27653.292, 300.812713, 58.916881
20470.084, 300.939900, 59.031342
17773.427, 300.660584, 58.779514
3916.256, 300.732042, 58.843361
80842.694, 300.631292, 58.757588
13723.703, 300.862841, 58.964568
40723.254, 300.896463, 58.996994
13718.352, 300.884301, 58.984073
4416.172, 300.682227, 58.800608
27196.530, 300.891654, 58.992495
2494.347, 301.031547, 59.115505
155166.343, 300.650667, 58.786165
8781.099, 300.676978, 58.798257
10802.921, 300.698410, 58.817369
4761.297, 300.746431, 58.860563
170070.651, 300.750286, 58.872194
47286.254, 300.774522, 58.890221
24215.462, 300.884168, 58.988909
5612.752, 300.687331, 58.809155
8701.748, 300.644957, 58.772465
3192.609, 300.737281, 58.855575
1997.270, 300.822279, 58.932217
53480.371, 300.674885, 58.804285
2790.795, 300.700265, 58.822847
35800.052, 300.662766, 58.793585
5148.333, 300.745649, 58.866380
2807.138, 300.701155, 58.827507
12485.936, 300.907302, 59.015422
6728.710, 300.621630, 58.756916
16267.450, 300.973902, 59.076921
18843.226, 300.829217, 58.948387
74736.927, 300.612136, 58.758603
41848.400, 300.706586, 58.841554
5243.247, 300.939861, 59.046527
5962.132, 300.755890, 58.883004
17287.343, 300.862991, 58.981362
3640.817, 300.804057, 58.927154
39755.910, 300.628222, 58.772933
57131.339, 300.879895, 59.002593
131311.583, 300.750958, 58.890833
37970.138, 300.964256, 59.078249
31438.718, 300.662661, 58.807415
23083.413, 300.713085, 58.855122
58219.744, 300.936848, 59.057952
6338.111, 300.615872, 58.763905
46477.093, 300.644386, 58.793326
2804.158, 300.914754, 59.036121
10290.692, 300.732431, 58.873186
164281.225, 300.813404, 58.954302
2441.694, 300.630597, 58.780749
65806.473, 300.828128, 58.965197
11534.199, 300.991938, 59.108963
6315.679, 300.650488, 58.801939
54369.208, 300.720901, 58.866650
29693.934, 300.885844, 59.016991
35301.700, 300.619349, 58.778689
2784.325, 300.694281, 58.841816
5546.574, 300.944903, 59.069991
87022.191, 300.673908, 58.830858
33206.871, 300.924968, 59.054767
2864.596, 300.694951, 58.845168
26210.300, 300.736969, 58.888806
3157.613, 300.725304, 58.877149
57728.618, 300.837852, 58.982714
54274.897, 300.923145, 59.060735
48918.887, 300.685665, 58.850607
23340.475, 300.593910, 58.764041
3653.871, 300.772213, 58.922647
5166.339, 300.602228, 58.768696
8417.559, 300.626766, 58.792240
5912.430, 300.718015, 58.874540
152987.547, 300.597677, 58.776691
41954.010, 300.736951, 58.896575
29068.340, 300.649000, 58.815888
5107.574, 300.722391, 58.882490
78889.694, 300.726910, 58.891839
177482.926, 300.850369, 59.005051
6788.016, 300.752037, 58.912465
3228.163, 300.836120, 58.987651
7156.527, 300.668768, 58.839777
95225.877, 300.635452, 58.812874
6428.460, 300.698515, 58.865418
15730.821, 300.838022, 58.992789
10782.696, 300.589309, 58.768496
3239.325, 300.965966, 59.107012
2431.307, 300.694044, 58.862189
9218.656, 300.776546, 58.939354
20552.980, 300.789273, 58.953205
2382.405, 300.751744, 58.918379
3606.088, 300.704021, 58.876181
52340.278, 300.607181, 58.793269
26623.185, 300.670270, 58.848870
2408.349, 300.713270, 58.884582
10503.650, 300.799254, 58.963815
11159.172, 300.649972, 58.829813
11960.696, 300.920685, 59.074121
22992.828, 300.693238, 58.873494
7640.694, 300.807084, 58.977633
19790.954, 300.653985, 58.841849
3246.942, 300.936212, 59.093715
10745.602, 300.575399, 58.770660
33876.144, 300.780008, 58.956933
6372.723, 300.614530, 58.805047
2418.533, 300.892648, 59.056410
4844.404, 300.949465, 59.108895
17289.214, 300.916116, 59.081138
31751.684, 300.726776, 58.913229
16475.708, 300.823851, 58.999581
5711.847, 300.883650, 59.052949
31862.087, 300.826072, 59.004817
11876.441, 300.697584, 58.887471
18619.077, 300.942529, 59.108789
5682.438, 300.771034, 58.953778
8075.621, 300.863249, 59.037574
26029.199, 300.714681, 58.906025
2842.564, 300.658349, 58.853665
26541.334, 300.682252, 58.878043
16079.274, 300.908624, 59.082893
3228.771, 300.648290, 58.847139
23220.947, 300.751619, 58.944389
65758.907, 300.801922, 58.993543
17066.324, 300.618367, 58.822548
61186.996, 300.888611, 59.070442
52441.439, 300.766021, 58.965075
31464.842, 300.796624, 58.986874
2836.861, 300.652354, 58.854471
4345.529, 300.863098, 59.046449
57247.928, 300.829872, 59.020906
50147.986, 300.641427, 58.851578
4092.157, 300.876219, 59.060240
9112.284, 300.676235, 58.881334
39092.274, 300.555629, 58.777487
40538.833, 300.730999, 58.934476
2858.095, 300.605502, 58.817241
3971.993, 300.629560, 58.840128
3196.192, 300.563727, 58.782295
7206.006, 300.789883, 58.988967
3623.054, 300.782752, 58.982542
23055.120, 300.614590, 58.833738
22003.853, 300.646027, 58.864578
34432.638, 300.666102, 58.881768
14332.393, 300.676860, 58.892461
5198.112, 300.834068, 59.032521
23728.321, 300.601112, 58.825105
68858.382, 300.677633, 58.901601
5616.506, 300.797461, 59.002533
21282.794, 300.650183, 58.870492
32475.883, 300.654879, 58.876182
19820.928, 300.790872, 58.999001
10035.253, 300.846777, 59.048327
50563.951, 300.880641, 59.084366
5942.886, 300.555609, 58.786814
3111.488, 300.568382, 58.798053
3142.424, 300.638650, 58.862871
33236.335, 300.818025, 59.029627
31704.279, 300.738705, 58.958912
37533.466, 300.824137, 59.036876
7092.838, 300.572970, 58.808238
4047.433, 300.774047, 58.990607
21589.167, 300.775835, 58.995291
9701.303, 300.921762, 59.125767
3209.577, 300.647584, 58.877438
5579.223, 300.652185, 58.881924
151641.772, 300.653639, 58.891588
4446.304, 300.544269, 58.784830
8004.231, 300.583568, 58.820761
5570.577, 300.589285, 58.826096
13614.177, 300.756494, 58.978470
13560.233, 300.535705, 58.779271
30698.942, 300.895327, 59.106605
5158.231, 300.629633, 58.865856
7613.089, 300.537520, 58.782634
2361.237, 300.577965, 58.819193
35005.318, 300.683207, 58.918400
3598.474, 300.546624, 58.791489
25820.411, 300.661906, 58.900249
1996.782, 300.714990, 58.945384
38367.477, 300.573078, 58.821359
49960.430, 300.737842, 58.971433
145066.588, 300.905214, 59.126587
5592.229, 300.593991, 58.840990
18710.889, 300.598197, 58.846804
44664.848, 300.615837, 58.866206
2006.243, 300.707986, 58.944094
6543.645, 300.889639, 59.110221
7376.357, 300.918110, 59.136220
14611.246, 300.850401, 59.076731
10017.269, 300.794285, 59.027185
7914.135, 300.555672, 58.810847
7917.721, 300.622645, 58.872135
367248.136, 300.628089, 58.886084
100878.970, 300.595500, 58.857097
4040.498, 300.694009, 58.937872
21470.553, 300.717935, 58.963079
7264.506, 300.536207, 58.796428
8418.379, 300.766116, 59.006040
14034.865, 300.884900, 59.113760
22749.934, 300.578851, 58.838424
14460.286, 300.582507, 58.842763
60685.062, 300.679117, 58.933860
3229.060, 300.536203, 58.799841
4025.453, 300.622450, 58.878667
3173.614, 300.675422, 58.926445
26506.659, 300.802650, 59.044516
5945.896, 300.606099, 58.865169
3559.249, 300.614617, 58.872675
3221.357, 300.599666, 58.860920
87806.211, 300.665117, 58.926633
63353.552, 300.848871, 59.092452
48833.898, 300.528000, 58.801932
10434.002, 300.803683, 59.049521
2048.914, 300.577003, 58.844507
3253.367, 300.723020, 58.977321
6439.086, 300.843961, 59.086758
3594.822, 300.514291, 58.788385
4794.385, 300.598683, 58.865609
27355.297, 300.786910, 59.043388
14510.431, 300.800699, 59.054547
10863.148, 300.818004, 59.069760
11384.287, 300.890804, 59.135501
2353.662, 300.576118, 58.850138
13821.906, 300.508434, 58.791444
7938.513, 300.544953, 58.823702
4767.658, 300.581495, 58.856439
33132.078, 300.619115, 58.896049
7939.875, 300.700582, 58.964856
1994.394, 300.738376, 58.999344
4839.836, 300.908665, 59.153458
1949.956, 300.565568, 58.843657
1991.486, 300.549044, 58.830062
19637.569, 300.841825, 59.097969
33256.824, 300.564966, 58.848271
11051.494, 300.706162, 58.975800
3621.823, 300.553195, 58.836348
29591.476, 300.622018, 58.902093
20591.283, 300.783073, 59.047238
2806.644, 300.673515, 58.946839
21404.064, 300.809924, 59.071713
7121.184, 300.536772, 58.824913
3919.046, 300.688781, 58.963385
9840.213, 300.864099, 59.122086
59910.496, 300.893106, 59.151394
24722.740, 300.570552, 58.858400
2813.516, 300.510967, 58.802796
7987.378, 300.602223, 58.888880
8369.068, 300.498388, 58.793776
13556.234, 300.641184, 58.925034
44208.359, 300.790405, 59.063157
9527.595, 300.513302, 58.808755
20969.639, 300.542451, 58.836866
25734.149, 300.664413, 58.949991
16832.984, 300.871623, 59.134780
19232.056, 300.659344, 58.944733
26541.009, 300.740656, 59.018510
6814.613, 300.502443, 58.803277
3544.361, 300.527250, 58.825057
4787.192, 300.650046, 58.938182
21789.169, 300.891635, 59.159183
2342.235, 300.554668, 58.852186
14410.823, 300.674652, 58.963721
84539.008, 300.579522, 58.881264
23061.541, 300.827790, 59.103981
7881.732, 300.854239, 59.126663
22354.047, 300.574262, 58.874869
9968.006, 300.592821, 58.889763
14230.445, 300.812699, 59.090681
3599.729, 300.493468, 58.800896
2391.169, 300.516076, 58.820928
5182.951, 300.558555, 58.861220
12088.806, 300.745493, 59.032828
72083.227, 300.492010, 58.806969
29626.974, 300.656252, 58.954586
33783.382, 300.777174, 59.064120
11630.729, 300.874480, 59.151694
33522.061, 300.539236, 58.849422
11715.686, 300.692576, 58.986982
3980.678, 300.713957, 59.005641
13647.815, 300.725787, 59.017094
7571.416, 300.510682, 58.823076
15576.985, 300.613803, 58.918403
3667.986, 300.695834, 58.991593
35131.252, 300.662842, 58.967014
52085.650, 300.816352, 59.104757
2415.998, 300.503983, 58.819844
27773.156, 300.635070, 58.941534
307955.395, 300.703084, 59.009813
17351.128, 300.742398, 59.038654
32642.044, 300.712505, 59.017548
16462.103, 300.771868, 59.067965
4012.085, 300.693291, 58.996439
11195.778, 300.552593, 58.869805
14764.895, 300.559420, 58.878240
8351.846, 300.494636, 58.819122
2001.612, 300.501321, 58.823504
4786.819, 300.695718, 59.001951
16784.320, 300.717252, 59.022479
2412.569, 300.859729, 59.148673
2778.390, 300.828305, 59.121361
7589.203, 300.478856, 58.805842
5159.662, 300.631747, 58.945681
16905.779, 300.662220, 58.976865
6162.542, 300.845961, 59.139595
2433.660, 300.472468, 58.803465
6021.506, 300.525737, 58.852823
5247.366, 300.532992, 58.859589
48008.568, 300.558157, 58.885595
18407.248, 300.583113, 58.906910
41215.144, 300.613384, 58.936320
34688.930, 300.782830, 59.088881
79826.694, 300.489034, 58.826195
9200.876, 300.651604, 58.969769
9589.364, 300.750732, 59.059384
4032.052, 300.804133, 59.107281
1965.074, 300.631237, 58.951275
11937.772, 300.503935, 58.836273
7304.013, 300.539394, 58.868831
17579.234, 300.827854, 59.132044
17196.914, 300.659366, 58.981611
34925.102, 300.739951, 59.054882
21240.028, 300.752540, 59.066727
40366.795, 300.718151, 59.038807
11323.591, 300.514592, 58.850967
9500.229, 300.638774, 58.963473
52106.277, 300.622429, 58.953457
9268.766, 300.725075, 59.042682
34100.295, 300.765565, 59.081661
13166.719, 300.469335, 58.811512
21566.855, 300.558127, 58.895004
34250.482, 300.812902, 59.124923
3239.951, 300.596023, 58.927384
35570.626, 300.637290, 58.968225
4395.318, 300.574315, 58.909852
13175.590, 300.846995, 59.158036
12001.758, 300.535713, 58.877576
3611.634, 300.477815, 58.823602
11209.998, 300.485117, 58.831722
2767.516, 300.776929, 59.097296
16996.984, 300.533539, 58.881551
4839.148, 300.570664, 58.913712
4393.709, 300.558348, 58.904098
36795.400, 300.594785, 58.940318
2419.433, 300.705298, 59.038074
3532.403, 300.748342, 59.076644
19296.766, 300.810974, 59.134846
3148.604, 300.517718, 58.867881
29855.415, 300.617781, 58.963350
51590.207, 300.708658, 59.047058
3944.218, 300.482684, 58.839063
36142.486, 300.639357, 58.984634
2800.189, 300.529595, 58.884823
40700.066, 300.734527, 59.074481
9226.851, 300.458718, 58.822039
29369.212, 300.654983, 59.003816
2801.854, 300.775107, 59.109320
52222.126, 300.446608, 58.816277
17654.739, 300.467443, 58.831906
5619.815, 300.583642, 58.937359
7279.150, 300.463325, 58.828069
21912.954, 300.672665, 59.021957
3608.940, 300.471836, 58.838334
14745.130, 300.499681, 58.864314
14162.808, 300.711696, 59.058596
17484.970, 300.514388, 58.880742
90770.367, 300.767717, 59.115294
34694.701, 300.528247, 58.897820
43525.854, 300.688117, 59.042282
12868.100, 300.714572, 59.064169
5613.033, 300.500337, 58.869805
12079.985, 300.585379, 58.948334
16887.206, 300.664183, 59.020554
8734.159, 300.702561, 59.054448
2049.004, 300.759334, 59.104452
27132.644, 300.807061, 59.150627
13689.680, 300.654487, 59.013081
15591.820, 300.547740, 58.916948
1995.884, 300.793040, 59.137455
1986.281, 300.557562, 58.926000
5195.892, 300.623763, 58.986782
5982.088, 300.468176, 58.848987
11290.571, 300.711017, 59.071171
45104.053, 300.734859, 59.095052
2006.302, 300.461657, 58.843295
4772.368, 300.505156, 58.884840
3243.108, 300.592474, 58.964320
47220.134, 300.776324, 59.133646
3577.943, 300.799673, 59.152431
28271.156, 300.818220, 59.171686
3608.903, 300.424484, 58.812415
44478.685, 300.478716, 58.866399
2756.698, 300.522891, 58.904019
2434.274, 300.720726, 59.083119
38115.992, 300.749980, 59.113066
10831.444, 300.593239, 58.969649
5910.071, 300.446050, 58.835531
35216.800, 300.507055, 58.894488
24812.394, 300.464917, 58.855335
10789.025, 300.571484, 58.951934
7614.480, 300.543617, 58.927273
32655.799, 300.605783, 58.985501
72833.578, 300.631891, 59.013024
2802.887, 300.734378, 59.099224
14833.181, 300.429700, 58.823781
13270.528, 300.621626, 59.000294
42834.618, 300.563548, 58.949289
3278.106, 300.484955, 58.874878
15531.923, 300.581956, 58.967740
14597.810, 300.816510, 59.178500
4758.277, 300.469970, 58.864496
35438.205, 300.488928, 58.885473
7204.383, 300.432012, 58.831311
7223.578, 300.556593, 58.945264
6691.387, 300.428130, 58.828344
26610.229, 300.456985, 58.859347
12389.485, 300.540433, 58.934015
3225.954, 300.671008, 59.050255
21211.451, 300.495797, 58.893788
2003.338, 300.576620, 58.965321
25974.283, 300.712015, 59.091126
2760.779, 300.602925, 58.991359
9612.016, 300.740596, 59.116916
12719.704, 300.412705, 58.819891
4322.350, 300.444469, 58.847549
20385.711, 300.447412, 58.851654
4440.921, 300.796815, 59.168041
52355.077, 300.615815, 59.007858
1954.842, 300.558097, 58.952486
62781.300, 300.643525, 59.034937
63438.899, 300.721882, 59.106733
3194.450, 300.498257, 58.899448
9190.327, 300.567962, 58.963484
2005.612, 300.629551, 59.019700
8373.941, 300.501816, 58.905470
12306.562, 300.463207, 58.871091
8485.278, 300.804166, 59.181264
65676.631, 300.520730, 58.928514
4838.371, 300.745919, 59.128125
3145.350, 300.509292, 58.914594
336799.238, 300.580006, 58.990629
5500.910, 300.727504, 59.113799
109142.055, 300.458442, 58.875517
7992.465, 300.752820, 59.139089
2363.074, 300.425907, 58.840969
6953.985, 300.398548, 58.818843
26956.573, 300.764282, 59.153241
16079.751, 300.784524, 59.171763
30052.507, 300.695390, 59.092111
55250.847, 300.640196, 59.045017
21622.635, 300.649224, 59.052281
21677.977, 300.415635, 58.841106
7579.049, 300.470349, 58.888312
28486.309, 300.477229, 58.896857
4356.296, 300.767277, 59.160620
24224.210, 300.515513, 58.935419
2445.709, 300.606191, 59.015564
17788.885, 300.543890, 58.961154
7245.588, 300.739251, 59.137253
4447.895, 300.785865, 59.179943
29032.438, 300.445888, 58.874053
21379.376, 300.389695, 58.824886
11456.709, 300.725972, 59.129885
68501.822, 300.679790, 59.097479
80860.350, 300.734213, 59.143579
8409.668, 300.402904, 58.837206
8704.558, 300.465156, 58.894307
12012.058, 300.478954, 58.907322
28700.238, 300.697422, 59.107849
10331.598, 300.502966, 58.930240
4340.675, 300.547165, 58.969332
2756.706, 300.553834, 58.975111
53709.520, 300.577646, 59.000896
2017.021, 300.431376, 58.864616
3594.800, 300.509527, 58.937495
5524.240, 300.563216, 58.987485
2416.717, 300.655487, 59.070841
2727.820, 300.708807, 59.121307
5322.537, 300.774639, 59.181692
7949.993, 300.472807, 58.910013
6336.361, 300.495552, 58.930716
4714.741, 300.393621, 58.837972
5183.723, 300.420571, 58.863187
3652.283, 300.550800, 58.983782
27523.178, 300.637225, 59.064720
83158.098, 300.596053, 59.031402
1992.993, 300.608621, 59.037749
30114.403, 300.652577, 59.080130
6323.415, 300.435020, 58.880998
74658.355, 300.563445, 59.002847
15583.806, 300.590507, 59.023351
39240.948, 300.628091, 59.058492
9259.964, 300.669183, 59.094158
6472.223, 300.661875, 59.088549
55828.148, 300.724907, 59.148067
15219.985, 300.437103, 58.886344
3189.213, 300.453056, 58.899499
36082.847, 300.395667, 58.850044
5899.944, 300.417582, 58.868377
2388.124, 300.426974, 58.876816
4060.335, 300.454206, 58.902556
4053.552, 300.603157, 59.038100
11255.414, 300.707879, 59.133455
7543.287, 300.377670, 58.833323
5130.238, 300.498783, 58.944304
20432.665, 300.615175, 59.051783
3996.004, 300.382026, 58.837794
3965.150, 300.402583, 58.856114
3590.327, 300.461708, 58.911975
1982.916, 300.411095, 58.866806
54867.893, 300.524414, 58.975935
31232.842, 300.652908, 59.091204
2446.426, 300.366636, 58.828515
18505.374, 300.712076, 59.146769
36843.669, 300.478310, 58.934994
6402.453, 300.511337, 58.966017
5249.615, 300.471269, 58.930075
5600.246, 300.727114, 59.162007
7600.394, 300.460116, 58.921750
18866.754, 300.491771, 58.950783
3603.372, 300.527034, 58.980797
4005.318, 300.673798, 59.114502
11136.583, 300.600034, 59.050265
16430.746, 300.731492, 59.169275
3227.791, 300.482103, 58.942373
6479.387, 300.616575, 59.065899
82293.911, 300.417197, 58.889222
32665.548, 300.452231, 58.918556
5142.231, 300.579553, 59.033843
8428.628, 300.651299, 59.098197
26806.862, 300.672573, 59.119447
31783.818, 300.517147, 58.980306
48530.368, 300.709834, 59.155168
8033.255, 300.396117, 58.867818
18461.759, 300.483126, 58.949216
31949.440, 300.358349, 58.836475
20290.446, 300.616058, 59.074630
10053.536, 300.388645, 58.863480
47914.911, 300.399749, 58.876538
6033.360, 300.608358, 59.065468
4332.717, 300.371076, 58.850633
25745.097, 300.456578, 58.931315
2765.443, 300.406533, 58.883479
12764.325, 300.360788, 58.843883
273008.942, 300.433228, 58.921771
4386.888, 300.508515, 58.978549
3249.265, 300.620051, 59.080644
12163.865, 300.662871, 59.120728
25527.777, 300.683211, 59.138971
53464.364, 300.641581, 59.105732
12473.110, 300.454952, 58.935537
17230.110, 300.371224, 58.860774
18988.241, 300.376744, 58.867227
8736.452, 300.424645, 58.909113
13109.941, 300.502289, 58.979125
29734.867, 300.698378, 59.159159
5628.008, 300.618748, 59.086539
19069.862, 300.716248, 59.176752
35956.508, 300.474536, 58.960340
4337.623, 300.342827, 58.837963
8528.571, 300.683520, 59.149071
12697.145, 300.483651, 58.969751
11163.234, 300.361299, 58.858056
1958.597, 300.384385, 58.877714
3557.871, 300.345409, 58.844116
4410.799, 300.445659, 58.936295
8804.650, 300.408465, 58.903371
2450.116, 300.434535, 58.926113
13412.380, 300.351688, 58.852879
10026.295, 300.598453, 59.078595
2355.717, 300.345200, 58.846425
13613.793, 300.400450, 58.899480
62717.693, 300.351387, 58.866161
28870.652, 300.330778, 58.839610
26258.015, 300.335142, 58.843263
2416.099, 300.377161, 58.879380
67529.381, 300.402717, 58.912104
4788.702, 300.446919, 58.943536
62497.232, 300.487132, 58.988001
4423.876, 300.382239, 58.885139
2805.635, 300.454560, 58.950628
9202.305, 300.646878, 59.127293
14174.775, 300.581421, 59.069261
11209.831, 300.610949, 59.096697
42448.719, 300.677972, 59.158201
5246.824, 300.505856, 59.000582
63055.674, 300.524770, 59.021704
105469.168, 300.627557, 59.118878
8440.876, 300.636601, 59.119784
36939.137, 300.346897, 58.859494
91850.021, 300.385970, 58.897325
7570.649, 300.697038, 59.175715
13496.075, 300.593411, 59.083490
13149.561, 300.456752, 58.959317
68995.972, 300.511690, 59.013530
6753.525, 300.343043, 58.856008
4004.388, 300.499333, 58.999581
45575.688, 300.504399, 59.007816
22420.818, 300.367863, 58.882056
4715.518, 300.643597, 59.131707
9747.653, 300.725126, 59.206519
66320.673, 300.540921, 59.044937
38713.661, 300.328262, 58.849501
12472.242, 300.555061, 59.056776
4778.887, 300.359829, 58.877428
8358.074, 300.388953, 58.904682
4772.094, 300.488812, 58.995237
5620.797, 300.536259, 59.038539
73482.522, 300.346854, 58.873699
3218.371, 300.458386, 58.968479
2412.020, 300.688244, 59.177141
30873.443, 300.392292, 58.911831
26000.850, 300.678287, 59.171634
5645.237, 300.374693, 58.895359
6039.987, 300.571702, 59.076676
13099.890, 300.693290, 59.187414
9026.857, 300.640184, 59.139500
24269.549, 300.661804, 59.160178
6785.221, 300.707061, 59.200832
7170.535, 300.359906, 58.885537
21612.964, 300.373549, 58.899381
36614.587, 300.415129, 58.938908
8483.192, 300.715630, 59.209557
7663.508, 300.579911, 59.088575
26116.099, 300.669594, 59.171508
6094.371, 300.679324, 59.178130
2395.917, 300.388049, 58.914829
12355.620, 300.494337, 59.013949
24310.852, 300.609406, 59.119973
4434.721, 300.662341, 59.165498
23934.236, 300.401324, 58.931949
29530.692, 300.504977, 59.026549
37991.094, 300.580513, 59.096797
7906.278, 300.379009, 58.910854
32864.197, 300.414446, 58.945139
19019.267, 300.587860, 59.102346
23283.510, 300.317564, 58.856557
1980.778, 300.549240, 59.067351
2064.257, 300.326990, 58.864087
3201.700, 300.321826, 58.861748
73369.490, 300.357274, 58.899054
11180.131, 300.457525, 58.987663
12424.853, 300.606751, 59.124025
15827.343, 300.680102, 59.190889
1987.842, 300.448992, 58.979847
23413.311, 300.471085, 59.002208
4028.212, 300.492573, 59.020239
3564.787, 300.522751, 59.047594
106124.756, 300.324784, 58.872286
8031.201, 300.598798, 59.117851
13266.126, 300.347532, 58.890400
15721.610, 300.635534, 59.152975
8595.130, 300.531185, 59.058754
7544.943, 300.303229, 58.851544
2360.046, 300.510240, 59.038875
7532.348, 300.312515, 58.860010
3188.748, 300.337391, 58.881702
2016.516, 300.456743, 58.991829
8724.027, 300.498104, 59.030541
3184.871, 300.438325, 58.976161
22409.478, 300.500461, 59.036339
20145.523, 300.574247, 59.101807
6401.828, 300.618481, 59.140931
4787.989, 300.628999, 59.150725
6379.337, 300.337034, 58.885678
5550.648, 300.431101, 58.972038
9607.040, 300.642405, 59.164421
3179.684, 300.386579, 58.931824
17565.167, 300.437659, 58.980776
16271.435, 300.469971, 59.009351
4443.729, 300.358209, 58.906616
5640.564, 300.390008, 58.935708
15645.909, 300.563768, 59.097071
25795.954, 300.634207, 59.160218
4032.773, 300.662411, 59.184594
4062.285, 300.326162, 58.878707
22339.988, 300.528987, 59.066359
12256.055, 300.311269, 58.866698
55735.407, 300.322689, 58.882706
21036.935, 300.441974, 58.989845
15691.093, 300.566622, 59.102985
54149.458, 300.611248, 59.145041
395415.888, 300.305531, 58.874851
2009.339, 300.461199, 59.006750
21071.705, 300.535961, 59.078129
6420.195, 300.589864, 59.125191
2006.844, 300.338621, 58.895864
22752.839, 300.600613, 59.136994
2817.024, 300.289773, 58.851499
5544.947, 300.307721, 58.868204
7238.349, 300.436210, 58.987045
52852.611, 300.537358, 59.083871
58284.614, 300.293214, 58.859655
3634.647, 300.367338, 58.924358
39816.992, 300.429848, 58.984430
12542.828, 300.664864, 59.196072
8861.953, 300.675624, 59.205046
3299.842, 300.526863, 59.070378
4476.459, 300.452691, 59.004009
20110.186, 300.582319, 59.123924
9119.875, 300.323910, 58.888398
23199.998, 300.512011, 59.062070
4868.790, 300.464070, 59.016501
2395.078, 300.454059, 59.007798
2451.733, 300.497328, 59.047396
85106.403, 300.365130, 58.936689
60906.366, 300.661135, 59.202508
46269.373, 300.558219, 59.109204
3161.510, 300.317946, 58.887165
5229.779, 300.553909, 59.103118
12244.356, 300.613580, 59.157652
8884.348, 300.386657, 58.952439
4862.001, 300.434404, 58.995254
25138.663, 300.326692, 58.899897
4334.439, 300.504373, 59.060147
75260.949, 300.537619, 59.094809
1998.361, 300.481342, 59.039334
3189.827, 300.409189, 58.974177
1941.343, 300.427518, 58.990851
2408.968, 300.416875, 58.983212
16321.262, 300.359291, 58.932553
2403.929, 300.279133, 58.857980
12861.926, 300.340145, 58.916122
18528.379, 300.397689, 58.968538
10010.100, 300.497826, 59.060857
15693.202, 300.451875, 59.020020
7661.503, 300.635571, 59.185415
2414.385, 300.474292, 59.039370
7753.862, 300.573401, 59.131272
30581.312, 300.609867, 59.166153
2405.943, 300.662691, 59.211177
5175.413, 300.378461, 58.954514
14401.107, 300.411413, 58.985716
10630.341, 300.458968, 59.028469
20605.403, 300.475165, 59.043884
103523.574, 300.322407, 58.909037
4785.506, 300.432609, 59.004478
85110.086, 300.435752, 59.014211
9122.556, 300.332097, 58.913333
125963.209, 300.532335, 59.107638
3202.705, 300.385524, 58.962452
10885.180, 300.633560, 59.189204
22290.226, 300.283030, 58.871375
7910.064, 300.299877, 58.886762
19062.202, 300.312591, 58.898468
5174.404, 300.363648, 58.943771
16062.741, 300.477859, 59.050011
8786.028, 300.367932, 58.949133
22186.962, 300.424424, 59.002964
8850.712, 300.493035, 59.064219
19474.123, 300.527674, 59.096511
8409.476, 300.404559, 58.984232
20262.860, 300.545218, 59.113759
8807.501, 300.658817, 59.215848
2838.522, 300.654644, 59.211505
7119.090, 300.288347, 58.879196
5713.962, 300.575452, 59.144641
4426.667, 300.599539, 59.164810
8504.818, 300.609962, 59.175873
3145.261, 300.305310, 58.898038
3244.202, 300.478992, 59.057437
28548.276, 300.591425, 59.162766
5537.169, 300.268986, 58.866530
35443.443, 300.633189, 59.201455
9685.070, 300.467951, 59.049937
12068.783, 300.577698, 59.150387
11183.942, 300.321130, 58.916134
30628.483, 300.433848, 59.023577
32991.569, 300.309424, 58.909918
2809.208, 300.352504, 58.946074
3244.281, 300.457703, 59.042252
9185.803, 300.598614, 59.171680
30452.976, 300.403256, 58.998234
2472.837, 300.534213, 59.113047
6441.185, 300.654800, 59.223965
6392.680, 300.446915, 59.037208
20219.118, 300.553189, 59.135624
20789.083, 300.279134, 58.885013
35146.585, 300.291298, 58.896506
17602.322, 300.336177, 58.938449
21882.965, 300.648133, 59.222993
2009.063, 300.505762, 59.091326
16620.299, 300.256833, 58.866656
2840.592, 300.283835, 58.889410
3233.437, 300.471994, 59.062380
23222.414, 300.340440, 58.944924
6863.953, 300.318175, 58.923702
8827.063, 300.419741, 59.016472
2853.357, 300.502026, 59.091856
34256.848, 300.506126, 59.098293
75774.260, 300.611833, 59.196336
2029.118, 300.252787, 58.863972
4379.200, 300.296780, 58.905274
2034.428, 300.365421, 58.967862
9620.049, 300.525901, 59.116643
39234.981, 300.574763, 59.162040
7970.504, 300.392784, 58.995106
8830.616, 300.422226, 59.021749
6864.229, 300.263597, 58.876526
2803.018, 300.309232, 58.917910
7193.207, 300.429900, 59.031151
11610.388, 300.554801, 59.144603
27972.180, 300.592333, 59.180699
21486.695, 300.252088, 58.871714
14732.777, 300.294185, 58.910415
28647.302, 300.297887, 58.913320
20496.558, 300.436103, 59.040918
3775.830, 300.447729, 59.049224
3598.642, 300.271805, 58.888421
2385.080, 300.378160, 58.986334
4327.908, 300.535090, 59.129343
11979.864, 300.242820, 58.865056
24215.056, 300.574022, 59.168143
4804.319, 300.509837, 59.108673
18095.093, 300.527647, 59.126438
7168.141, 300.262083, 58.882507
8906.960, 300.441710, 59.048122
4381.685, 300.273258, 58.893861
14352.942, 300.339490, 58.955991
17982.250, 300.536382, 59.135468
3286.904, 300.581162, 59.174634
9157.312, 300.265540, 58.888884
2761.999, 300.361991, 58.975993
6820.100, 300.299872, 58.919693
33611.965, 300.317598, 58.940250
266378.133, 300.479066, 59.097952
28098.367, 300.493487, 59.099445
8719.854, 300.599889, 59.194138
149318.926, 300.357683, 58.981551
6760.042, 300.253165, 58.878906
11955.271, 300.311413, 58.934142
31556.920, 300.417816, 59.031970
2822.140, 300.466957, 59.075143
9141.704, 300.581082, 59.180172
26164.681, 300.445341, 59.058739
25058.298, 300.321549, 58.949486
19648.400, 300.410439, 59.026917
3233.367, 300.505695, 59.112189
6361.227, 300.585625, 59.186252
55374.149, 300.335268, 58.962159
26375.611, 300.399407, 59.019575
6351.873, 300.348273, 58.971640
2782.533, 300.332484, 58.957993
13536.309, 300.422575, 59.042277
6332.425, 300.246495, 58.880574
2398.113, 300.367891, 58.991767
1935.145, 300.540176, 59.148650
47917.315, 300.269803, 58.904093
14712.838, 300.299525, 58.932408
3951.859, 300.427147, 59.047702
15199.042, 300.488735, 59.105374
2711.749, 300.233978, 58.871198
4335.192, 300.279433, 58.913343
50537.689, 300.320837, 58.956683
32751.105, 300.278608, 58.917912
5591.288, 300.309266, 58.943863
221718.684, 300.327348, 58.973504
5203.955, 300.359879, 58.990254
10395.841, 300.401020, 59.028278
35339.734, 300.605119, 59.217030
3578.182, 300.267366, 58.907656
2001.038, 300.292219, 58.929113
2015.805, 300.377249, 59.007229
4411.176, 300.230211, 58.873906
4820.214, 300.304879, 58.943225
4808.599, 300.351221, 58.986675
5950.306, 300.379042, 59.012656
15954.513, 300.419346, 59.051758
21455.713, 300.574632, 59.191776
4435.434, 300.280972, 58.923401
40215.860, 300.363256, 59.005491
2401.781, 300.306393, 58.947717
3231.976, 300.352742, 58.991130
2470.172, 300.461895, 59.090829
12667.551, 300.219829, 58.871784
29328.388, 300.566574, 59.189617
6030.255, 300.307583, 58.951985
2382.249, 300.388494, 59.026634
26879.912, 300.590681, 59.213262
2806.069, 300.291411, 58.937687
64286.785, 300.341209, 58.990801
7719.924, 300.423402, 59.060640
21770.138, 300.595833, 59.219184
13118.354, 300.541521, 59.170599
3180.596, 300.348424, 58.994165
5635.889, 300.244854, 58.899805
4737.315, 300.404291, 59.046304
16286.869, 300.429064, 59.069872
2438.295, 300.493726, 59.127409
16889.011, 300.614582, 59.239668
41587.094, 300.393136, 59.039375
6761.935, 300.235011, 58.892942
4803.367, 300.259103, 58.915232
10780.147, 300.262459, 58.919591
12754.314, 300.302581, 58.956155
2025.425, 300.432314, 59.072819
1999.100, 300.443653, 59.083655
12022.494, 300.485206, 59.123564
3594.430, 300.537547, 59.168896
58634.819, 300.602369, 59.231836
8904.238, 300.379777, 59.026449
36710.771, 300.456189, 59.099565
7949.762, 300.218711, 58.880257
76332.859, 300.223009, 58.890842
6499.769, 300.411768, 59.057112
2773.661, 300.548668, 59.180880
3590.785, 300.568371, 59.199229
117517.531, 300.290422, 58.952618
4326.821, 300.444101, 59.086374
45411.164, 300.591509, 59.223774
6813.432, 300.285291, 58.942159
2027.876, 300.308979, 58.963418
8840.537, 300.363178, 59.014328
136797.322, 300.481751, 59.131246
2765.960, 300.506124, 59.145199
5162.416, 300.331569, 58.987076
6860.787, 300.464076, 59.107548
6343.641, 300.248734, 58.911311
41169.651, 300.368824, 59.023296
20560.647, 300.525627, 59.166523
1993.564, 300.560592, 59.195838
17563.970, 300.274543, 58.937492
16669.095, 300.377176, 59.032154
2879.621, 300.430306, 59.080650
7928.261, 300.230644, 58.899454
3249.537, 300.254025, 58.919650
2850.693, 300.260474, 58.925684
2864.559, 300.264726, 58.929982
13553.046, 300.317363, 58.982050
4423.341, 300.346521, 59.007552
11940.521, 300.395768, 59.053556
8807.061, 300.566905, 59.209050
3619.994, 300.599818, 59.238631
17406.947, 300.570348, 59.213562
17745.909, 300.207418, 58.882884
12541.408, 300.301530, 58.968749
14047.869, 300.387634, 59.047926
2826.934, 300.418257, 59.074741
3259.472, 300.469597, 59.121983
3171.368, 300.531283, 59.177461
9705.927, 300.550594, 59.195912
21361.070, 300.580572, 59.223800
2762.877, 300.236510, 58.908947
2813.604, 300.223343, 58.897394
15506.817, 300.374616, 59.037466
2032.700, 300.591192, 59.233972
