# Source Fluxes and Coordinates
# Flux (e-/s), RA (deg), Dec (deg)
19372.681, 301.054966, 58.807969
25491.458, 301.089821, 58.838861
4835.552, 300.917802, 58.683298
14689.193, 301.032579, 58.788497
2912.721, 301.141193, 58.884067
3636.264, 300.997217, 58.756124
1989.050, 301.028902, 58.784127
2471.962, 301.098806, 58.847368
11031.759, 301.117448, 58.865920
52581.559, 301.056487, 58.817669
2471.554, 301.131702, 58.878130
2869.537, 300.934176, 58.701045
4501.213, 301.065957, 58.821245
9220.768, 300.964946, 58.732444
6898.600, 301.304034, 59.035129
37328.308, 301.177669, 58.926004
29592.210, 301.086836, 58.849198
4444.383, 300.986781, 58.754907
4092.150, 300.994383, 58.763146
9337.408, 300.990449, 58.761209
47827.682, 300.959064, 58.737445
47103.365, 300.973909, 58.749021
8532.269, 301.271167, 59.014700
29138.002, 301.099893, 58.864302
76743.677, 301.292289, 59.039138
4405.008, 300.907152, 58.690441
13906.896, 301.009341, 58.785690
3652.219, 300.934488, 58.717549
16082.047, 301.068255, 58.839909
6402.401, 300.907641, 58.695136
23372.943, 301.058664, 58.835748
50427.411, 300.974373, 58.761066
35980.539, 301.181678, 58.947939
8465.440, 300.919573, 58.710980
11005.934, 300.964489, 58.752011
33128.610, 301.012205, 58.797864
25888.039, 301.002669, 58.788133
8106.011, 301.207099, 58.970525
2473.519, 300.911092, 58.705033
5293.460, 300.897788, 58.694318
48758.453, 300.978854, 58.774193
20054.638, 301.111433, 58.889237
32250.763, 301.134975, 58.911847
67282.959, 300.930211, 58.731280
101762.882, 301.202213, 58.976301
2839.433, 301.125981, 58.906341
11302.383, 300.894462, 58.700476
55794.780, 301.167281, 58.949513
34357.326, 301.210243, 58.987074
45290.908, 301.253471, 59.025897
14236.450, 301.057177, 58.849651
22732.179, 301.135404, 58.920760
2827.688, 300.930550, 58.736469
16292.092, 300.982881, 58.786288
5265.627, 301.008680, 58.808069
6048.660, 300.963950, 58.769161
66940.703, 301.170827, 58.959149
2856.345, 300.889100, 58.700896
7209.277, 300.942851, 58.751491
6120.044, 301.120927, 58.912282
8850.277, 300.937895, 58.749389
35329.305, 301.012122, 58.819540
26978.821, 301.064663, 58.865289
73473.202, 301.261028, 59.042184
2864.569, 300.920820, 58.733270
2446.670, 300.944467, 58.754508
2803.042, 300.991458, 58.797417
10092.517, 300.954940, 58.766889
207316.168, 300.899289, 58.725626
54736.064, 301.152919, 58.947890
27361.839, 300.875232, 58.697496
9720.345, 300.890907, 58.710210
4871.769, 301.097168, 58.896632
19738.035, 301.108554, 58.910408
31872.582, 300.963477, 58.782647
6520.449, 300.893140, 58.715237
15021.810, 300.940739, 58.760151
24305.199, 301.088626, 58.894643
12656.589, 301.246943, 59.036373
12976.555, 300.911313, 58.736803
3286.759, 301.026445, 58.839399
6267.429, 301.275447, 59.063161
4896.447, 300.972261, 58.796791
100198.853, 300.868151, 58.712277
51233.501, 301.110109, 58.926818
9767.355, 300.944449, 58.774838
8551.604, 300.985247, 58.811853
5658.556, 301.012420, 58.835800
2870.864, 300.989454, 58.815884
2033.872, 300.958236, 58.788446
9840.705, 300.921727, 58.757483
107732.428, 301.068505, 58.896644
35857.163, 301.045485, 58.873124
64680.905, 300.876405, 58.724527
21555.979, 300.939987, 58.780211
50493.134, 300.905352, 58.752255
5224.625, 300.998673, 58.833456
55049.306, 301.104988, 58.933979
83866.043, 300.895280, 58.745950
54610.609, 300.943234, 58.787795
2813.800, 300.870943, 58.719212
11336.153, 300.973986, 58.814485
8097.201, 300.884009, 58.733545
3658.987, 300.924928, 58.770407
20982.440, 301.113014, 58.940903
4486.000, 301.069348, 58.902103
67832.380, 301.167678, 58.994643
34373.076, 300.995525, 58.840436
14699.354, 300.882891, 58.740368
7736.944, 301.046520, 58.887406
63638.089, 301.015652, 58.864878
26000.890, 301.075491, 58.917131
26207.891, 300.874512, 58.738935
19360.405, 301.106354, 58.947938
5737.354, 301.131490, 58.968619
13791.869, 300.878790, 58.743468
4446.766, 300.931906, 58.790237
3298.969, 300.988405, 58.840683
19899.018, 301.035600, 58.885763
4901.893, 300.868166, 58.734566
102705.390, 300.884589, 58.756186
143192.196, 301.137723, 58.982243
8423.237, 300.899004, 58.763386
3229.746, 300.919457, 58.783414
17375.404, 301.239468, 59.072434
4040.728, 300.862856, 58.732986
360207.112, 300.859475, 58.741318
6421.124, 300.912870, 58.779441
47912.782, 300.969776, 58.835199
2476.430, 300.976359, 58.837099
4489.494, 300.862224, 58.735289
2035.742, 300.877117, 58.749301
130576.114, 301.026975, 58.890850
2850.813, 301.126076, 58.973351
15480.972, 301.067224, 58.923621
2884.222, 300.936617, 58.804936
19407.555, 301.188946, 59.032695
11021.035, 300.898399, 58.775603
19251.448, 300.950145, 58.823553
33825.175, 300.955287, 58.828525
66524.665, 300.999230, 58.871498
4104.431, 300.888582, 58.768305
13337.981, 300.843232, 58.728090
13255.485, 301.012985, 58.882638
14941.868, 301.061470, 58.927153
12903.517, 300.889571, 58.772659
18627.462, 301.141279, 58.998574
5359.177, 301.222158, 59.069441
8980.659, 301.063318, 58.931576
1269254.993, 300.811999, 58.724525
24442.068, 300.959521, 58.840130
1996.619, 300.911576, 58.796063
25184.979, 300.952514, 58.837336
5331.747, 301.165888, 59.025502
4083.831, 300.915351, 58.805520
5304.217, 300.884952, 58.779148
56722.898, 301.202721, 59.068823
4457.823, 300.839680, 58.738484
24233.883, 300.842060, 58.746631
3669.724, 300.952672, 58.840834
3258.818, 301.003510, 58.887182
114208.992, 300.863021, 58.766666
33049.045, 301.066014, 58.947429
4109.241, 300.915095, 58.810153
12941.958, 300.888878, 58.789825
139171.682, 301.023078, 58.914337
13645.133, 301.106204, 58.984639
8164.497, 300.922966, 58.819905
2870.237, 301.172532, 59.043075
7261.036, 300.874020, 58.776966
22111.282, 300.826544, 58.736999
31218.620, 301.112061, 58.995295
10456.717, 300.968350, 58.866808
3645.269, 300.948361, 58.847074
13640.496, 300.982010, 58.880410
32864.356, 301.005298, 58.901737
9733.857, 300.846606, 58.758566
3275.371, 301.146267, 59.027458
112007.498, 301.132173, 59.022077
41925.958, 301.046754, 58.943068
3255.553, 301.025555, 58.921697
58945.886, 300.982932, 58.889145
9753.321, 300.814967, 58.736067
50757.363, 300.916537, 58.830674
51254.889, 301.119752, 59.013009
13431.570, 300.925104, 58.836303
2858.266, 300.946610, 58.854444
5772.492, 300.960405, 58.867375
12542.490, 300.961887, 58.871478
18684.992, 300.817903, 58.740790
20019.453, 300.988866, 58.895757
614337.485, 300.820935, 58.765685
2410.116, 300.821662, 58.745817
6164.146, 300.926019, 58.843666
94567.775, 300.935032, 58.858531
5666.300, 301.015522, 58.925151
12573.466, 300.812039, 58.743892
11736.006, 300.907262, 58.830103
23916.171, 301.141891, 59.043616
4465.089, 300.851764, 58.781938
30463.662, 301.101156, 59.008559
16655.774, 300.975971, 58.896552
7757.746, 301.025673, 58.940211
107788.071, 300.837431, 58.779222
2020.005, 300.909083, 58.835669
18290.637, 301.074586, 58.986578
25125.105, 300.781763, 58.724054
4814.033, 300.986949, 58.907625
8342.766, 301.175180, 59.076243
8926.870, 300.801629, 58.740785
14948.081, 300.847817, 58.786007
3638.193, 300.871540, 58.804737
4023.719, 300.888191, 58.820279
29291.974, 301.065237, 58.980636
5276.958, 300.909410, 58.842113
10100.090, 300.807864, 58.752078
14157.453, 300.901330, 58.836044
17991.425, 300.800089, 58.745993
6907.869, 301.041041, 58.963213
33965.297, 301.139302, 59.054571
10885.644, 300.827199, 58.774150
2029.640, 300.948969, 58.883740
8878.665, 300.785639, 58.738203
34753.651, 300.923320, 58.867896
28937.484, 300.968562, 58.908219
20912.942, 301.014366, 58.948653
27377.214, 300.884244, 58.832551
47798.267, 301.059007, 58.992466
4063.423, 300.985961, 58.924824
11951.786, 301.041349, 58.975590
8873.552, 300.781490, 58.743069
4824.917, 300.830259, 58.787305
5375.250, 300.839387, 58.795775
3703.918, 301.006118, 58.945762
41248.295, 301.160561, 59.087482
4853.010, 300.914111, 58.865426
40774.932, 300.817798, 58.782515
8152.709, 300.899874, 58.854825
3983.428, 300.875896, 58.832761
103588.658, 300.760069, 58.740355
33171.736, 300.759701, 58.733358
6462.034, 300.866654, 58.827107
2887.214, 300.770304, 58.740048
7634.346, 300.803018, 58.769908
35589.116, 300.980589, 58.933954
20344.884, 300.874732, 58.837548
35798.038, 301.144466, 59.081933
40561.905, 300.803557, 58.776591
72651.400, 301.022900, 58.976109
44570.765, 301.041976, 58.991469
30490.095, 301.131149, 59.070304
17887.262, 300.776983, 58.751665
23917.584, 301.089969, 59.035143
41718.250, 300.824045, 58.797832
5191.922, 300.788727, 58.763166
8144.157, 300.940029, 58.900497
9662.127, 300.835436, 58.807307
8092.200, 300.837931, 58.810814
3688.658, 300.992912, 58.950160
6527.133, 301.002646, 58.959183
31440.293, 301.076988, 59.028924
67163.948, 300.847918, 58.827093
13163.334, 301.110814, 59.058775
20359.060, 301.095226, 59.046447
5718.612, 300.767696, 58.751641
19408.057, 300.974815, 58.940079
4475.688, 300.860412, 58.835859
12552.573, 300.961794, 58.930556
8508.474, 300.838136, 58.821995
20640.419, 300.807486, 58.794127
18251.518, 300.947883, 58.923266
11086.559, 300.984286, 58.955591
83179.361, 301.020014, 58.991976
20782.763, 300.926837, 58.906932
7255.554, 300.754381, 58.750353
74311.472, 300.961125, 58.941549
25511.057, 301.002202, 58.975486
6863.506, 300.892978, 58.875930
73592.248, 300.773982, 58.776803
12122.027, 300.781827, 58.779392
18642.571, 300.978838, 58.958534
86038.570, 300.856097, 58.853412
10495.503, 300.751954, 58.755111
27320.485, 300.743831, 58.749389
8771.388, 300.791933, 58.792789
26306.648, 301.093298, 59.064934
4077.381, 301.076759, 59.049505
3660.673, 300.819671, 58.818798
4885.420, 300.900415, 58.892025
25563.039, 300.751385, 58.758961
2435.985, 300.828920, 58.827736
4109.512, 301.032202, 59.010989
44021.624, 301.112395, 59.086932
249941.859, 301.017902, 59.009101
2874.974, 300.872036, 58.869321
3805.713, 301.074722, 59.051836
19722.814, 300.887590, 58.886339
9317.779, 300.742325, 58.755495
16443.705, 300.757133, 58.769980
35041.096, 300.785858, 58.796796
90123.908, 300.737280, 58.760705
2851.288, 300.792317, 58.804335
6815.849, 300.797214, 58.809614
3196.626, 300.893709, 58.898110
20545.440, 300.764483, 58.783563
39053.398, 300.804791, 58.822615
15333.296, 300.822849, 58.836922
17898.260, 300.940924, 58.944292
5284.564, 300.976940, 58.974946
16830.349, 301.031054, 59.025542
2055.651, 300.833552, 58.846044
20197.313, 300.719358, 58.746134
22098.942, 300.742072, 58.768315
57347.648, 300.768196, 58.790704
1980.371, 300.793904, 58.811228
27653.961, 300.961405, 58.965604
32351.579, 301.062876, 59.056440
14682.210, 300.919564, 58.926878
5342.047, 300.883932, 58.894829
8561.766, 300.755501, 58.779417
118325.951, 300.740314, 58.774625
51733.513, 300.810771, 58.836775
2441.979, 300.864116, 58.879321
36288.546, 301.092525, 59.089102
4514.356, 300.771644, 58.798311
4481.397, 300.777568, 58.805770
278526.585, 300.899228, 58.922710
2867.237, 300.721721, 58.756504
180550.698, 300.709591, 58.752422
20983.621, 300.752339, 58.788330
53447.075, 300.773850, 58.810961
2060.909, 300.706904, 58.745086
8669.675, 301.077410, 59.081214
41664.460, 300.823241, 58.855983
4874.231, 300.843003, 58.870910
41463.949, 300.959275, 58.979275
106973.772, 300.714808, 58.765850
10100.063, 300.831624, 58.864618
6070.033, 300.860984, 58.891323
15682.500, 300.740785, 58.788000
16897.999, 300.733231, 58.780594
4082.614, 300.862631, 58.896411
3257.866, 300.900452, 58.930772
49440.706, 300.832266, 58.874058
29251.322, 300.708158, 58.761363
39466.375, 300.743223, 58.793579
12196.946, 301.032482, 59.052929
49023.738, 300.954031, 58.985732
13366.333, 300.844080, 58.885244
38858.769, 301.042063, 59.065505
21004.696, 300.797281, 58.844067
14086.507, 300.836711, 58.881321
4851.553, 300.732649, 58.787531
5276.514, 300.690388, 58.752915
4012.034, 300.736353, 58.793813
2030.877, 300.781084, 58.834326
24504.515, 300.860297, 58.909548
64634.401, 301.017534, 59.053321
7780.649, 301.082987, 59.108968
50297.752, 301.052964, 59.085403
10104.249, 300.761289, 58.823971
12045.048, 300.711562, 58.777822
16460.104, 300.803053, 58.862700
6978.678, 301.042591, 59.076655
2877.354, 300.736803, 58.801100
2423.410, 300.849732, 58.903180
19214.748, 300.886671, 58.938716
9327.567, 300.685733, 58.756101
3653.577, 300.775807, 58.837158
25114.994, 300.762262, 58.829543
2084.097, 301.060725, 59.095537
4402.906, 300.750658, 58.817091
44890.583, 300.718169, 58.790801
4839.101, 300.738612, 58.807810
6473.060, 300.755552, 58.822702
1975.325, 300.796238, 58.860676
51638.501, 300.830169, 58.895972
7249.269, 300.841103, 58.905099
116172.371, 300.920435, 58.986262
4464.108, 300.731382, 58.805130
28271.334, 300.948476, 59.005135
26940.831, 301.047395, 59.093999
10862.159, 300.823698, 58.893144
2839.400, 300.798559, 58.870425
3273.999, 300.844942, 58.912786
73336.964, 300.844897, 58.918127
5214.358, 300.697908, 58.780855
2429.491, 300.713967, 58.795301
10581.226, 300.771770, 58.849255
1974.876, 300.705807, 58.788333
7707.677, 300.755853, 58.835746
6102.464, 300.684624, 58.771747
4979.515, 300.984388, 59.043803
20116.519, 300.886305, 58.956806
2018.234, 300.821442, 58.898794
6135.746, 300.970556, 59.033705
2003.869, 300.830381, 58.907743
3640.169, 300.675806, 58.769500
3669.881, 300.728300, 58.816824
2877.991, 300.689810, 58.782900
23031.323, 300.665107, 58.763922
4894.179, 300.679875, 58.775353
35583.489, 300.958801, 59.030529
4830.432, 300.738117, 58.831459
22807.717, 300.767091, 58.859565
3275.336, 300.702950, 58.800123
6932.749, 300.776253, 58.866889
2831.141, 300.799117, 58.886651
36782.943, 300.981106, 59.054510
150621.403, 300.714812, 58.822060
5684.763, 300.752250, 58.846505
4546.370, 301.023050, 59.090322
2848.233, 300.761283, 58.855085
13938.877, 301.035865, 59.104418
76384.006, 300.865740, 58.960231
11450.776, 301.027180, 59.097905
7586.360, 300.689027, 58.792719
4402.563, 300.706593, 58.808209
6119.355, 300.774316, 58.869834
46478.987, 300.792257, 58.889605
308049.478, 300.955399, 59.045108
4050.824, 300.678141, 58.785481
7645.795, 300.841583, 58.935294
15629.986, 300.939472, 59.024312
87864.440, 300.993184, 59.075568
35872.704, 300.726334, 58.837005
2465.742, 300.741934, 58.847957
60605.118, 300.872575, 58.970167
5292.090, 300.733595, 58.842748
4879.840, 300.688804, 58.802438
26652.003, 300.768022, 58.877270
31706.426, 300.817521, 58.922290
7020.216, 300.939263, 59.031272
17915.728, 300.884600, 58.984159
41129.842, 300.896912, 58.997142
12212.648, 300.688517, 58.808518
27463.204, 300.891879, 58.992716
84710.664, 300.658731, 58.784611
13752.481, 300.698526, 58.817603
7715.417, 300.746236, 58.859990
7755.570, 300.822245, 58.930172
49699.133, 300.774596, 58.890244
163877.004, 300.749491, 58.872397
20578.448, 300.884079, 58.988757
8089.417, 300.644648, 58.771849
12253.406, 300.765643, 58.882784
46599.852, 300.674801, 58.804072
15975.061, 301.023240, 59.116521
7315.939, 300.707588, 58.831969
2812.782, 300.730998, 58.853005
18313.653, 300.907968, 59.015106
40190.345, 300.661735, 58.793800
8906.973, 300.736634, 58.862216
7693.882, 300.638712, 58.772719
17416.278, 300.829199, 58.947883
14785.905, 300.973378, 59.076701
38389.635, 300.705797, 58.841452
71633.339, 300.645507, 58.786221
2012.866, 300.791739, 58.913854
18834.157, 300.863722, 58.981457
2041.799, 300.720850, 58.851494
5377.776, 300.803096, 58.927149
7226.062, 300.721488, 58.854894
101991.583, 300.751641, 58.891511
36082.225, 300.880362, 59.002152
5271.410, 300.674859, 58.812991
24862.654, 300.679080, 58.818468
4045.861, 300.774971, 58.904188
34176.661, 300.626989, 58.772562
55364.961, 300.662297, 58.806883
36811.639, 300.964293, 59.078080
44070.199, 300.644685, 58.792945
28175.953, 300.764461, 58.900789
54575.891, 300.937495, 59.058000
10915.244, 300.737490, 58.875297
6459.349, 300.856025, 58.982051
161306.290, 300.813665, 58.954338
18610.918, 301.019030, 59.130168
10204.853, 300.747765, 58.886064
6447.566, 300.727145, 58.867432
8386.921, 300.729633, 58.870405
3627.986, 300.778616, 58.915193
74325.752, 300.828288, 58.965116
10703.819, 300.992338, 59.109257
9569.494, 300.617892, 58.772718
20610.733, 300.636457, 58.789999
36204.008, 300.885823, 59.016976
7270.209, 300.854884, 58.987450
100037.708, 300.674048, 58.830572
6414.878, 300.735369, 58.880938
38349.738, 300.925186, 59.054895
3238.535, 300.724405, 58.870653
3688.113, 300.684992, 58.835612
11730.974, 300.690183, 58.841160
4078.647, 300.713091, 58.862852
25677.522, 300.736508, 58.886743
2469.086, 300.936079, 59.064414
11759.542, 300.969609, 59.095542
18309.847, 300.618181, 58.779160
3207.903, 300.669737, 58.824226
7606.305, 300.761721, 58.909574
12379.363, 301.007984, 59.130651
62217.159, 300.837991, 58.982830
11669.127, 300.708936, 58.864681
2854.689, 300.757249, 58.907095
48131.510, 300.923041, 59.060937
6018.892, 300.764231, 58.915401
9819.509, 300.627541, 58.792309
30521.879, 300.661016, 58.825646
45072.567, 300.686082, 58.850938
83702.134, 300.602680, 58.776929
149318.668, 300.640002, 58.814065
25402.267, 300.696680, 58.858739
25413.532, 300.724409, 58.883112
46130.010, 300.736757, 58.896222
2824.403, 300.630134, 58.796147
12059.973, 300.869474, 59.014705
2766.275, 300.636960, 58.803221
81661.383, 300.725904, 58.891911
181928.723, 300.850380, 59.005086
7695.198, 300.619766, 58.792107
17838.390, 300.838417, 58.992136
22806.536, 300.672396, 58.847540
4023.564, 300.628439, 58.802855
10940.743, 300.776908, 58.938919
4876.366, 300.611049, 58.788974
4052.180, 300.916545, 59.066406
9416.062, 300.789624, 58.953303
15877.191, 300.799309, 58.963851
53614.885, 300.607098, 58.793415
35618.688, 300.646130, 58.828971
3276.319, 300.666326, 58.843869
2451.379, 300.595531, 58.780596
17356.970, 300.618969, 58.806394
3260.139, 300.632617, 58.818042
3970.992, 300.624679, 58.811206
4147.465, 300.593377, 58.782573
7710.476, 300.651352, 58.836961
10569.159, 300.656067, 58.841176
24236.629, 300.704377, 58.886718
37247.056, 300.779975, 58.956978
2518.660, 300.807567, 58.978284
10880.721, 300.662672, 58.849199
6602.158, 300.917258, 59.081427
2027.083, 300.594309, 58.788044
19953.300, 300.824247, 58.999271
10540.699, 300.629697, 58.823869
7774.421, 300.884330, 59.052803
8095.717, 300.638357, 58.832227
2420.989, 300.621244, 58.815231
32370.919, 300.826639, 59.004858
10509.497, 300.598367, 58.796157
8911.502, 300.726371, 58.912920
28491.607, 300.715086, 58.905861
18448.577, 300.942294, 59.109134
9264.286, 300.609498, 58.807578
7878.534, 300.862737, 59.037687
3314.776, 300.638727, 58.835427
2439.207, 300.657098, 58.851761
23543.370, 300.683052, 58.878123
5345.691, 300.579923, 58.782991
18149.314, 300.909256, 59.082732
79613.816, 300.888982, 59.069915
2040.679, 300.582358, 58.786572
74064.212, 300.801777, 58.993579
4410.585, 300.601716, 58.806874
51053.885, 300.794396, 58.987365
5715.927, 300.759474, 58.951200
2009.394, 300.701107, 58.898491
53302.099, 300.829796, 59.020690
35589.402, 300.642330, 58.850625
4502.980, 300.876474, 59.059550
49744.460, 300.765067, 58.965597
9733.151, 300.588825, 58.801121
10943.981, 300.676782, 58.880854
3637.132, 300.629326, 58.838740
2070.595, 300.635046, 58.843715
2463.646, 300.665174, 58.870911
38252.121, 300.730666, 58.934468
2514.018, 300.582630, 58.796633
3630.262, 300.939189, 59.120200
4065.107, 300.604291, 58.818294
35398.615, 300.711988, 58.919997
3970.683, 300.753975, 58.954554
2802.092, 300.688346, 58.896048
27375.808, 300.689121, 58.899802
12167.028, 300.772790, 58.974168
3309.547, 300.592945, 58.810213
7685.427, 300.707535, 58.914667
24758.292, 300.567277, 58.790209
15834.793, 300.640084, 58.855253
2540.535, 300.678920, 58.889325
12597.395, 300.648554, 58.864050
31602.568, 300.665576, 58.881685
3284.803, 300.616089, 58.834240
4949.766, 300.955736, 59.141880
9294.462, 300.700432, 58.912129
11716.756, 300.578033, 58.802491
22287.482, 300.650877, 58.870341
20322.753, 300.600201, 58.825467
15463.643, 300.816011, 59.020295
37198.656, 300.655215, 58.876587
2843.145, 300.736553, 58.948352
8081.263, 300.767516, 58.977476
49188.173, 300.880824, 59.084026
15731.800, 300.563879, 58.793612
14468.299, 300.790363, 58.998708
8897.675, 300.846399, 59.048599
2850.813, 300.673569, 58.892455
44734.717, 300.739395, 58.958102
60349.029, 300.677969, 58.901616
10124.281, 300.644258, 58.868489
36143.317, 300.817583, 59.029513
10190.971, 300.714841, 58.936246
36921.161, 300.824488, 59.036938
3705.014, 300.860579, 59.067677
2888.629, 300.574868, 58.809553
3595.346, 300.725115, 58.946044
15082.502, 300.776424, 58.995282
6492.589, 300.624160, 58.856376
5731.777, 300.921620, 59.125507
5647.504, 300.575210, 58.813205
7773.936, 300.583086, 58.820829
4516.981, 300.756919, 58.978522
149827.178, 300.652723, 58.891713
3658.518, 300.630178, 58.865820
21252.240, 300.895255, 59.106558
45494.851, 300.682674, 58.918155
8488.481, 300.606731, 58.847629
4843.627, 300.633743, 58.873225
417317.876, 300.626974, 58.886201
56005.115, 300.737828, 58.971100
2327.076, 300.616224, 58.856739
28873.453, 300.572728, 58.821269
139409.200, 300.904980, 59.126475
18814.366, 300.851417, 59.076368
10955.368, 300.598591, 58.846289
4087.732, 300.660208, 58.901506
8513.390, 300.642240, 58.886541
3208.783, 300.688826, 58.928114
6164.777, 300.546496, 58.799757
7046.175, 300.888811, 59.110057
3256.230, 300.554943, 58.807625
8906.693, 300.581047, 58.832940
3681.350, 300.586563, 58.836774
31682.455, 300.615402, 58.866547
8877.080, 300.538744, 58.795376
1985.584, 300.564587, 58.817569
9036.756, 300.793805, 59.026539
8403.660, 300.590298, 58.842618
4015.596, 300.658374, 58.904907
16197.227, 300.929329, 59.149983
9652.020, 300.546285, 58.804406
2908.615, 300.695195, 58.938219
3204.843, 300.561218, 58.816759
11761.063, 300.703892, 58.948984
56004.572, 300.598840, 58.856904
4856.853, 300.608190, 58.861286
22134.610, 300.717410, 58.962659
9916.626, 300.884847, 59.113120
4942.376, 300.553465, 58.812845
3224.085, 300.910172, 59.136393
2043.038, 300.640131, 58.892664
3658.289, 300.538620, 58.801025
29871.725, 300.579918, 58.842545
33603.314, 300.802061, 59.044426
100010.010, 300.665393, 58.926512
6082.426, 300.554795, 58.819473
49830.660, 300.689831, 58.947328
3226.127, 300.562236, 58.828043
4865.783, 300.616490, 58.877598
2835.842, 300.643272, 58.902168
12487.596, 300.677287, 58.934582
66904.755, 300.848764, 59.092468
2862.547, 300.564542, 58.831123
5242.512, 300.638763, 58.899842
9754.414, 300.843556, 59.086633
49264.326, 300.527707, 58.804611
3701.552, 300.600509, 58.866862
2055.018, 300.802826, 59.049431
7223.056, 300.535081, 58.809367
5301.762, 300.577464, 58.849134
21077.817, 300.586124, 58.859187
14718.340, 300.801253, 59.054723
8209.995, 300.890873, 59.135215
18505.583, 300.555647, 58.832781
6005.354, 300.626619, 58.896814
5257.942, 300.530702, 58.810008
2834.913, 300.817619, 59.069869
36921.457, 300.566852, 58.848898
6415.013, 300.907379, 59.153146
11722.653, 300.560828, 58.840925
2856.125, 300.587994, 58.864987
2481.570, 300.784404, 59.042963
20021.641, 300.841811, 59.098100
12502.337, 300.527708, 58.814191
19651.300, 300.783402, 59.047521
29546.196, 300.622680, 58.902452
27559.733, 300.616820, 58.896985
7814.019, 300.705462, 58.975657
19753.468, 300.810409, 59.072032
6568.528, 300.535437, 58.823324
61991.600, 300.893066, 59.151352
16132.556, 300.587518, 58.874470
17027.464, 300.536357, 58.827326
3272.666, 300.557544, 58.845891
6023.985, 300.541199, 58.832421
24841.720, 300.544779, 58.837260
43233.476, 300.790204, 59.063257
2049.981, 300.747043, 59.019365
22678.164, 300.580757, 58.871307
14432.501, 300.871568, 59.134346
6852.710, 300.643845, 58.929025
3980.923, 300.522892, 58.818734
2790.762, 300.599527, 58.889650
4513.245, 300.660270, 58.944132
20708.090, 300.664239, 58.950012
21397.499, 300.739898, 59.018242
4862.847, 300.653617, 58.939227
5711.337, 300.694175, 58.976433
6815.437, 300.634554, 58.924837
16201.394, 300.557859, 58.857006
2394.057, 300.515558, 58.816822
13868.659, 300.674882, 58.964182
95188.389, 300.579136, 58.880900
3253.609, 300.809429, 59.086521
13228.017, 300.812940, 59.090949
15695.996, 300.827288, 59.104015
19477.549, 300.902637, 59.172388
2440.663, 300.591567, 58.889347
10454.252, 300.519914, 58.826044
3622.526, 300.621891, 58.917761
6017.504, 300.678708, 58.970724
25458.448, 300.615179, 58.917723
17595.247, 300.585323, 58.887978
16683.681, 300.745115, 59.033220
26752.940, 300.656145, 58.954523
4071.611, 300.672682, 58.967028
58304.280, 300.774691, 59.065626
6858.207, 300.866085, 59.141595
43145.028, 300.492131, 58.807766
4820.632, 300.564203, 58.870332
24601.479, 300.693510, 58.988700
11748.495, 300.510090, 58.822175
42389.126, 300.537691, 58.849221
13235.087, 300.635469, 58.937225
14703.748, 300.737327, 59.030137
3709.096, 300.874446, 59.152185
319056.888, 300.702858, 59.009926
18983.039, 300.742633, 59.038415
14920.744, 300.522322, 58.838805
22926.930, 300.634541, 58.941767
47708.494, 300.826584, 59.117639
7747.252, 300.835537, 59.123030
20372.162, 300.883446, 59.168249
27301.490, 300.673432, 58.979833
5273.835, 300.528012, 58.845926
27318.530, 300.559610, 58.877809
2026.345, 300.500625, 58.820806
3172.845, 300.576420, 58.890612
3310.703, 300.793099, 59.087237
26260.714, 300.711726, 59.017297
14555.552, 300.508490, 58.833945
4878.735, 300.550469, 58.868971
3653.341, 300.596767, 58.910978
21926.329, 300.647781, 58.963356
7694.438, 300.542989, 58.863657
4500.469, 300.717260, 59.022482
3630.209, 300.614230, 58.929434
5646.209, 300.845385, 59.139809
34272.677, 300.659922, 58.976891
59469.291, 300.558383, 58.885683
10157.019, 300.576700, 58.899764
49103.849, 300.613664, 58.936353
2425.892, 300.628639, 58.945218
3666.159, 300.499873, 58.828234
13474.868, 300.583324, 58.906600
6540.448, 300.760544, 59.066502
3271.215, 300.548138, 58.873934
14669.794, 300.803380, 59.107403
75000.330, 300.489394, 58.826758
36029.995, 300.793396, 59.101893
23802.722, 300.827790, 59.131883
2464.776, 300.539339, 58.868494
37843.056, 300.740138, 59.054907
20589.721, 300.515580, 58.851112
2840.177, 300.507651, 58.840938
15847.842, 300.659422, 58.981627
69510.129, 300.719809, 59.039825
11680.718, 300.531989, 58.866028
6892.570, 300.574229, 58.905100
9275.824, 300.594705, 58.924502
5252.241, 300.730794, 59.047359
48339.613, 300.764834, 59.080993
44635.250, 300.622612, 58.953323
33805.930, 300.813028, 59.125033
41534.966, 300.637897, 58.968055
2423.469, 300.495589, 58.835300
2088.135, 300.519747, 58.857973
2838.948, 300.507200, 58.847892
2065.507, 300.824733, 59.135260
15416.557, 300.556321, 58.894979
3585.267, 300.602085, 58.935222
22212.453, 300.484285, 58.830929
4978.606, 300.845973, 59.158111
61949.033, 300.864803, 59.178995
2479.987, 300.579999, 58.918035
10850.769, 300.473272, 58.822122
43239.431, 300.497054, 58.849341
2867.763, 300.524089, 58.870835
8905.038, 300.542840, 58.888893
5663.720, 300.583154, 58.926351
3269.101, 300.628458, 58.967568
12767.884, 300.811057, 59.134655
44611.450, 300.604746, 58.953044
45481.711, 300.461213, 58.827761
3277.686, 300.690929, 59.028408
50428.148, 300.708276, 59.046967
44425.424, 300.639273, 58.984621
5284.142, 300.480942, 58.839849
3249.322, 300.565254, 58.914715
2010.155, 300.660129, 59.001004
12159.010, 300.488112, 58.845833
11371.762, 300.540035, 58.894300
10929.578, 300.458485, 58.821842
34757.908, 300.655407, 59.003465
44313.100, 300.733769, 59.074644
4910.396, 300.768586, 59.102798
18337.489, 300.466904, 58.831600
8472.723, 300.507807, 58.867688
6884.251, 300.606750, 58.958970
22873.640, 300.672733, 59.021731
4033.462, 300.564846, 58.923126
14558.652, 300.482541, 58.850680
4098.032, 300.575579, 58.934267
11679.851, 300.558408, 58.920506
6851.471, 300.472140, 58.841361
7060.537, 300.710460, 59.058427
92635.193, 300.767951, 59.115306
37886.404, 300.528507, 58.897693
5213.873, 300.564214, 58.926516
31254.956, 300.688929, 59.042424
4003.620, 300.627251, 58.984467
4449.267, 300.637651, 58.994046
9723.066, 300.713906, 59.064469
21192.441, 300.663901, 59.020623
17064.224, 300.548589, 58.917038
2438.533, 300.563923, 58.928691
2403.035, 300.570661, 58.934856
8567.940, 300.584228, 58.948482
13484.049, 300.653385, 59.012928
8020.131, 300.478200, 58.852898
3656.233, 300.498853, 58.871847
24422.631, 300.818195, 59.163815
6944.939, 300.622929, 58.986642
21962.073, 300.835422, 59.180408
4057.389, 300.674610, 59.035288
8851.658, 300.539807, 58.914925
48151.358, 300.734750, 59.094868
7753.213, 300.837772, 59.184689
10552.769, 300.460968, 58.843393
9064.010, 300.711089, 59.071334
9723.307, 300.493196, 58.874953
11014.103, 300.498081, 58.881212
46127.162, 300.776513, 59.133469
91966.502, 300.480144, 58.867316
2463.374, 300.457339, 58.841684
2530.675, 300.518686, 58.897498
8125.197, 300.570307, 58.945880
27766.212, 300.818081, 59.171638
2855.935, 300.840967, 59.189928
7304.186, 300.594039, 58.969127
2377.389, 300.437066, 58.824546
39476.102, 300.749981, 59.112873
12944.260, 300.448077, 58.837310
4791.296, 300.536200, 58.917171
8085.464, 300.444443, 58.833626
52288.675, 300.464510, 58.856632
40310.242, 300.606065, 58.985255
3608.286, 300.439588, 58.830046
2817.162, 300.452682, 58.842461
15410.277, 300.543593, 58.927550
88842.211, 300.631929, 59.013395
39582.478, 300.563382, 58.949048
5295.101, 300.575821, 58.956330
37403.461, 300.498800, 58.893557
22888.169, 300.816801, 59.178418
4000.158, 300.621900, 59.000645
7251.986, 300.456209, 58.850123
4046.306, 300.516661, 58.905348
40984.614, 300.489957, 58.885574
10803.616, 300.438067, 58.836982
7599.599, 300.428013, 58.827545
14541.196, 300.580682, 58.967996
6886.838, 300.444549, 58.842961
26677.503, 300.711931, 59.090498
21325.791, 300.467444, 58.867266
18621.415, 300.540136, 58.934641
29923.778, 300.448351, 58.852354
21751.119, 300.477267, 58.878710
3620.012, 300.584450, 58.974114
4027.435, 300.509546, 58.906458
43921.824, 300.616264, 59.008294
3264.912, 300.430015, 58.835052
21470.843, 300.454670, 58.860619
28727.471, 300.812262, 59.185379
61014.168, 300.643420, 59.034926
59698.451, 300.721794, 59.106958
5361.791, 300.567880, 58.963640
12019.555, 300.583884, 58.979512
4508.637, 300.551085, 58.949365
177702.737, 300.455068, 58.874826
9056.538, 300.804884, 59.181447
8555.379, 300.484693, 58.892147
75534.015, 300.520245, 58.928209
402110.845, 300.579534, 58.992072
4454.239, 300.655666, 59.048464
6878.259, 300.422370, 58.837981
5685.422, 300.430821, 58.844345
2018.982, 300.759406, 59.142953
2028.221, 300.619451, 59.017174
2034.665, 300.589232, 58.991026
30304.470, 300.764492, 59.153160
2426.906, 300.557063, 58.963392
5978.196, 300.675694, 59.072341
14103.781, 300.413476, 58.834088
4441.500, 300.425307, 58.843705
3268.218, 300.464221, 58.879747
36337.105, 300.642359, 59.045118
30447.499, 300.695203, 59.092351
24632.483, 300.783121, 59.171430
30441.077, 300.649177, 59.052285
24793.599, 300.477561, 58.897135
3254.808, 300.529426, 58.942812
21898.417, 300.799361, 59.189112
4016.715, 300.467787, 58.886822
3248.518, 300.500016, 58.916241
16258.763, 300.518352, 58.936022
27667.263, 300.544024, 58.961049
2829.154, 300.427232, 58.852124
6859.339, 300.439468, 58.864159
5343.690, 300.738940, 59.136969
3680.936, 300.551254, 58.967396
20827.392, 300.647602, 59.057467
13490.728, 300.727157, 59.129350
3673.837, 300.407568, 58.837509
2026.290, 300.420055, 58.848398
17697.834, 300.429618, 58.858687
8425.529, 300.502974, 58.925663
6977.767, 300.458726, 58.887383
65406.216, 300.681232, 59.097344
36396.524, 300.697674, 59.107914
55218.761, 300.736959, 59.144249
12775.760, 300.802276, 59.200455
2465.502, 300.407112, 58.840817
4501.995, 300.656580, 59.071266
3225.098, 300.518614, 58.946146
5190.703, 300.473558, 58.907019
95347.351, 300.597429, 59.031077
7599.002, 300.523503, 58.954323
27756.977, 300.549116, 58.979835
6841.711, 300.432867, 58.872388
2016.078, 300.541402, 58.971252
16608.368, 300.441877, 58.882421
19263.417, 300.435413, 58.879908
12204.084, 300.469990, 58.910919
16672.338, 300.519637, 58.958307
2399.370, 300.688783, 59.108592
22353.645, 300.738529, 59.155340
8085.147, 300.425083, 58.870017
48752.614, 300.437955, 58.886760
9603.767, 300.495417, 58.936184
86175.301, 300.563484, 59.002648
8064.099, 300.390796, 58.839824
3616.407, 300.492024, 58.931775
32825.096, 300.627768, 59.058203
2431.061, 300.449037, 58.894182
10693.403, 300.589529, 59.022935
21483.653, 300.727107, 59.149259
27948.801, 300.663636, 59.093064
46466.535, 300.395406, 58.850197
3281.073, 300.506765, 58.948631
6935.159, 300.709562, 59.133795
7760.055, 300.448665, 58.897120
41023.064, 300.735615, 59.160524
18785.109, 300.615508, 59.051169
33141.478, 300.516434, 58.964514
3251.593, 300.455825, 58.906214
4837.146, 300.457125, 58.910349
7356.031, 300.492808, 58.942602
12086.627, 300.507095, 58.956732
94054.034, 300.521321, 58.977603
25191.396, 300.652809, 59.091092
4448.403, 300.400847, 58.858987
2535.935, 300.487245, 58.939347
17685.562, 300.712997, 59.146414
37063.525, 300.478403, 58.934645
3263.536, 300.472037, 58.927436
31920.445, 300.413402, 58.878500
17444.104, 300.492515, 58.951061
17926.157, 300.731962, 59.169438
11397.578, 300.775897, 59.207526
12460.302, 300.374397, 58.843941
31839.364, 300.453324, 58.918467
14260.406, 300.616283, 59.065458
2047.313, 300.395207, 58.862686
92699.064, 300.417679, 58.889272
4819.250, 300.457546, 58.921033
6880.364, 300.645746, 59.094423
26699.653, 300.672894, 59.119270
8046.684, 300.552308, 59.009575
8585.636, 300.649863, 59.098302
4047.592, 300.383611, 58.854809
3215.976, 300.395302, 58.865775
3234.871, 300.507483, 58.968107
47326.382, 300.709622, 59.155276
39031.215, 300.399113, 58.876717
4513.584, 300.598752, 59.052072
9232.278, 300.376670, 58.850608
11736.995, 300.569105, 59.027343
11895.756, 300.483603, 58.949718
2016.282, 300.536572, 58.999297
50051.490, 300.457033, 58.933029
8849.348, 300.525337, 58.994331
19016.617, 300.426327, 58.906982
9699.507, 300.470803, 58.943911
11380.158, 300.663006, 59.120218
15321.965, 300.684097, 59.139326
254306.967, 300.430292, 58.919600
2863.051, 300.570135, 59.035876
2388.480, 300.363976, 58.848047
54478.744, 300.641640, 59.105810
20628.718, 300.395703, 58.887313
55028.050, 300.404483, 58.898126
45538.827, 300.440749, 58.927065
16259.322, 300.619171, 59.086481
26642.736, 300.697720, 59.158492
25583.992, 300.370630, 58.861034
9218.741, 300.466692, 58.948091
24020.138, 300.716579, 59.176800
38988.016, 300.474231, 58.960456
4836.294, 300.653031, 59.120586
35688.366, 300.482772, 58.970557
5288.132, 300.515365, 58.998095
12246.982, 300.362297, 58.858417
6703.874, 300.694681, 59.162541
3260.336, 300.716228, 59.180928
8933.937, 300.407478, 58.902408
11206.977, 300.383536, 58.883650
13613.029, 300.395531, 58.893466
47630.310, 300.347574, 58.859709
16785.726, 300.491154, 58.986862
41444.283, 300.677801, 59.158144
18064.269, 300.458046, 58.959592
73318.920, 300.524221, 59.022070
111411.346, 300.628360, 59.119206
22988.553, 300.369782, 58.880150
47031.434, 300.353328, 58.865983
101566.240, 300.383739, 58.897658
54068.461, 300.401264, 58.911971
6464.061, 300.641179, 59.125721
10660.645, 300.732285, 59.208391
10887.398, 300.426688, 58.932469
12269.168, 300.591970, 59.082549
113543.658, 300.509315, 59.011545
9660.874, 300.539730, 59.036066
7718.523, 300.644126, 59.130823
16023.169, 300.484734, 58.989779
5220.522, 300.361698, 58.876894
2953.061, 300.724405, 59.206335
64919.615, 300.540970, 59.044946
2818.782, 300.605186, 59.100031
2828.603, 300.693269, 59.180295
3596.078, 300.390941, 58.906487
23637.442, 300.393010, 58.911795
13715.970, 300.462812, 58.975326
67117.484, 300.344730, 58.874280
12005.850, 300.355665, 58.879695
8281.472, 300.572341, 59.076745
26120.967, 300.689523, 59.184454
3664.452, 300.729807, 59.218899
31356.738, 300.332489, 58.861060
2855.246, 300.607247, 59.108650
16427.704, 300.661274, 59.160138
7415.531, 300.693207, 59.187546
14114.716, 300.361153, 58.886550
4489.525, 300.513907, 59.025303
9811.555, 300.715770, 59.209269
25217.708, 300.414356, 58.939244
5729.792, 300.579697, 59.088104
7720.745, 300.604810, 59.111888
22549.775, 300.669776, 59.171431
10875.409, 300.495816, 59.014013
3624.838, 300.335043, 58.867845
17089.997, 300.401350, 58.931254
4479.764, 300.382400, 58.912137
28316.456, 300.503330, 59.025358
42601.444, 300.580797, 59.096471
31881.847, 300.587323, 59.101957
4569.360, 300.712502, 59.212786
18155.238, 300.373691, 58.907487
26343.026, 300.619889, 59.133178
8127.678, 300.327204, 58.863900
21692.939, 300.413070, 58.944682
5239.235, 300.486621, 59.010189
2811.435, 300.336160, 58.872404
2844.594, 300.386428, 58.919762
6485.018, 300.470068, 58.997280
65316.283, 300.357327, 58.898911
31197.200, 300.348626, 58.890825
6837.310, 300.456700, 58.987384
14139.041, 300.472111, 59.002434
15552.153, 300.679613, 59.190752
46860.410, 300.340751, 58.886582
15377.283, 300.383168, 58.922318
4061.959, 300.551461, 59.074019
2844.220, 300.606596, 59.124660
11249.706, 300.376603, 58.916501
2030.708, 300.412709, 58.947797
18344.586, 300.426123, 58.962811
16330.664, 300.634665, 59.153293
456031.910, 300.307159, 58.873942
2441.906, 300.499152, 59.028918
3250.329, 300.553364, 59.078381
3656.951, 300.413244, 58.952020
12870.419, 300.542428, 59.071807
2490.198, 300.570261, 59.094894
6473.797, 300.510902, 59.044129
11549.727, 300.574295, 59.101734
24880.499, 300.500687, 59.036572
7328.295, 300.642888, 59.164129
21915.210, 300.325937, 58.877875
69225.321, 300.432011, 58.983064
2877.851, 300.598769, 59.126251
9301.266, 300.311302, 58.865502
4481.577, 300.379741, 58.927116
2456.882, 300.361275, 58.910942
15509.819, 300.528303, 59.066042
29563.088, 300.548629, 59.090450
10981.176, 300.403440, 58.953153
4956.349, 300.562734, 59.097446
21896.678, 300.566565, 59.102724
25037.762, 300.441709, 58.989956
47471.498, 300.612021, 59.145970
40608.734, 300.323659, 58.882943
2036.412, 300.426266, 58.973610
20764.643, 300.666101, 59.196472
2037.653, 300.359049, 58.914455
3261.794, 300.394272, 58.947758
21544.619, 300.464304, 59.016677
61098.057, 300.537389, 59.083950
14575.424, 300.365900, 58.924096
9048.390, 300.526984, 59.070267
11476.025, 300.599766, 59.136853
9368.489, 300.675635, 59.204943
3680.237, 300.344718, 58.903103
6816.331, 300.347676, 58.907761
3216.910, 300.583437, 59.121744
24695.544, 300.322433, 58.889680
9352.950, 300.359646, 58.920519
5317.280, 300.498535, 59.047295
85027.607, 300.365571, 58.936528
8484.167, 300.410182, 58.968642
6239.699, 300.582105, 59.125166
3188.593, 300.612668, 59.152241
6925.133, 300.376743, 58.938777
2854.617, 300.439763, 58.995820
5705.549, 300.474680, 59.028763
7309.699, 300.510777, 59.061945
20091.320, 300.614112, 59.157654
68246.168, 300.661587, 59.202711
47062.146, 300.558471, 59.109280
13523.982, 300.386492, 58.952492
4088.651, 300.497128, 59.051839
2098.048, 300.554407, 59.103224
3197.332, 300.316120, 58.886374
30596.856, 300.326817, 58.898400
7385.561, 300.434175, 58.995774
10162.330, 300.409070, 58.974654
106549.785, 300.534697, 59.095033
3245.450, 300.675162, 59.216823
2021.387, 300.333728, 58.905587
5253.551, 300.349555, 58.922175
11007.941, 300.531287, 59.088990
10217.398, 300.358851, 58.932364
17107.186, 300.396557, 58.968785
2012.594, 300.408446, 58.977815
18812.316, 300.452540, 59.020425
5220.183, 300.499191, 59.061413
6448.916, 300.376575, 58.949966
83673.712, 300.435589, 59.013896
25213.602, 300.609423, 59.165815
38293.277, 300.474093, 59.043339
34014.690, 300.284693, 58.870993
2824.326, 300.307355, 58.888361
102572.256, 300.323496, 58.909742
6915.631, 300.380183, 58.955959
12853.393, 300.406568, 58.984399
4498.354, 300.369756, 58.949070
4106.891, 300.633841, 59.189634
26710.311, 300.672243, 59.226814
47164.126, 300.423549, 59.003848
2015.305, 300.433021, 59.007604
21601.979, 300.477462, 59.050020
19842.059, 300.311813, 58.898782
3663.957, 300.398512, 58.977330
5337.634, 300.493320, 59.064538
5288.537, 300.576888, 59.141088
13759.631, 300.545292, 59.113936
8893.046, 300.352843, 58.939179
3214.588, 300.332506, 58.918897
4475.414, 300.338532, 58.925496
9687.268, 300.341515, 58.929744
6018.497, 300.442237, 59.020427
14831.732, 300.499508, 59.077505
92893.690, 300.530699, 59.107798
105028.431, 300.305403, 58.910923
10902.985, 300.478901, 59.057662
31191.354, 300.592587, 59.163049
7415.302, 300.609859, 59.176516
20756.028, 300.468090, 59.049796
4917.235, 300.621559, 59.188376
10505.560, 300.376262, 58.965278
33755.091, 300.633420, 59.201395
2080.164, 300.547267, 59.121911
5399.500, 300.577388, 59.150432
12638.120, 300.665117, 59.230454
2391.999, 300.675363, 59.238504
2040.639, 300.307312, 58.903519
42587.158, 300.431811, 59.023349
9385.993, 300.468584, 59.054768
10253.596, 300.598568, 59.172310
7634.288, 300.275516, 58.878117
29770.589, 300.404415, 58.998193
4474.180, 300.455087, 59.042326
11347.938, 300.365932, 58.963099
22849.486, 300.552955, 59.135420
9655.453, 300.270187, 58.875814
17008.068, 300.280263, 58.886049
13916.694, 300.289828, 58.894689
18641.700, 300.329387, 58.932380
8614.779, 300.472799, 59.062591
8146.780, 300.273709, 58.882638
2074.976, 300.323569, 58.926351
28081.882, 300.507435, 59.098554
18568.702, 300.316481, 58.923296
10478.919, 300.334237, 58.938503
34870.866, 300.575752, 59.162307
11155.524, 300.339977, 58.944931
2490.087, 300.495982, 59.086935
60391.286, 300.612058, 59.196473
7464.167, 300.646501, 59.223817
4055.438, 300.526439, 59.115493
7371.054, 300.555316, 59.144269
4964.094, 300.309194, 58.919426
5261.441, 300.350762, 58.959019
4932.033, 300.358095, 58.965185
36904.603, 300.592161, 59.181141
4063.347, 300.376982, 58.982553
9988.126, 300.367485, 58.976559
2026.973, 300.409701, 59.014074
7272.808, 300.429591, 59.032226
20496.729, 300.436654, 59.040838
3599.392, 300.268047, 58.884935
6035.591, 300.616091, 59.203074
13541.798, 300.656101, 59.241014
3288.850, 300.281007, 58.898442
2065.912, 300.346713, 58.958150
23241.639, 300.573746, 59.167912
33556.728, 300.578435, 59.173018
22069.585, 300.340259, 58.955904
9686.134, 300.441837, 59.047528
11585.063, 300.527378, 59.126060
5762.852, 300.546135, 59.141968
4855.039, 300.258420, 58.879440
44622.309, 300.493473, 59.099348
14295.843, 300.535695, 59.135257
59353.098, 300.480779, 59.090380
3206.841, 300.401377, 59.013455
8495.801, 300.300989, 58.922899
30071.424, 300.417964, 59.031953
8914.514, 300.253219, 58.879514
25957.483, 300.317771, 58.940965
2449.822, 300.391657, 59.005881
5258.794, 300.611405, 59.207346
3661.524, 300.281064, 58.905451
131397.278, 300.356566, 58.981552
30512.370, 300.445222, 59.058814
3261.454, 300.260807, 58.887316
54243.756, 300.647724, 59.244885
9332.409, 300.283620, 58.910150
3253.137, 300.350245, 58.970690
5307.641, 300.401671, 59.018127
61104.043, 300.335300, 58.962348
7382.932, 300.623702, 59.222512
4500.201, 300.643158, 59.240000
27004.706, 300.420188, 59.039460
14933.648, 300.296750, 58.926742
6524.050, 300.596551, 59.199463
2048.967, 300.305222, 58.933572
200380.467, 300.478713, 59.100583
48687.376, 300.267652, 58.902740
10040.108, 300.361823, 58.988604
3664.387, 300.434958, 59.054500
12111.483, 300.272150, 58.909113
66009.485, 300.321427, 58.955644
6060.999, 300.403267, 59.026499
33759.664, 300.245688, 58.886273
37189.497, 300.276909, 58.919216
2480.261, 300.582007, 59.191532
2077.351, 300.472612, 59.093058
33238.544, 300.605818, 59.217089
4604.477, 300.390860, 59.022036
61137.810, 300.570134, 59.190756
7276.349, 300.312036, 58.951767
31781.522, 300.625556, 59.242376
4160.011, 300.306869, 58.947675
166212.505, 300.324759, 58.971627
25387.910, 300.336764, 58.979242
9766.039, 300.417263, 59.051620
19815.613, 300.285274, 58.931387
42948.093, 300.374337, 59.017368
20460.969, 300.590543, 59.212988
5232.104, 300.310616, 58.956864
4796.976, 300.318114, 58.963807
1999.022, 300.245229, 58.896438
2029.860, 300.345267, 58.988761
4825.664, 300.583165, 59.206436
8118.865, 300.251220, 58.903918
11450.407, 300.595372, 59.219027
10056.429, 300.256859, 58.911188
53124.676, 300.393463, 59.040145
23683.492, 300.615004, 59.240255
104984.979, 300.222179, 58.890489
2068.407, 300.354274, 59.000945
3617.016, 300.409163, 59.052689
4458.571, 300.490000, 59.125881
3653.829, 300.554092, 59.183778
116788.574, 300.290370, 58.952318
33243.044, 300.338775, 58.991459
36177.069, 300.376595, 59.026461
2044.777, 300.549439, 59.179806
58732.457, 300.602212, 59.231874
10577.565, 300.439066, 59.083476
46144.546, 300.590947, 59.223480
187364.586, 300.481206, 59.131481
9231.299, 300.268936, 58.928967
2525.896, 300.300785, 58.956956
10508.908, 300.344062, 58.998485
16310.131, 300.451897, 59.098694
23150.027, 300.525793, 59.167145
8090.438, 300.246242, 58.910693
5665.130, 300.260690, 58.924184
12513.488, 300.317432, 58.977364
2853.903, 300.403230, 59.055042
8281.988, 300.274437, 58.937825
7746.016, 300.365169, 59.022692
8095.478, 300.376307, 59.032056
6848.777, 300.254709, 58.922844
3656.087, 300.357047, 59.015793
24830.642, 300.570474, 59.213272
5675.404, 300.309986, 58.975386
12612.869, 300.550683, 59.195865
5231.183, 300.232200, 58.903997
19124.773, 300.301386, 58.969197
24387.268, 300.580188, 59.223975
23574.896, 300.373778, 59.037879
2064.284, 300.468502, 59.121822
6927.203, 300.386101, 59.048577
2060.867, 300.413826, 59.073137
4911.740, 300.469827, 59.124472
2056.062, 300.223832, 58.898625
7293.933, 300.270255, 58.943279
4541.256, 300.308693, 58.978171
3623.372, 300.318828, 58.988045
4951.954, 300.360292, 59.026222
12594.140, 300.310399, 58.982042
3663.173, 300.537382, 59.187968
2071.090, 300.258238, 58.932958
15318.340, 300.363554, 59.031845
13518.968, 300.585536, 59.234192
