# Source Fluxes and Coordinates
# Flux (e-/s), RA (deg), Dec (deg)
7620.116, 300.942018, 58.701061
38654.886, 301.090183, 58.837793
22071.606, 301.032736, 58.788350
8075.001, 301.110223, 58.855033
9648.581, 301.115285, 58.859855
15382.547, 301.141699, 58.884147
2412.481, 300.902553, 58.667753
33708.453, 300.910409, 58.678414
19992.620, 301.054916, 58.807938
6405.843, 300.952078, 58.715273
13292.558, 301.116256, 58.866056
4796.337, 301.131394, 58.878169
5621.304, 301.150733, 58.896265
4778.448, 300.995522, 58.758674
13772.854, 301.161941, 58.908343
48081.683, 301.056226, 58.817433
22473.375, 301.177577, 58.926938
3713.617, 301.294009, 59.030538
54560.617, 300.973426, 58.749113
8792.556, 300.990813, 58.761303
8472.938, 301.271791, 59.014505
14807.461, 301.085137, 58.849457
31690.129, 300.958410, 58.737415
21937.057, 301.099689, 58.864125
2389.816, 300.916976, 58.697700
2435.786, 300.903968, 58.688412
11339.472, 301.009220, 58.785745
2419.796, 301.077549, 58.845756
27188.459, 300.881456, 58.674133
3206.351, 300.909313, 58.696084
18690.748, 301.059306, 58.837257
6371.433, 300.937111, 58.725240
41028.142, 301.181702, 58.947961
11356.747, 301.283606, 59.038329
24642.887, 301.011781, 58.798320
4455.054, 301.219856, 58.982245
2852.104, 300.899064, 58.694408
19056.848, 301.111727, 58.888601
22316.560, 300.981731, 58.773166
22710.863, 301.135030, 58.911689
5229.179, 300.897013, 58.697243
91513.610, 301.202108, 58.976361
62481.139, 300.928342, 58.730701
21555.546, 300.960703, 58.759108
11562.287, 300.885915, 58.692772
2414.717, 300.943741, 58.743942
38676.063, 301.210621, 58.987395
2451.517, 300.875595, 58.682737
55459.515, 301.167225, 58.949634
2009.734, 300.869045, 58.677868
98971.909, 301.247801, 59.026093
8316.498, 300.935706, 58.740072
12933.897, 301.056951, 58.849894
21733.758, 301.135863, 58.921230
4838.043, 300.977604, 58.778308
7209.234, 300.999889, 58.799095
10694.099, 300.943940, 58.752706
14933.023, 300.981342, 58.786415
63693.186, 301.170828, 58.958943
2438.503, 300.880464, 58.695237
4846.306, 301.121023, 58.912461
22767.303, 301.065332, 58.864910
5997.420, 300.990503, 58.797133
41633.535, 301.013037, 58.820367
150524.103, 300.902366, 58.725016
4398.161, 300.925222, 58.739485
54178.939, 301.152872, 58.947904
29135.850, 300.875197, 58.697550
8800.070, 300.890333, 58.709989
91368.453, 300.863185, 58.692932
12533.811, 300.941246, 58.759375
18642.904, 301.108287, 58.910635
24867.090, 301.088679, 58.894910
6310.961, 300.883579, 58.709700
9421.642, 301.245973, 59.036395
5633.923, 300.945302, 58.769236
16476.305, 300.945501, 58.774224
15239.043, 301.013538, 58.835324
97417.871, 300.867974, 58.712361
143807.128, 301.070840, 58.896252
37883.873, 300.887575, 58.725932
12496.070, 300.984721, 58.812052
52297.332, 301.109841, 58.926739
2778.206, 300.866710, 58.703889
9637.187, 300.986915, 58.816298
2389.825, 300.906980, 58.742583
31371.309, 301.045508, 58.872676
45278.766, 300.877308, 58.724354
4802.679, 301.051471, 58.878906
147109.631, 300.899999, 58.748708
7960.588, 300.852413, 58.700215
12052.899, 300.940130, 58.780148
6022.075, 300.856295, 58.704575
12413.597, 300.975037, 58.814108
55336.973, 300.942878, 58.787981
2413.226, 300.956735, 58.796777
47073.367, 301.104982, 58.933973
22934.282, 301.112929, 58.941050
2808.868, 301.229990, 59.044248
69039.795, 301.167241, 58.994562
42283.249, 300.996088, 58.841106
3556.069, 300.991228, 58.835111
5145.979, 301.160571, 58.986591
7191.233, 300.853536, 58.712656
42166.314, 300.880125, 58.741476
15123.962, 301.047018, 58.887234
2414.023, 300.864010, 58.721597
2385.551, 300.828294, 58.691106
56669.686, 301.015816, 58.864949
25409.839, 301.075928, 58.916982
6809.042, 300.862196, 58.724529
10778.267, 300.913142, 58.771597
17265.257, 301.107316, 58.947885
13192.570, 301.158451, 58.993239
4055.604, 300.851594, 58.717525
2017.099, 301.132308, 58.968871
67565.411, 300.886022, 58.754812
14732.474, 301.035720, 58.886632
139479.966, 301.137609, 58.982272
4836.025, 300.865753, 58.732795
364966.629, 300.859427, 58.741082
2757.296, 301.096688, 58.943374
41745.267, 300.969933, 58.834730
34288.732, 300.814711, 58.695204
27676.282, 300.836117, 58.714107
3958.909, 300.853981, 58.728399
17603.057, 301.067520, 58.923159
12349.852, 300.845227, 58.724354
121397.322, 301.026610, 58.890789
13448.674, 301.188721, 59.032407
4379.720, 300.819484, 58.702563
2419.600, 300.852692, 58.732541
2755.140, 300.869880, 58.748843
11991.112, 300.898608, 58.775000
55292.342, 300.999949, 58.871601
3629.758, 300.882612, 58.760743
3236.411, 300.916150, 58.790917
57803.389, 300.951524, 58.825308
4391.053, 300.871368, 58.752434
14213.934, 301.062380, 58.925702
29039.550, 300.819477, 58.709064
9624.018, 301.013411, 58.882024
109100.228, 300.802322, 58.697293
3650.701, 301.069024, 58.931913
9497.240, 300.813705, 58.703697
18808.145, 301.140735, 58.998552
4449.561, 301.062287, 58.928608
2879.120, 301.048446, 58.915967
1301723.206, 300.812131, 58.724422
2022.009, 300.977483, 58.852867
6454.222, 301.096889, 58.960594
23714.736, 300.959300, 58.840263
2839.112, 300.848367, 58.737717
4003.934, 300.890943, 58.776569
11914.291, 300.925998, 58.809572
21784.136, 300.952810, 58.837268
2446.243, 301.036328, 58.912461
123306.358, 300.863451, 58.766204
5164.394, 300.851555, 58.749220
9162.005, 300.899150, 58.794786
7575.738, 300.935502, 58.827123
32630.868, 301.066227, 58.947360
5280.737, 300.845260, 58.745522
8790.790, 300.851657, 58.753625
11182.088, 300.874628, 58.774749
138099.768, 301.023109, 58.914325
11639.542, 300.924368, 58.820643
19947.221, 301.106466, 58.984555
3169.786, 300.798484, 58.706742
2457.503, 301.048823, 58.935058
32894.490, 301.111747, 58.995015
5288.324, 300.788253, 58.703090
4417.993, 300.892737, 58.797510
5209.508, 300.888348, 58.795574
40963.594, 301.047359, 58.943016
4007.922, 300.827105, 58.740428
5143.617, 300.949541, 58.851226
109567.569, 301.131873, 59.022150
3578.455, 300.794168, 58.713752
3537.311, 300.868212, 58.780987
15567.535, 300.961420, 58.867452
54111.702, 300.982896, 58.889203
51159.236, 300.916420, 58.830621
5609.973, 300.925111, 58.834976
56120.577, 301.119843, 59.013117
30708.513, 300.816845, 58.740673
99239.159, 300.778339, 58.709404
2364.405, 300.869508, 58.786020
10501.422, 300.988949, 58.895907
7333.958, 300.961918, 58.873048
2000.445, 301.004995, 58.912471
3132.145, 300.837219, 58.763225
2390.818, 300.820033, 58.748110
85996.418, 300.935220, 58.858532
602528.702, 300.819551, 58.765436
2455.821, 301.148207, 59.045731
2896.119, 300.906659, 58.830090
23193.431, 301.141886, 59.043603
3235.561, 300.809900, 58.743324
35202.241, 301.100970, 59.008660
19871.679, 300.840618, 58.773641
11332.469, 301.026177, 58.940608
21731.468, 300.975830, 58.896963
6399.602, 300.798813, 58.736195
68055.621, 300.776909, 58.721758
19871.900, 301.074222, 58.986776
12882.742, 301.067367, 58.982063
3220.128, 301.034309, 58.951940
8881.116, 301.063122, 58.978393
8382.326, 300.793574, 58.735229
76180.041, 300.837647, 58.779734
18148.422, 300.901646, 58.835283
18344.258, 300.800219, 58.745908
3549.336, 300.856580, 58.796397
6082.073, 301.040606, 58.963698
9950.682, 300.766059, 58.717708
5591.288, 300.851821, 58.794995
38530.485, 301.139163, 59.054971
2398.790, 300.775038, 58.727875
38733.100, 300.924072, 58.867548
29941.616, 300.968494, 58.908055
3614.218, 300.805318, 58.758452
10318.232, 300.864750, 58.813575
26217.780, 300.884059, 58.832617
18281.839, 301.014262, 58.948653
10371.076, 300.986965, 58.925145
13796.401, 301.041623, 58.974901
44547.285, 301.059535, 58.992990
2023.082, 300.767562, 58.728351
2449.279, 301.116810, 59.043686
6027.775, 300.839238, 58.795634
2405.759, 301.142507, 59.067517
12519.153, 300.900413, 58.854426
43703.693, 300.817839, 58.782448
3244.526, 300.780621, 58.747448
27681.744, 300.804521, 58.774222
4870.026, 300.792967, 58.760121
10384.342, 300.783020, 58.753420
28062.629, 300.759059, 58.733819
69948.118, 300.978135, 58.936529
93093.215, 301.023891, 58.975925
15939.440, 300.772721, 58.746305
8872.087, 300.875468, 58.837925
33549.649, 301.130920, 59.070199
10646.487, 301.143878, 59.081129
265976.470, 300.738759, 58.724373
31741.488, 300.763633, 58.742298
19225.818, 300.807203, 58.779287
15227.023, 301.004503, 58.959200
8503.149, 300.776927, 58.751686
17190.582, 300.837146, 58.807375
24620.900, 301.089909, 59.035218
16756.533, 300.940031, 58.900810
2458.892, 300.790219, 58.764756
40816.064, 300.822817, 58.797869
14318.817, 300.841810, 58.812546
2002.171, 301.041227, 58.991300
5983.558, 300.844515, 58.817712
26346.039, 301.077070, 59.028899
17886.401, 301.110501, 59.058776
9078.385, 300.751220, 58.736827
19773.986, 300.788982, 58.773828
50286.987, 300.847220, 58.827447
2446.273, 300.755342, 58.741835
4769.715, 300.930808, 58.901805
3683.501, 300.956217, 58.925157
19630.132, 300.960480, 58.930131
2027.365, 300.811868, 58.797833
77597.762, 301.020107, 58.991767
9924.835, 300.735795, 58.731736
5629.321, 300.868798, 58.851011
2080.469, 300.806038, 58.793893
2830.278, 300.944580, 58.919788
3971.611, 300.947144, 58.923001
23985.726, 301.002966, 58.975541
5233.355, 300.838413, 58.825570
20589.327, 300.926847, 58.907067
2381.850, 300.774892, 58.768887
71911.238, 300.961320, 58.941627
5234.689, 300.792342, 58.786439
68157.525, 300.773696, 58.776835
1998.752, 301.027588, 58.999452
7588.441, 300.725782, 58.728902
84533.448, 300.856490, 58.853385
29963.858, 300.881252, 58.872694
10892.364, 300.977705, 58.958206
23412.858, 300.743421, 58.749704
26776.985, 301.093138, 59.065068
2829.805, 300.820183, 58.818546
2737.200, 300.737868, 58.743987
78451.587, 300.747351, 58.761707
2838.848, 300.732636, 58.740890
5570.994, 300.866505, 58.862941
192748.295, 301.017202, 59.007022
39128.840, 301.112427, 59.086955
4830.977, 300.858031, 58.857649
17394.269, 300.887966, 58.886349
36851.661, 300.784899, 58.796083
3933.370, 300.824207, 58.829977
6722.863, 300.777032, 58.789185
3979.447, 300.737880, 58.754058
2005.299, 300.793074, 58.804442
3996.990, 300.853689, 58.861513
11126.928, 300.894191, 58.898810
9237.888, 300.978651, 58.975045
38824.146, 301.022133, 59.016955
5982.421, 300.730846, 58.751584
56582.339, 300.804380, 58.823031
10790.914, 300.878551, 58.886202
48210.984, 300.734924, 58.760696
4803.473, 300.868888, 58.879251
18738.681, 301.030761, 59.025413
28524.660, 301.047238, 59.040594
41024.513, 300.767136, 58.789921
32018.988, 300.960647, 58.965678
3181.378, 300.758923, 58.781180
4086.196, 300.785748, 58.805309
10695.791, 300.793100, 58.812268
10029.777, 300.755243, 58.779310
73243.348, 300.743859, 58.776004
2820.500, 300.945936, 58.951432
4108.429, 300.718848, 58.746643
4426.619, 300.793752, 58.816624
4042.010, 300.719959, 58.749508
39740.894, 301.092621, 59.089200
4741.164, 300.697805, 58.730625
7203.796, 300.701471, 58.734512
69885.987, 300.774549, 58.810109
72254.358, 300.808666, 58.838580
281099.107, 300.899133, 58.922592
3982.170, 300.725093, 58.758129
2034.318, 300.793520, 58.820097
6880.262, 300.875500, 58.895273
254250.642, 300.708563, 58.754306
3152.499, 300.943234, 58.957807
6090.924, 301.072604, 59.074109
4781.934, 300.751846, 58.785677
2407.087, 300.707485, 58.745842
12517.776, 300.731878, 58.769107
3558.481, 300.817052, 58.846215
11060.901, 301.077791, 59.081203
127136.470, 300.715739, 58.765662
5286.276, 300.752389, 58.788799
4355.009, 300.828214, 58.857382
23158.282, 300.694847, 58.738379
1970.281, 300.733127, 58.772588
33532.171, 300.958710, 58.979538
12235.225, 300.801150, 58.837330
2403.797, 300.998407, 59.014470
3151.789, 301.085046, 59.096154
11611.528, 300.824152, 58.863853
49333.761, 300.832576, 58.873954
3649.468, 300.861174, 58.896640
41320.160, 300.743367, 58.793457
6765.423, 300.880587, 58.915384
2404.965, 300.851458, 58.888550
51149.889, 300.954174, 58.985686
6035.288, 301.033019, 59.052630
2350.481, 300.682731, 58.736981
18434.952, 300.842591, 58.884961
36202.831, 301.042260, 59.065610
12425.899, 300.797273, 58.844427
4409.601, 300.805756, 58.851267
13590.022, 300.837215, 58.881104
4824.325, 300.785526, 58.836193
23847.110, 300.844675, 58.893937
4785.890, 300.779347, 58.833794
59315.359, 301.017815, 59.053143
3589.341, 300.696697, 58.759678
4417.752, 300.700732, 58.764002
9587.126, 300.830902, 58.884883
35674.746, 301.052724, 59.085983
12738.013, 300.734198, 58.798570
7564.126, 300.751199, 58.814130
25271.776, 300.887241, 58.939090
5659.475, 300.731026, 58.796246
9252.983, 300.957191, 59.000987
3279.494, 301.042681, 59.076481
4428.522, 300.836066, 58.892355
2004.454, 300.861457, 58.914417
4773.539, 300.778029, 58.840152
5388.910, 300.675524, 58.748832
5989.159, 300.682797, 58.755859
32689.552, 300.717462, 58.789584
50108.497, 300.663487, 58.743468
13315.802, 300.760791, 58.830080
55637.573, 300.829911, 58.895806
2763.050, 300.781928, 58.849248
10342.189, 300.839863, 58.903989
12680.461, 300.847188, 58.911814
52277.991, 300.926149, 58.985086
2035.548, 300.668621, 58.748409
6040.358, 300.740075, 58.814533
30776.648, 300.948397, 59.004980
25499.662, 301.047376, 59.093897
96244.573, 300.846787, 58.918379
2836.444, 300.696692, 58.780184
6027.413, 300.787778, 58.865039
17986.032, 300.724742, 58.813570
13658.397, 300.970768, 59.033250
4085.412, 300.984120, 59.044003
8340.858, 300.771472, 58.853363
5626.112, 300.885282, 58.956743
13545.983, 300.664135, 58.759599
9491.119, 300.673668, 58.767310
2822.693, 300.679163, 58.771280
42078.505, 300.914317, 58.987317
6843.553, 300.742603, 58.830999
6466.701, 301.019110, 59.080130
2720.363, 300.718350, 58.810135
4006.620, 300.752944, 58.840819
2869.811, 300.805714, 58.888304
34966.095, 300.958630, 59.030282
22774.576, 300.664635, 58.763802
4040.251, 300.784021, 58.871123
4751.696, 300.807092, 58.891995
21391.051, 300.683209, 58.783442
362875.395, 300.956446, 59.044146
7621.509, 300.672016, 58.771224
14723.661, 300.774372, 58.864738
13992.649, 300.766971, 58.859228
19740.199, 301.023731, 59.090682
2012.701, 300.727930, 58.823473
8541.029, 300.638610, 58.744920
9580.270, 300.688538, 58.789903
61600.904, 300.718809, 58.822142
10628.705, 301.035938, 59.104314
31657.171, 300.868566, 58.957047
4023.153, 300.844452, 58.933316
15194.929, 301.026266, 59.097516
3635.541, 300.798842, 58.892422
5233.050, 300.770838, 58.869525
91610.971, 300.992856, 59.075668
21832.324, 300.938336, 59.023993
1987.682, 300.781209, 58.881900
65652.279, 300.873030, 58.970318
36656.202, 300.724928, 58.836584
31935.834, 300.802169, 58.906482
38054.589, 300.707766, 58.821707
19103.128, 300.939808, 59.031206
3996.528, 300.647204, 58.765121
6811.058, 300.684059, 58.799704
26543.722, 300.767812, 58.877223
25555.556, 300.808259, 58.914113
78697.483, 300.631078, 58.757594
4052.227, 300.689870, 58.806559
26337.687, 300.698070, 58.816742
1975.350, 300.787343, 58.894165
39913.785, 300.896470, 58.997044
23467.055, 300.741292, 58.855512
2801.426, 300.750088, 58.861985
12868.237, 300.862653, 58.964939
12524.426, 300.884419, 58.984358
22757.194, 300.891778, 58.992572
26310.604, 300.645005, 58.769941
64669.042, 300.659262, 58.785173
54878.912, 300.774557, 58.890359
5705.161, 300.687686, 58.808785
3650.121, 300.823021, 58.931402
2405.219, 300.876012, 58.978505
144176.971, 300.749648, 58.872119
16652.531, 300.884047, 58.989009
2840.444, 300.749972, 58.866675
3598.456, 300.637283, 58.766304
44134.749, 300.675033, 58.803977
9118.245, 300.632446, 58.763679
6378.235, 300.708594, 58.832034
3203.132, 300.700933, 58.825366
41270.224, 300.661833, 58.794512
13838.864, 300.907375, 59.015524
39375.276, 300.615062, 58.754605
14234.554, 300.973357, 59.076801
2867.489, 300.710306, 58.838790
10555.594, 300.829211, 58.948189
56334.428, 300.646490, 58.785917
12802.586, 300.939092, 59.047312
13449.082, 300.863891, 58.981473
6426.669, 300.635876, 58.774676
5592.136, 300.720407, 58.851524
5229.184, 300.802566, 58.927393
4017.867, 300.722119, 58.854830
5685.136, 300.749295, 58.879913
40005.420, 300.626032, 58.772488
28910.956, 300.703232, 58.841779
174279.566, 300.747288, 58.892150
64700.709, 300.877937, 59.001763
35324.621, 300.964678, 59.077940
2759.713, 300.743197, 58.875630
43277.846, 300.662946, 58.808090
28850.014, 300.611145, 58.760382
55436.775, 300.937403, 59.058104
40659.775, 300.643841, 58.793241
4830.605, 300.985402, 59.098368
5298.071, 300.606199, 58.756366
7289.094, 300.676387, 58.820703
3232.231, 300.794722, 58.927240
2423.608, 300.855816, 58.982062
14289.487, 300.736610, 58.878148
11655.717, 300.716182, 58.860162
165092.349, 300.813329, 58.954450
68366.442, 300.828371, 58.964954
42967.533, 300.633106, 58.790912
12913.848, 300.991687, 59.109086
34386.674, 300.620293, 58.778712
11252.408, 300.707092, 58.854270
11631.610, 300.725291, 58.870818
89137.645, 300.673984, 58.830694
30536.784, 300.885590, 59.016941
4441.033, 300.794409, 58.932782
39600.357, 300.924789, 59.054727
8422.633, 300.629717, 58.785099
9954.660, 300.715377, 58.865847
26204.923, 300.689574, 58.843546
2040.048, 300.977240, 59.100157
11502.969, 300.706358, 58.860349
14797.620, 300.758247, 58.907516
3974.878, 300.732511, 58.884417
6067.279, 300.737106, 58.887966
67352.561, 300.836997, 58.983052
6355.702, 300.722972, 58.876392
2420.256, 300.599008, 58.763473
4809.139, 300.761634, 58.912993
44393.615, 300.922766, 59.061011
23052.234, 300.599209, 58.768359
3984.122, 300.647831, 58.810339
1999.903, 300.750397, 58.902649
90077.158, 300.601974, 58.776955
37432.706, 300.684947, 58.850750
2426.483, 300.697922, 58.858457
78725.138, 300.727181, 58.891450
6001.472, 300.629452, 58.798227
155411.186, 300.637001, 58.813505
6760.570, 300.711689, 58.872583
176119.069, 300.850295, 59.004804
2795.103, 300.703601, 58.868495
19808.021, 300.838167, 58.992647
18413.554, 300.775143, 58.938463
21751.358, 300.789314, 58.953563
17150.747, 300.799683, 58.963789
4037.815, 300.622217, 58.802097
14437.775, 300.670490, 58.847657
34407.571, 300.588385, 58.776016
49879.749, 300.607256, 58.793434
1975.158, 300.953945, 59.103371
10730.308, 300.648506, 58.829931
3649.465, 300.640853, 58.824480
16251.012, 300.688779, 58.870906
2055.716, 300.937123, 59.092979
5283.969, 300.807021, 58.977931
41602.082, 300.779080, 58.956388
5998.141, 300.945437, 59.104043
4825.274, 300.969788, 59.124873
2408.797, 300.678360, 58.864201
3960.575, 300.657198, 58.846039
17006.651, 300.824010, 58.999708
4111.680, 300.916980, 59.081384
3569.807, 300.804534, 58.980549
5986.749, 300.613907, 58.808969
33145.485, 300.826224, 59.004643
4508.745, 300.884125, 59.053297
3638.502, 300.619402, 58.814186
15161.102, 300.726646, 58.913409
4004.915, 300.732436, 58.918210
22218.339, 300.942538, 59.109056
25325.166, 300.715252, 58.905935
13248.195, 300.863123, 59.037867
1997.849, 300.692081, 58.882497
3634.894, 300.711860, 58.901503
7261.758, 300.563358, 58.768238
27363.238, 300.682247, 58.877795
4341.652, 300.603111, 58.803929
1970.669, 300.896536, 59.069486
2402.512, 300.615077, 58.815254
3213.986, 300.618620, 58.818500
17386.828, 300.908628, 59.082685
6778.002, 300.592191, 58.796755
2770.069, 300.567150, 58.774332
7185.563, 300.687507, 58.884804
63224.071, 300.802307, 58.993421
63752.470, 300.888706, 59.070501
48369.225, 300.795279, 58.987121
24513.627, 300.747114, 58.941732
6402.267, 300.734540, 58.929928
6755.659, 300.665408, 58.868052
51119.087, 300.829609, 59.020755
11988.887, 300.875213, 59.059870
31770.403, 300.641601, 58.850805
4791.983, 300.626190, 58.836049
37077.430, 300.731123, 58.934321
10307.375, 300.649953, 58.859274
5219.123, 300.670342, 58.877017
35623.570, 300.764126, 58.965781
4022.299, 300.689105, 58.895509
35419.676, 300.695762, 58.904265
11315.591, 300.773804, 58.974642
19440.298, 300.612468, 58.831451
11322.677, 300.640117, 58.855340
15633.266, 300.647881, 58.863659
32831.492, 300.666303, 58.881785
11068.999, 300.670916, 58.885835
5132.309, 300.702260, 58.912105
2417.693, 300.912303, 59.101673
32073.976, 300.650848, 58.870190
2392.043, 300.675660, 58.888660
6331.633, 300.717111, 58.927725
14897.421, 300.816477, 59.019937
27751.687, 300.600104, 58.824957
6704.058, 300.736176, 58.947719
18256.905, 300.791066, 58.998742
2809.024, 300.566343, 58.792377
36086.517, 300.654316, 58.875802
6017.232, 300.575619, 58.802817
7607.295, 300.613530, 58.839474
13685.302, 300.845789, 59.048203
7147.097, 300.607320, 58.832931
7963.696, 300.638981, 58.861984
49093.995, 300.880627, 59.084128
59369.410, 300.677438, 58.902005
3208.205, 300.550083, 58.782922
3576.754, 300.707621, 58.926808
34724.995, 300.817788, 59.029545
31567.307, 300.738868, 58.958536
31895.338, 300.824665, 59.036859
6795.142, 300.546488, 58.784811
1985.685, 300.742736, 58.963051
19391.515, 300.776178, 58.995538
16380.336, 300.921674, 59.125880
25680.381, 300.535130, 58.777784
2026.709, 300.556935, 58.795952
5185.228, 300.646087, 58.877532
2789.690, 300.570924, 58.810803
133609.210, 300.652890, 58.891680
13263.999, 300.662866, 58.896873
22345.279, 300.895385, 59.106431
3573.292, 300.619506, 58.857892
39847.632, 300.682801, 58.918629
22346.579, 300.659890, 58.900567
49964.648, 300.737793, 58.970985
2840.381, 300.668729, 58.905499
5603.123, 300.677099, 58.914146
2841.820, 300.699953, 58.934102
29721.748, 300.572383, 58.821706
4039.083, 300.631624, 58.874008
141734.028, 300.904996, 59.126567
43099.992, 300.829302, 59.057010
2364.052, 300.563511, 58.813360
12807.958, 300.598047, 58.846106
2400.472, 300.687274, 58.925160
1989.848, 300.690210, 58.928734
17807.797, 300.851156, 59.076773
32159.050, 300.887267, 59.112033
2386.548, 300.543575, 58.795811
8408.819, 300.624768, 58.871402
56520.221, 300.614959, 58.867353
2393.974, 300.653302, 58.897521
8147.570, 300.913650, 59.133880
6900.784, 300.793685, 59.026930
338822.575, 300.628146, 58.886438
68853.514, 300.598815, 58.856894
7194.679, 300.694195, 58.938583
6012.483, 300.531159, 58.790469
23351.250, 300.717020, 58.962660
3255.323, 300.704039, 58.949227
4372.827, 300.519973, 58.782268
2426.940, 300.524179, 58.786231
13559.646, 300.582982, 58.842618
4420.213, 300.578882, 58.838265
150627.342, 300.669486, 58.928543
32834.108, 300.802336, 59.044547
10297.908, 300.639237, 58.896237
3257.330, 300.834397, 59.073019
2415.056, 300.538224, 58.805417
6390.552, 300.619297, 58.879663
12941.561, 300.524854, 58.796120
9944.069, 300.598270, 58.863368
64134.563, 300.848847, 59.092521
13505.800, 300.600866, 58.867765
12286.358, 300.613406, 58.877247
30089.695, 300.528922, 58.803278
2371.126, 300.721692, 58.976262
5368.690, 300.844244, 59.086799
6013.847, 300.646230, 58.908951
4006.383, 300.538439, 58.812355
13187.166, 300.587251, 58.859672
17761.404, 300.516806, 58.797475
3197.875, 300.648670, 58.915155
16126.367, 300.800721, 59.054271
12869.274, 300.891021, 59.135189
2777.802, 300.507149, 58.786879
5177.069, 300.720126, 58.981486
31818.231, 300.783543, 59.046171
15768.596, 300.842354, 59.097672
31709.470, 300.566325, 58.849033
9548.722, 300.521219, 58.806796
25206.985, 300.810803, 59.071655
3615.576, 300.527676, 58.812962
21489.249, 300.617084, 58.896860
40397.326, 300.622781, 58.903733
3621.169, 300.836840, 59.094919
2388.047, 300.699501, 58.971130
5248.844, 300.573585, 58.858100
26999.178, 300.587947, 58.874332
3152.802, 300.756135, 59.023251
63627.048, 300.892892, 59.151398
2773.212, 300.498649, 58.791761
12774.721, 300.535307, 58.828174
14570.332, 300.565211, 58.855246
17156.153, 300.661416, 58.943996
49338.498, 300.789890, 59.063175
2428.162, 300.522572, 58.815566
3645.839, 300.670714, 58.950962
10976.398, 300.872115, 59.134368
18032.041, 300.543081, 58.837439
2094.434, 300.589558, 58.877879
2822.539, 300.547411, 58.841160
25303.965, 300.664002, 58.949843
25201.286, 300.740372, 59.018277
2785.231, 300.515504, 58.811570
4061.917, 300.609878, 58.899104
5216.588, 300.623352, 58.912298
2831.275, 300.619665, 58.910329
81599.926, 300.492651, 58.806843
9170.046, 300.559381, 58.857735
3205.921, 300.588367, 58.882765
96315.598, 300.578839, 58.881409
14892.377, 300.675235, 58.964240
20658.946, 300.887339, 59.156520
20711.782, 300.813255, 59.090775
4825.324, 300.494269, 58.799751
9638.870, 300.591293, 58.889441
9580.657, 300.808846, 59.085429
16708.781, 300.827947, 59.104168
20642.902, 300.570199, 58.872070
5191.268, 300.851790, 59.125245
15308.115, 300.745890, 59.032931
6904.344, 300.519458, 58.826994
36699.206, 300.538907, 58.849060
27659.154, 300.777648, 59.063990
30744.585, 300.656169, 58.954325
4475.410, 300.693813, 58.987232
16343.536, 300.479019, 58.794461
4813.943, 300.668345, 58.964954
13348.680, 300.721747, 59.014268
6001.563, 300.717374, 59.010949
17553.884, 300.509306, 58.823038
12088.289, 300.614289, 58.918355
4076.898, 300.873198, 59.152101
43266.765, 300.634689, 58.941376
350425.217, 300.704324, 59.010643
23349.641, 300.742572, 59.038440
46164.434, 300.811604, 59.101801
2021.734, 300.510578, 58.825953
27416.760, 300.658302, 58.964374
7212.635, 300.835699, 59.123868
2450.490, 300.559003, 58.872930
2794.918, 300.585353, 58.897106
18245.519, 300.771425, 59.067742
9552.164, 300.550615, 58.868520
5233.052, 300.592708, 58.906862
4825.040, 300.610499, 58.923197
2055.367, 300.589087, 58.904093
4766.256, 300.525278, 58.848306
11288.577, 300.559212, 58.879766
2471.709, 300.717127, 59.022548
2798.706, 300.781168, 59.080084
3225.396, 300.575701, 58.896105
4856.343, 300.626515, 58.942837
7687.902, 300.845985, 59.140643
3606.101, 300.821275, 59.119481
49207.432, 300.558725, 58.885615
7198.940, 300.648021, 58.963801
13732.773, 300.661344, 58.976640
3294.833, 300.760879, 59.066342
64748.132, 300.489413, 58.826457
11327.730, 300.582911, 58.906808
32894.291, 300.611779, 58.935728
4914.526, 300.750270, 59.058758
33926.070, 300.778232, 59.086313
7237.660, 300.803730, 59.107414
4009.734, 300.512661, 58.843664
9225.399, 300.521693, 58.852006
2011.563, 300.637574, 58.956976
17495.692, 300.619481, 58.943670
47510.354, 300.740180, 59.054491
28023.550, 300.827719, 59.131998
5637.801, 300.533953, 58.865796
13227.514, 300.659761, 58.981711
37201.844, 300.718254, 59.038733
13211.155, 300.502436, 58.839807
3653.071, 300.515357, 58.851247
5921.433, 300.564695, 58.896361
11271.413, 300.724360, 59.042605
3215.972, 300.468451, 58.809274
5148.467, 300.546998, 58.881379
47646.129, 300.623163, 58.953662
13041.135, 300.747513, 59.064029
35182.238, 300.765480, 59.081659
35113.744, 300.813136, 59.125259
37341.456, 300.637452, 58.968213
5236.113, 300.462117, 58.806714
4441.939, 300.516833, 58.856895
14147.508, 300.556255, 58.894850
3990.796, 300.507986, 58.850381
35461.019, 300.448945, 58.800719
9598.250, 300.484589, 58.831596
9225.926, 300.845776, 59.157910
5573.281, 300.841594, 59.154683
5191.534, 300.557768, 58.900192
3965.861, 300.600256, 58.938221
2388.734, 300.642271, 58.976573
14859.609, 300.469495, 58.821654
9268.064, 300.525688, 58.872549
5228.072, 300.485473, 58.838093
5144.358, 300.563730, 58.910159
18212.471, 300.810716, 59.134461
4402.669, 300.513046, 58.864563
3534.786, 300.554859, 58.902072
9950.742, 300.571919, 58.918748
40338.804, 300.590049, 58.937427
16768.757, 300.446217, 58.805328
5593.881, 300.523289, 58.875355
51091.042, 300.708456, 59.047228
41597.803, 300.639352, 58.984684
7233.320, 300.726161, 59.060941
41449.640, 300.734635, 59.074409
3213.407, 300.840460, 59.165243
2023.790, 300.509051, 58.867329
7611.437, 300.538263, 58.894380
18849.836, 300.466635, 58.831581
25188.686, 300.655296, 59.003661
30398.819, 300.447806, 58.815175
6381.729, 300.457684, 58.822161
2006.566, 300.575918, 58.929046
6064.251, 300.462247, 58.828182
24548.346, 300.510306, 58.873258
4017.779, 300.542600, 58.902111
51543.415, 300.669404, 59.021375
95337.475, 300.768005, 59.115056
7295.392, 300.483802, 58.849690
13708.442, 300.710254, 59.058745
9234.385, 300.715083, 59.063716
7234.854, 300.455851, 58.828452
26199.137, 300.689027, 59.042553
14449.474, 300.584970, 58.948261
5528.623, 300.438852, 58.813900
32726.569, 300.528094, 58.897942
5618.844, 300.545684, 58.911663
17591.775, 300.614178, 58.976624
3249.809, 300.510771, 58.881007
5196.185, 300.702479, 59.054986
25594.195, 300.802946, 59.147897
12587.425, 300.653964, 59.012795
6458.582, 300.548134, 58.917312
4337.869, 300.535449, 58.906604
3711.598, 300.521004, 58.893764
8068.790, 300.585741, 58.953971
2755.350, 300.452037, 58.831754
4832.396, 300.614208, 58.980003
14548.936, 300.711112, 59.071108
6819.257, 300.529512, 58.905348
6390.989, 300.551701, 58.926203
42421.067, 300.734855, 59.094978
49493.357, 300.776605, 59.133384
7912.657, 300.458472, 58.842181
32639.602, 300.818465, 59.171747
1951.464, 300.547624, 58.923656
3219.534, 300.626135, 58.995628
2066.154, 300.446767, 58.833054
44679.770, 300.749894, 59.113083
48607.387, 300.478386, 58.867407
5222.020, 300.534678, 58.915602
18258.642, 300.588698, 58.965497
31070.104, 300.431365, 58.823636
6432.287, 300.593164, 58.969556
4001.270, 300.495347, 58.880792
2791.225, 300.791432, 59.148847
29987.970, 300.464388, 58.855764
43728.774, 300.605815, 58.984755
80474.388, 300.631551, 59.013008
4021.875, 300.473543, 58.863190
2395.496, 300.578531, 58.958662
8056.059, 300.644074, 59.019081
3686.958, 300.543021, 58.927652
39994.666, 300.564277, 58.949625
5948.935, 300.724839, 59.093397
2872.920, 300.451710, 58.844873
13213.084, 300.456467, 58.850432
8035.124, 300.621364, 58.999987
7213.426, 300.504720, 58.895255
5552.355, 300.616996, 58.998198
44190.706, 300.488951, 58.885090
4364.732, 300.414827, 58.814306
45832.240, 300.448769, 58.850168
4838.633, 300.475607, 58.872911
19028.936, 300.496781, 58.893741
27144.381, 300.570269, 58.962701
4026.349, 300.580463, 58.968602
6798.217, 300.425078, 58.829220
3605.119, 300.535065, 58.927899
21566.914, 300.711807, 59.091102
14710.959, 300.436737, 58.841146
17146.072, 300.540009, 58.934870
9746.823, 300.666549, 59.049910
37130.694, 300.617098, 59.008278
2784.821, 300.592603, 58.983689
2447.732, 300.503792, 58.903132
62583.096, 300.643224, 59.034827
66120.170, 300.722278, 59.106630
2340.086, 300.800872, 59.172804
11971.192, 300.454499, 58.860798
7213.666, 300.441129, 58.850255
10216.315, 300.503280, 58.907811
2046.587, 300.510881, 58.912907
9347.586, 300.745552, 59.128255
10043.436, 300.625728, 59.020843
58143.548, 300.520646, 58.928607
9195.449, 300.408033, 58.824465
345318.215, 300.579559, 58.990674
116504.582, 300.458272, 58.875754
37228.060, 300.397324, 58.818298
4394.779, 300.491197, 58.901266
6808.780, 300.527731, 58.934621
10760.791, 300.435596, 58.854975
28730.256, 300.764276, 59.153132
6011.395, 300.413241, 58.833322
7155.321, 300.452106, 58.870397
38301.705, 300.642535, 59.045046
29245.595, 300.695415, 59.092159
10566.466, 300.783657, 59.172012
4425.536, 300.499663, 58.914066
23902.652, 300.649466, 59.052562
24781.755, 300.477542, 58.896653
5217.325, 300.737399, 59.131402
5149.614, 300.555358, 58.967810
3209.295, 300.538498, 58.952253
29059.757, 300.544312, 58.960799
5606.194, 300.603708, 59.012139
4023.875, 300.442163, 58.865063
15217.690, 300.518179, 58.936192
2841.400, 300.681001, 59.081984
3990.356, 300.508569, 58.926942
21273.938, 300.631828, 59.041641
3168.226, 300.559110, 58.974409
23473.600, 300.445866, 58.873929
6026.275, 300.458551, 58.884190
3259.250, 300.738109, 59.137108
14406.285, 300.726660, 59.129664
5548.619, 300.516414, 58.940909
30841.199, 300.686232, 59.096943
29796.553, 300.697770, 59.107717
54604.296, 300.577907, 59.000989
52210.048, 300.736975, 59.144285
18354.185, 300.385808, 58.825629
4437.189, 300.490735, 58.918578
3604.455, 300.510433, 58.937151
6725.134, 300.396179, 58.833513
2815.992, 300.497452, 58.925164
9193.211, 300.413734, 58.851751
22666.613, 300.434160, 58.875277
2828.382, 300.440559, 58.877209
18205.646, 300.553676, 58.982230
4854.790, 300.775442, 59.181278
12050.429, 300.511824, 58.946183
6820.038, 300.540105, 58.969502
11124.279, 300.387584, 58.832364
6448.509, 300.508599, 58.942960
2038.696, 300.391861, 58.835804
23315.726, 300.676527, 59.098034
2363.732, 300.578370, 59.008532
4711.522, 300.700538, 59.118834
8370.253, 300.471853, 58.913390
93853.285, 300.596394, 59.031914
56151.703, 300.396907, 58.850574
16745.758, 300.434546, 58.881438
35050.872, 300.626926, 59.057886
18603.701, 300.633855, 59.062238
29605.807, 300.648378, 59.077264
80705.335, 300.563150, 59.003007
4828.997, 300.590832, 59.024001
24543.564, 300.726921, 59.149064
7210.732, 300.608696, 59.042356
3982.952, 300.512395, 58.954087
21252.835, 300.436403, 58.887140
1983.009, 300.462959, 58.909518
3215.554, 300.474305, 58.919793
23220.938, 300.615204, 59.050942
4087.659, 300.709082, 59.133919
6060.735, 300.422035, 58.875481
28446.208, 300.746724, 59.171756
4436.574, 300.375917, 58.834521
2370.348, 300.439826, 58.893630
4830.041, 300.446707, 58.900933
60914.719, 300.524384, 58.975714
4417.421, 300.378245, 58.838666
18626.635, 300.409204, 58.869692
4432.243, 300.488979, 58.940424
25241.859, 300.652540, 59.091094
11222.420, 300.406155, 58.866527
2835.174, 300.729060, 59.158453
32644.056, 300.478814, 58.935046
7956.825, 300.594400, 59.038807
18508.980, 300.713080, 59.146633
4371.411, 300.469132, 58.926211
7608.630, 300.370329, 58.836863
3200.141, 300.387302, 58.850824
11147.594, 300.444125, 58.907270
18096.257, 300.491221, 58.950439
11983.173, 300.398694, 58.866405
4413.954, 300.472342, 58.932830
15362.733, 300.732180, 59.169355
3204.402, 300.410597, 58.876450
11563.646, 300.445600, 58.911056
83667.125, 300.417394, 58.889206
42235.816, 300.451426, 58.919576
6526.188, 300.652084, 59.098486
7654.048, 300.615230, 59.066081
25714.351, 300.672993, 59.119433
3176.601, 300.415964, 58.884788
41228.029, 300.516653, 58.980150
46883.420, 300.709678, 59.155355
2071.603, 300.619976, 59.071719
3209.870, 300.743931, 59.184010
32367.573, 300.357808, 58.836204
15236.982, 300.483222, 58.949152
1969.788, 300.390285, 58.863332
3124.988, 300.478705, 58.945406
9674.790, 300.569156, 59.028200
3926.710, 300.368440, 58.845193
2003.301, 300.411890, 58.884027
2024.353, 300.499443, 58.964823
52093.642, 300.399833, 58.877757
2405.538, 300.487021, 58.953594
19927.612, 300.528733, 58.994243
29571.259, 300.457438, 58.931837
13618.916, 300.554768, 59.020516
2389.665, 300.351102, 58.832147
284158.189, 300.433016, 58.921166
4840.413, 300.531445, 58.998531
3997.627, 300.365237, 58.847175
11699.758, 300.663035, 59.120297
20042.816, 300.683907, 59.139491
4045.095, 300.736962, 59.186313
3989.703, 300.380348, 58.864464
6370.701, 300.477091, 58.953006
56574.199, 300.641765, 59.106015
5634.362, 300.414315, 58.896603
10025.299, 300.501961, 58.978965
22274.373, 300.698138, 59.158618
19039.633, 300.370707, 58.861052
2404.030, 300.384347, 58.870679
28004.659, 300.716571, 59.176644
8922.271, 300.617909, 59.086957
4819.291, 300.666898, 59.130362
1976.685, 300.343270, 58.835350
42589.096, 300.474221, 58.960382
33798.404, 300.467135, 58.954750
14799.511, 300.376040, 58.870449
11669.478, 300.520079, 59.001468
5286.415, 300.361954, 58.857843
8738.137, 300.408656, 58.903187
6695.418, 300.378358, 58.876132
8834.978, 300.529742, 59.017132
6010.198, 300.598059, 59.078605
12742.013, 300.399795, 58.899078
11179.149, 300.473381, 58.967165
74190.640, 300.331498, 58.841087
15245.278, 300.637473, 59.119378
5978.225, 300.342337, 58.848180
4863.096, 300.367193, 58.871666
25754.243, 300.491076, 58.986909
3605.578, 300.652800, 59.131636
2409.717, 300.363170, 58.868744
5584.415, 300.438354, 58.938190
6451.094, 300.646938, 59.128044
38461.178, 300.677852, 59.158344
30438.040, 300.348399, 58.859256
4379.074, 300.381589, 58.886439
4398.859, 300.445777, 58.945755
2383.399, 300.449790, 58.948455
65167.066, 300.525133, 59.021743
17029.284, 300.577369, 59.066760
5957.094, 300.707280, 59.182493
104645.422, 300.627151, 59.118902
34354.534, 300.353023, 58.865272
100379.081, 300.385179, 58.897670
11591.756, 300.456854, 58.959214
4455.645, 300.472117, 58.972923
4853.288, 300.696945, 59.176183
80500.874, 300.397835, 58.911353
106279.337, 300.509434, 59.011726
5555.707, 300.647197, 59.133515
8353.419, 300.379144, 58.890251
5650.033, 300.723089, 59.203475
4804.043, 300.459159, 58.964004
25464.997, 300.485575, 58.989948
18838.254, 300.654743, 59.142643
30012.651, 300.331875, 58.851126
2771.889, 300.365658, 58.878519
8142.684, 300.368067, 58.881146
12051.637, 300.433418, 58.942448
5985.455, 300.683088, 59.169755
3582.392, 300.501938, 59.004590
66622.913, 300.540567, 59.045030
5154.351, 300.688384, 59.176966
2796.755, 300.458623, 58.967958
14065.173, 300.554437, 59.057490
75799.718, 300.345513, 58.874023
62401.927, 300.671411, 59.170294
10207.593, 300.571954, 59.076259
13179.942, 300.636204, 59.135958
4392.922, 300.670112, 59.165636
12414.754, 300.558089, 59.065710
18547.073, 300.661305, 59.160273
27129.538, 300.307698, 58.842210
3201.116, 300.365635, 58.889413
18401.557, 300.374255, 58.899693
2357.437, 300.406113, 58.926805
2005.500, 300.577622, 59.082713
7665.164, 300.692873, 59.187579
9979.079, 300.355931, 58.882191
10057.754, 300.359441, 58.885704
19197.824, 300.578651, 59.087995
2439.246, 300.424611, 58.946311
20655.770, 300.414341, 58.939466
2012.795, 300.384270, 58.911033
3179.921, 300.478264, 58.996997
11535.191, 300.395617, 58.924557
5912.723, 300.316367, 58.850898
9611.372, 300.402214, 58.931004
6018.410, 300.602793, 59.113377
2427.944, 300.642112, 59.148015
2347.922, 300.349912, 58.883397
30598.673, 300.384858, 58.920746
18445.638, 300.503982, 59.025812
24140.591, 300.588294, 59.102394
2010.197, 300.677360, 59.180305
4400.205, 300.408570, 58.937712
31387.997, 300.414203, 58.944798
4350.651, 300.498021, 59.019054
40200.633, 300.580281, 59.096820
4726.571, 300.538679, 59.057249
16368.398, 300.619007, 59.132452
2431.811, 300.327214, 58.863940
74623.635, 300.357684, 58.898220
5260.998, 300.604329, 59.120661
8444.640, 300.457814, 58.987412
24080.605, 300.636099, 59.152901
2357.029, 300.404684, 58.938911
5316.022, 300.600667, 59.117752
4346.913, 300.339923, 58.880995
9752.450, 300.472535, 59.002478
15381.701, 300.679649, 59.190980
25965.412, 300.346407, 58.890639
15958.724, 300.619802, 59.139743
513584.528, 300.308104, 58.873655
6789.107, 300.436474, 58.971397
3186.358, 300.392641, 58.931148
8057.493, 300.447016, 58.985316
14208.130, 300.574378, 59.101960
6029.409, 300.610268, 59.134201
6907.327, 300.643599, 59.164165
11235.154, 300.361614, 58.909125
25596.408, 300.500983, 59.037083
71305.815, 300.324141, 58.881232
19297.251, 300.437299, 58.980568
31357.013, 300.630318, 59.157369
13624.980, 300.311640, 58.865124
3590.694, 300.348006, 58.897926
14349.033, 300.380457, 58.928973
16361.450, 300.290900, 58.848625
5636.973, 300.389678, 58.937446
7307.434, 300.364116, 58.914963
38030.042, 300.527907, 59.068456
50494.524, 300.612318, 59.145643
6788.060, 300.300643, 58.857198
4363.467, 300.439799, 58.985831
24711.462, 300.441713, 58.989598
2837.274, 300.494596, 59.035208
4889.938, 300.562919, 59.097470
21303.077, 300.566391, 59.103001
1972.514, 300.659108, 59.184189
2001.774, 300.683891, 59.208047
3195.051, 300.337507, 58.894616
22124.388, 300.600244, 59.136822
51439.150, 300.294387, 58.859872
8835.711, 300.394248, 58.948392
74427.593, 300.427641, 58.985554
14077.468, 300.675824, 59.204685
3731.905, 300.532177, 59.075239
48681.658, 300.536293, 59.083869
8934.008, 300.665382, 59.196167
7548.230, 300.448163, 59.000837
2778.604, 300.487263, 59.035772
14779.476, 300.498240, 59.047433
2825.922, 300.636747, 59.171945
8066.108, 300.463792, 59.016548
7589.055, 300.475966, 59.027203
100397.990, 300.364234, 58.938131
4395.604, 300.377277, 58.937826
8496.926, 300.581862, 59.124851
4351.082, 300.568394, 59.113467
11142.324, 300.364531, 58.928722
9112.038, 300.510067, 59.062106
9611.775, 300.554501, 59.103241
50576.256, 300.558547, 59.109264
16493.280, 300.614079, 59.157586
64120.036, 300.661342, 59.202400
2496.853, 300.630484, 59.170911
14010.607, 300.335427, 58.904708
12109.834, 300.434591, 58.995620
111399.992, 300.535471, 59.094898
29620.330, 300.326569, 58.898496
13003.811, 300.445219, 59.007383
6418.739, 300.486940, 59.043859
18555.163, 300.385839, 58.953176
2446.502, 300.320254, 58.891928
3243.291, 300.476089, 59.034741
9569.279, 300.407916, 58.974427
8715.652, 300.280491, 58.858698
6887.317, 300.311020, 58.886604
15910.939, 300.469788, 59.033510
4846.195, 300.284707, 58.864046
21591.325, 300.356905, 58.931210
7169.361, 300.413669, 58.982105
2060.365, 300.339449, 58.914524
1978.917, 300.374706, 58.946514
10918.486, 300.396069, 58.968787
14495.934, 300.452279, 59.020423
49911.620, 300.634687, 59.189505
28435.132, 300.475546, 59.042900
28326.314, 300.609572, 59.165907
90231.014, 300.435477, 59.014039
11674.628, 300.455011, 59.025537
8093.841, 300.568884, 59.128257
152819.191, 300.319613, 58.909445
2033.695, 300.267665, 58.853790
13618.487, 300.283161, 58.870443
9993.097, 300.411867, 58.987027
37761.006, 300.276389, 58.867990
4365.859, 300.542939, 59.106353
3958.034, 300.615386, 59.172189
3204.726, 300.646427, 59.200139
3592.874, 300.369205, 58.949028
16560.378, 300.478187, 59.049981
21584.165, 300.298012, 58.886889
9562.978, 300.349307, 58.932225
4398.587, 300.388418, 58.967620
3574.438, 300.264330, 58.854509
28258.150, 300.424286, 59.003286
4919.902, 300.493353, 59.064607
39621.324, 300.655746, 59.213454
9956.421, 300.287945, 58.877411
2515.531, 300.312265, 58.899011
5660.093, 300.405426, 58.984935
19341.041, 300.545043, 59.113747
3538.831, 300.551296, 59.118494
8102.001, 300.493983, 59.068360
2393.693, 300.365730, 58.950686
3970.956, 300.450514, 59.029092
4056.665, 300.268541, 58.863192
2453.144, 300.332966, 58.921835
94752.345, 300.530641, 59.107824
10477.784, 300.610199, 59.176162
35841.991, 300.633898, 59.201263
23078.538, 300.255626, 58.856542
7536.269, 300.262313, 58.859032
2469.529, 300.458508, 59.038065
4976.896, 300.479372, 59.057577
29440.767, 300.592351, 59.162667
4785.205, 300.343236, 58.933344
24882.268, 300.578180, 59.150303
18864.196, 300.467772, 59.049755
12732.060, 300.303475, 58.899624
10819.212, 300.263098, 58.864724
18082.768, 300.598849, 59.171602
4931.046, 300.622452, 59.191671
37333.581, 300.404861, 58.998073
36094.792, 300.432654, 59.023303
3202.223, 300.440453, 59.027841
2450.058, 300.377378, 58.970678
3565.831, 300.379384, 58.974300
24005.583, 300.280273, 58.886689
11645.547, 300.337480, 58.938265
22251.618, 300.553061, 59.135385
17912.191, 300.270741, 58.878230
17424.903, 300.289464, 58.894995
83185.501, 300.337099, 58.950365
13945.006, 300.471532, 59.063411
16730.390, 300.257629, 58.868132
5588.138, 300.419653, 59.016414
20027.123, 300.647529, 59.224369
15518.546, 300.317614, 58.923509
19468.632, 300.507158, 59.098428
7958.903, 300.619748, 59.199920
42983.580, 300.242974, 58.861307
30819.447, 300.575651, 59.162532
65167.985, 300.611777, 59.196478
8303.614, 300.347855, 58.954096
2773.208, 300.421862, 59.020328
4404.770, 300.525243, 59.115680
54922.309, 300.298014, 58.913572
8088.690, 300.554209, 59.144131
13038.736, 300.428728, 59.029691
28172.257, 300.591793, 59.181016
27923.123, 300.437877, 59.041101
3188.783, 300.263250, 58.879209
32278.815, 300.395627, 59.004171
8306.876, 300.470321, 59.071019
21924.110, 300.574227, 59.167935
2818.439, 300.354589, 58.963829
7961.884, 300.448066, 59.050790
27695.586, 300.563236, 59.156979
4387.020, 300.617724, 59.204532
1960.425, 300.258617, 58.877263
18648.723, 300.382854, 58.996210
11925.276, 300.441728, 59.047848
12410.790, 300.527477, 59.125912
13450.788, 300.400453, 59.012421
238696.370, 300.481873, 59.100252
14025.509, 300.535109, 59.134981
7233.757, 300.580044, 59.174335
19395.048, 300.255501, 58.880248
3234.134, 300.416754, 59.026301
60894.969, 300.480747, 59.090192
2400.273, 300.582948, 59.176827
2373.056, 300.374713, 58.988440
2758.640, 300.245124, 58.870258
141720.972, 300.272120, 58.905336
28950.119, 300.418223, 59.032005
4408.626, 300.623612, 59.215941
1986.062, 300.356347, 58.973096
4757.449, 300.297589, 58.921998
43062.538, 300.315761, 58.940309
32574.498, 300.444995, 59.058573
2018.684, 300.260889, 58.887176
2004.868, 300.351151, 58.970213
137707.555, 300.354974, 58.981902
3545.731, 300.364781, 58.984471
4920.865, 300.402077, 59.017859
2466.975, 300.440692, 59.052696
13223.903, 300.582594, 59.183697
23031.399, 300.405776, 59.024154
59555.800, 300.334721, 58.962345
2418.841, 300.594231, 59.195043
4018.125, 300.623739, 59.222082
8378.449, 300.594817, 59.198529
16809.087, 300.236015, 58.871399
21849.953, 300.319367, 58.949256
8437.496, 300.300733, 58.930810
2433.988, 300.468230, 59.082865
22656.412, 300.489169, 59.105027
7592.179, 300.412123, 59.034035
8459.615, 300.499280, 59.112972
5283.635, 300.603537, 59.209005
21864.355, 300.387583, 59.015833
7952.952, 300.418357, 59.041973
2021.769, 300.596347, 59.203175
22912.768, 300.279758, 58.917831
46609.910, 300.321736, 58.956984
6791.094, 300.398630, 59.025973
6447.483, 300.534661, 59.149137
7562.541, 300.372985, 59.003065
37650.014, 300.604932, 59.217059
14760.374, 300.233813, 58.878546
4389.980, 300.243559, 58.885810
8758.477, 300.299360, 58.938303
3180.993, 300.424773, 59.052543
25465.543, 300.307862, 58.948445
57000.961, 300.570137, 59.190732
2448.286, 300.294365, 58.934754
183801.617, 300.325281, 58.972356
6367.742, 300.430884, 59.062749
7529.300, 300.223747, 58.872913
25725.927, 300.337772, 58.979581
9541.677, 300.367127, 59.006634
31625.702, 300.359470, 59.002394
3518.812, 300.386058, 59.024117
2417.094, 300.218226, 58.870062
14740.287, 300.239825, 58.892278
8837.762, 300.424119, 59.060783
9952.098, 300.454196, 59.088476
22863.811, 300.590563, 59.213205
2400.699, 300.374853, 59.016690
12443.822, 300.388332, 59.030060
13169.692, 300.541833, 59.171464
17402.895, 300.595611, 59.219289
1981.730, 300.336701, 58.983077
5153.884, 300.278910, 58.932161
18047.670, 300.380944, 59.027502
36129.689, 300.392556, 59.039129
10886.422, 300.499171, 59.134406
5639.238, 300.304713, 58.956789
6780.898, 300.270394, 58.926820
3662.206, 300.311388, 58.963765
33987.318, 300.338748, 58.991348
58119.290, 300.602065, 59.231825
10405.691, 300.220636, 58.881665
98266.815, 300.223549, 58.891468
52283.324, 300.591886, 59.223644
6436.138, 300.476579, 59.116889
11478.724, 300.287503, 58.946200
98982.632, 300.289998, 58.952918
4841.275, 300.410520, 59.056700
6845.240, 300.464890, 59.107418
145540.102, 300.481187, 59.131189
2432.837, 300.242376, 58.904724
8946.909, 300.371851, 59.025340
18139.376, 300.451461, 59.098574
12909.618, 300.525950, 59.166357
18553.039, 300.274982, 58.938026
6389.563, 300.325273, 58.984065
6502.063, 300.366603, 59.022704
7528.545, 300.559260, 59.197975
9638.586, 300.257075, 58.922697
6046.492, 300.327157, 58.987115
7243.037, 300.377084, 59.032619
2404.561, 300.463256, 59.111192
8385.825, 300.263762, 58.930389
9560.896, 300.430649, 59.084713
7167.837, 300.235278, 58.904503
2785.327, 300.244567, 58.913476
18276.387, 300.570565, 59.213737
19615.334, 300.302068, 58.969510
7171.477, 300.332375, 58.996200
24812.740, 300.375084, 59.037781
12534.331, 300.551237, 59.196061
25147.821, 300.580471, 59.223696
4012.872, 300.594327, 59.234565
24198.315, 300.206272, 58.882508
11662.411, 300.387036, 59.048273
5620.687, 300.313910, 58.981424
2026.800, 300.291477, 58.960908
4471.925, 300.595686, 59.238722
1999.428, 300.343274, 59.009476
