# Source Fluxes and Coordinates
# Flux (e-/s), RA (deg), Dec (deg)
432879.510, 301.095770, 58.835357
17893.760, 300.989356, 58.738469
15378.166, 301.321565, 59.037779
22826.500, 301.037855, 58.785219
22515.258, 301.234121, 58.961348
5633.731, 301.348622, 59.063666
10574.891, 301.009440, 58.760817
13228.557, 301.080240, 58.825266
2116.654, 301.099526, 58.843018
19333.487, 301.115223, 58.858979
14479.614, 301.110450, 58.854670
2566.334, 301.029225, 58.781035
16310.197, 301.141519, 58.884015
28923.345, 301.054929, 58.807942
3808.688, 301.123389, 58.866739
4307.277, 301.005789, 58.762751
14656.903, 301.031012, 58.788226
8089.340, 301.116979, 58.865903
4292.528, 300.989478, 58.751505
2630.164, 301.151684, 58.896852
58890.377, 301.056411, 58.817542
3912.502, 301.303160, 59.035360
2967.094, 301.021939, 58.783293
28522.039, 301.177863, 58.926994
23330.059, 300.992930, 58.761850
2541.950, 300.957437, 58.726433
3857.433, 301.080866, 58.838451
24275.320, 301.086712, 58.848883
43059.860, 300.974028, 58.748882
9564.906, 301.271349, 59.014598
31810.760, 301.100317, 58.863985
4274.283, 300.970593, 58.744648
8108.939, 301.019631, 58.789800
66482.936, 301.293834, 59.039156
44065.098, 300.957767, 58.737344
2957.662, 301.090943, 58.854552
3043.789, 300.992762, 58.767733
27592.556, 301.063997, 58.835632
17908.557, 301.008688, 58.785739
3805.480, 301.013513, 58.790243
4738.166, 300.975389, 58.756926
14067.431, 300.935416, 58.724476
18375.936, 300.977953, 58.764176
42722.192, 301.181148, 58.947641
7218.801, 301.086451, 58.860375
2125.986, 301.069716, 58.845533
11661.295, 301.283472, 59.038759
58712.872, 301.011927, 58.799257
4705.232, 301.173900, 58.941287
2943.464, 301.205772, 58.970507
11923.744, 301.062032, 58.844410
13876.648, 301.111528, 58.889114
30921.046, 301.134683, 58.911427
22393.968, 300.981201, 58.773515
62273.320, 300.929347, 58.730901
6847.815, 300.997952, 58.788865
96630.239, 301.202098, 58.976431
2990.342, 300.983057, 58.776890
2147.030, 301.146809, 58.927074
59607.017, 301.167345, 58.949578
36483.769, 301.209123, 58.986878
38453.683, 301.253378, 59.025465
16825.414, 301.056888, 58.849424
14631.299, 301.135865, 58.921366
76370.395, 301.297245, 59.068208
2609.545, 300.917228, 58.723113
14399.944, 300.953544, 58.757819
3436.919, 300.977241, 58.778416
14574.246, 300.982294, 58.786029
7323.349, 300.934138, 58.741663
34828.769, 300.944243, 58.753258
68038.575, 301.170438, 58.959030
30036.921, 301.065713, 58.864848
9754.142, 301.119559, 58.911849
37474.873, 301.010537, 58.820655
52547.635, 301.152597, 58.948012
117257.204, 300.902599, 58.724794
5699.388, 301.311591, 59.088993
17699.962, 301.108236, 58.910758
10652.545, 300.940716, 58.759774
28845.554, 301.088784, 58.895022
3336.471, 300.909325, 58.730988
9158.026, 301.246567, 59.036336
47068.503, 300.944656, 58.771832
33930.617, 301.130024, 58.936828
8272.021, 301.260824, 59.051600
8525.179, 300.902648, 58.729925
8208.357, 301.265103, 59.057935
6114.286, 301.293617, 59.082935
7237.721, 300.973866, 58.797081
15390.447, 301.011641, 58.835153
12392.156, 300.985750, 58.812005
53236.442, 301.109687, 58.926865
6895.345, 300.889029, 58.727100
8086.476, 300.919951, 58.756489
3788.065, 301.103029, 58.921036
2585.227, 301.016680, 58.844133
29384.084, 301.045332, 58.872849
111646.998, 301.068467, 58.896664
24952.983, 301.285298, 59.086879
4268.460, 300.956997, 58.792224
52135.551, 300.905118, 58.751910
12441.778, 300.940028, 58.780200
87017.848, 300.895208, 58.745558
50835.872, 300.943018, 58.788027
4660.655, 300.960945, 58.800564
56115.331, 301.104952, 58.934209
2567.349, 300.933011, 58.775612
27106.429, 301.113197, 58.941070
8636.207, 300.974188, 58.814486
69661.994, 301.167417, 58.994592
6777.682, 300.936336, 58.784153
30081.502, 300.994710, 58.840565
38757.800, 300.880944, 58.741285
15430.835, 301.046364, 58.887201
14824.043, 301.209808, 59.034925
65971.502, 301.015571, 58.864960
26313.652, 301.075252, 58.916930
3436.814, 300.905060, 58.761074
2568.460, 300.923699, 58.779880
12391.667, 301.107701, 58.947773
4634.865, 301.132010, 58.969376
4640.166, 300.923514, 58.782666
6849.889, 300.987001, 58.840563
75996.354, 300.886257, 58.754764
13546.487, 300.914522, 58.775968
163604.118, 301.137579, 58.982057
149400.763, 301.027696, 58.890110
4658.074, 300.951648, 58.810776
25855.881, 301.240717, 59.073060
367433.096, 300.859106, 58.741239
2117.194, 300.968797, 58.827420
6916.270, 300.945818, 58.809724
48523.410, 300.969207, 58.834788
5495.635, 300.875394, 58.747827
2181.991, 300.935304, 58.802272
14907.797, 301.067295, 58.923269
2555.785, 300.949209, 58.815734
12999.639, 301.188917, 59.032238
64928.354, 300.953679, 58.826279
2155.868, 301.172033, 59.017533
2101.711, 301.058595, 58.915713
2591.172, 300.887723, 58.762288
71624.776, 301.000954, 58.871672
10716.623, 300.898457, 58.775573
5581.520, 301.100491, 58.957350
4654.076, 300.881805, 58.760839
20065.403, 301.014377, 58.882389
9851.486, 301.062039, 58.926081
28567.977, 301.141152, 58.998635
11838.452, 300.864330, 58.748804
4274.967, 301.067417, 58.932261
4713.436, 300.979386, 58.853566
3003.426, 301.251885, 59.099236
19314.849, 300.960620, 58.840167
6815.954, 300.896790, 58.786028
2998.536, 300.855612, 58.749366
16634.676, 300.951230, 58.837278
4272.381, 300.848223, 58.745332
67754.156, 301.202305, 59.068583
120319.328, 300.862822, 58.766499
5036.291, 300.935845, 58.826173
10594.666, 301.002914, 58.887254
13162.875, 300.969663, 58.858641
22521.199, 300.851797, 58.753807
16703.812, 300.951058, 58.842215
18275.129, 301.223580, 59.087250
2645.756, 300.871351, 58.769347
10184.517, 300.874573, 58.774338
31811.429, 301.065367, 58.947842
26175.085, 301.106710, 58.984485
15826.625, 300.923042, 58.819781
148128.571, 301.022850, 58.914133
31691.474, 301.041421, 58.927612
35267.554, 301.111879, 58.995134
2981.867, 300.881174, 58.783903
7229.050, 300.904069, 58.807571
5715.914, 301.238402, 59.109681
41876.808, 301.046899, 58.943100
114138.975, 301.131990, 59.021883
10637.233, 300.860107, 58.774910
15687.980, 300.961340, 58.867159
65234.974, 300.982936, 58.889297
55348.130, 301.119744, 59.013034
20065.384, 300.963562, 58.871848
6332.129, 300.872452, 58.787471
56111.762, 300.916159, 58.830565
11513.526, 300.954282, 58.864351
2556.698, 300.835805, 58.755594
5937.880, 300.844482, 58.764018
15923.761, 300.989164, 58.895860
3920.810, 300.923155, 58.837105
5071.262, 300.826461, 58.749669
3442.009, 300.928698, 58.843982
2974.577, 300.831241, 58.757170
5532.383, 300.947902, 58.863732
3808.511, 300.842422, 58.768022
86200.899, 300.935220, 58.858569
26366.810, 301.141810, 59.043460
8110.079, 300.906217, 58.829646
15851.318, 301.026254, 58.939858
578409.673, 300.819677, 58.765530
33603.985, 301.101061, 59.008695
54453.257, 301.193629, 59.092173
2591.223, 300.883845, 58.810787
10153.776, 300.892755, 58.821267
26911.997, 301.074241, 58.986167
7620.567, 300.842337, 58.775509
13274.175, 300.975472, 58.896806
11305.200, 301.174910, 59.076396
19300.803, 301.067598, 58.981940
11052.473, 300.985852, 58.908597
8592.123, 301.062558, 58.978243
80906.846, 300.837333, 58.779404
38569.719, 300.902054, 58.836957
5508.644, 300.879185, 58.813859
3425.050, 300.897094, 58.829679
2606.232, 300.922023, 58.852699
6403.742, 300.891299, 58.826433
8443.607, 300.841178, 58.784459
6019.165, 301.039947, 58.963906
34783.529, 301.138731, 59.054443
2155.528, 300.854583, 58.796235
2108.312, 300.811331, 58.758022
3397.488, 300.995697, 58.925994
5530.996, 300.952389, 58.889518
11905.286, 300.911180, 58.853811
43158.346, 300.923433, 58.867418
4245.242, 300.876734, 58.822512
28100.790, 300.883533, 58.832437
29908.639, 300.968491, 58.907928
21519.858, 301.014358, 58.948460
16612.868, 300.878915, 58.826968
4354.041, 301.162958, 59.082000
10303.264, 300.986243, 58.925191
18468.642, 301.041052, 58.975332
3834.115, 300.836329, 58.789740
38792.825, 301.058674, 58.992820
15812.671, 300.839919, 58.795861
5110.721, 300.895028, 58.845632
41863.338, 301.160120, 59.087566
3473.147, 300.998284, 58.940377
3923.511, 301.142988, 59.070316
41927.324, 300.818174, 58.782328
2127.193, 300.844993, 58.803463
8962.709, 300.900751, 58.854600
9308.346, 300.920486, 58.874163
3534.782, 300.847989, 58.807612
6805.392, 300.864808, 58.824594
40140.731, 300.795096, 58.764609
91606.306, 301.023965, 58.976047
62981.901, 300.805937, 58.777324
21234.979, 300.875762, 58.838585
32216.935, 300.980486, 58.933874
33089.521, 301.144869, 59.081817
3448.311, 300.951992, 58.907172
36119.707, 301.130750, 59.070237
58936.366, 300.823768, 58.797785
4225.830, 300.966863, 58.922431
25635.488, 301.090304, 59.035312
2194.008, 300.832953, 58.801754
17103.582, 300.836004, 58.806545
11127.330, 300.940214, 58.900590
2980.360, 301.004539, 58.959268
2544.892, 300.852766, 58.823518
29464.505, 301.077148, 59.029045
15110.606, 301.110696, 59.058687
70169.160, 300.848214, 58.827366
126192.903, 300.965096, 58.941041
17073.679, 301.019465, 58.981168
12247.825, 300.783029, 58.767142
4679.624, 300.877422, 58.852410
17186.515, 300.961281, 58.930370
5040.062, 300.840791, 58.820918
50893.186, 300.928083, 58.904596
14983.601, 300.791758, 58.779345
15262.831, 300.806426, 58.792595
5510.102, 300.870153, 58.851056
39494.510, 301.003336, 58.975163
83356.662, 301.020107, 58.991805
11926.876, 300.890172, 58.876065
2545.755, 300.787689, 58.782356
3428.332, 300.826638, 58.817600
7753.001, 300.802064, 58.796588
73592.951, 300.774096, 58.776604
91247.978, 300.856605, 58.853290
11979.428, 300.978082, 58.958070
33001.689, 301.093566, 59.064354
31280.978, 301.143634, 59.110354
8180.053, 301.153058, 59.116610
6384.989, 300.922258, 58.910687
6822.996, 300.875986, 58.870686
44458.181, 301.112312, 59.086981
208724.990, 301.016908, 59.006851
9388.792, 300.786553, 58.791864
2541.944, 300.866751, 58.864121
8085.378, 300.826830, 58.830312
21895.360, 300.887477, 58.886192
13966.935, 300.843953, 58.847954
27004.001, 300.909027, 58.906781
13135.631, 300.791245, 58.799378
27144.896, 300.785010, 58.796302
8922.935, 300.831869, 58.837273
12711.777, 300.873863, 58.875697
14442.330, 300.923202, 58.920584
17952.739, 300.977342, 58.969948
6393.957, 300.799596, 58.809166
3851.843, 300.816196, 58.823445
3341.775, 300.867488, 58.870679
35610.381, 300.896269, 58.900703
41833.010, 301.022520, 59.016911
3843.232, 300.977483, 58.974749
15374.524, 300.794514, 58.811704
39146.138, 300.804928, 58.822377
21116.950, 301.031046, 59.025565
2096.493, 300.831834, 58.843952
6418.313, 300.825155, 58.840054
46692.079, 301.131946, 59.119113
39155.600, 300.766064, 58.790026
39140.848, 300.920326, 58.929389
27748.969, 300.960902, 58.965799
22104.301, 300.754095, 58.780136
65363.956, 300.744356, 58.776018
7646.491, 300.778983, 58.801117
40997.708, 300.860194, 58.881500
37060.359, 301.092493, 59.089194
62395.991, 300.771805, 58.806107
22895.583, 300.897118, 58.916215
260901.861, 300.899287, 58.922724
36037.677, 300.809560, 58.837219
14917.743, 300.875294, 58.894812
8478.590, 301.074128, 59.074748
13154.442, 300.752963, 58.788652
4718.255, 300.793896, 58.823294
71819.028, 300.774094, 58.811602
2164.787, 300.825588, 58.853060
19179.836, 300.842373, 58.870416
16840.552, 300.852295, 58.878884
11210.299, 301.077809, 59.081544
6376.107, 300.887369, 58.909980
5119.505, 300.864133, 58.890280
39366.007, 300.958918, 58.979253
2169.159, 300.785770, 58.822878
13216.275, 300.854358, 58.888433
10998.144, 300.733219, 58.778882
3449.812, 300.864555, 58.896782
3405.333, 300.901770, 58.930506
5622.896, 300.844615, 58.880270
17947.248, 301.032263, 59.052701
3770.790, 300.816170, 58.856380
4671.964, 300.928381, 58.957281
64488.425, 300.743520, 58.794724
7641.450, 300.754251, 58.800333
52840.061, 300.831831, 58.874013
50019.204, 300.954173, 58.985735
3522.541, 301.103686, 59.116316
21749.524, 300.843856, 58.884994
6055.751, 300.879547, 58.916152
2949.093, 300.792149, 58.837356
13123.500, 300.797597, 58.844721
2987.525, 300.928677, 58.960468
36884.645, 301.042378, 59.065606
2137.851, 300.857701, 58.898710
13267.009, 300.836601, 58.881338
5119.892, 300.885723, 58.925188
3798.043, 300.815253, 58.861915
4270.326, 300.916423, 58.953879
4154.837, 300.719770, 58.777861
65205.596, 301.017807, 59.053191
2960.542, 300.750567, 58.807379
11970.943, 300.854040, 58.902954
81167.310, 301.081060, 59.112102
2988.529, 300.919004, 58.963379
34466.013, 301.053035, 59.086080
4763.119, 300.834449, 58.887474
18280.668, 300.769789, 58.830718
9422.887, 300.957342, 59.000119
4812.813, 301.042532, 59.076780
4710.813, 300.757060, 58.819168
7678.867, 300.762806, 58.825079
7193.019, 300.856410, 58.911380
23585.256, 300.886776, 58.938925
3026.070, 300.730153, 58.795016
4267.069, 300.758021, 58.821816
24171.577, 300.717378, 58.789949
16735.243, 300.761595, 58.829902
6019.649, 300.748384, 58.817371
15375.633, 300.858535, 58.920112
5144.644, 300.869575, 58.927687
5881.710, 300.780693, 58.848273
53213.310, 300.830281, 58.895916
4261.712, 300.790971, 58.858252
12753.267, 300.840587, 58.904600
13550.702, 300.754556, 58.826672
54740.835, 300.926244, 58.984904
18221.774, 301.048295, 59.093454
8909.420, 300.736007, 58.810840
7672.118, 300.740346, 58.814374
34552.432, 300.948109, 59.004942
2103.679, 300.860244, 58.924359
2537.850, 300.719379, 58.797326
74450.215, 300.845404, 58.917854
9354.469, 300.789682, 58.864151
2530.360, 300.811682, 58.883973
5556.540, 300.864303, 58.932058
3043.342, 300.745499, 58.824292
2573.425, 301.044293, 59.095626
2089.308, 300.836825, 58.910007
6901.859, 300.984317, 59.043916
5109.225, 300.805397, 58.883023
41847.067, 301.075202, 59.129061
10252.522, 300.970205, 59.033276
11566.174, 300.883782, 58.956929
55024.627, 300.914316, 58.987345
3821.638, 300.729874, 58.818434
3807.693, 300.852440, 58.929193
4280.851, 300.747666, 58.835368
26449.512, 300.760579, 58.850157
22403.977, 300.782172, 58.870203
7267.992, 300.816984, 58.899234
2272.909, 300.758093, 58.845829
31495.302, 300.958820, 59.030208
45801.799, 300.828321, 58.915098
2107.556, 300.894629, 58.971771
7267.238, 300.921031, 58.996560
34099.965, 300.766717, 58.859784
34128.176, 300.772734, 58.866604
5472.682, 300.834589, 58.919077
2989.563, 300.702244, 58.798161
11601.363, 301.023560, 59.090550
3002.235, 300.733025, 58.827135
66265.282, 300.719728, 58.822168
12987.718, 301.035745, 59.104481
4752.962, 300.688205, 58.790119
8470.783, 300.707304, 58.808343
77638.261, 300.865808, 58.960049
12429.917, 301.026645, 59.097823
5092.602, 300.689802, 58.793306
15380.632, 300.743020, 58.845126
10527.979, 300.843111, 58.935281
299518.837, 300.955481, 59.044986
5953.964, 300.779300, 58.876399
85051.798, 300.993833, 59.075351
30460.291, 300.853363, 58.947865
7814.186, 300.938810, 59.024145
71648.877, 300.872993, 58.970222
3029.739, 300.782494, 58.885805
46953.081, 300.707962, 58.821759
28634.977, 300.725814, 58.836784
2165.477, 300.777698, 58.881840
28653.195, 300.767649, 58.877067
12417.923, 300.939944, 59.031621
2145.874, 300.824528, 58.926420
6927.073, 300.801226, 58.908325
77046.246, 300.894727, 58.995249
14133.423, 300.883796, 58.984072
3384.691, 300.713924, 58.829008
12749.852, 301.059094, 59.142228
12767.411, 300.698126, 58.816829
2194.500, 301.003504, 59.092322
61249.008, 300.675416, 58.803786
163302.454, 300.750314, 58.872178
53982.889, 300.773785, 58.890419
22024.340, 300.883862, 58.989013
29708.226, 300.664567, 58.794385
4662.043, 300.686577, 58.809654
6787.638, 300.746960, 58.864469
3000.916, 300.712054, 58.833618
3450.483, 300.783822, 58.899968
8892.106, 300.794286, 58.910112
2123.447, 300.847675, 58.957990
22379.540, 300.907714, 59.015141
5584.552, 300.756181, 58.879260
13957.672, 300.973889, 59.076778
4697.041, 300.737575, 58.862744
13590.320, 300.773098, 58.896674
4281.496, 300.816398, 58.934935
19243.043, 300.829149, 58.947816
27710.251, 300.705398, 58.840939
21814.801, 300.863606, 58.981158
2984.170, 300.701901, 58.832776
10715.389, 300.802345, 58.926199
5179.153, 300.775410, 58.901962
8543.900, 300.723323, 58.855683
2561.468, 300.762466, 58.890987
39323.243, 300.880856, 59.002047
128581.892, 300.751456, 58.891393
4680.400, 300.789399, 58.917727
31913.667, 300.964116, 59.078025
3809.010, 300.715923, 58.851967
2973.129, 300.741991, 58.876709
6530.898, 300.767988, 58.901131
56973.867, 300.937133, 59.058067
24115.363, 301.019155, 59.130216
32776.328, 300.662166, 58.807666
11943.593, 300.706799, 58.847443
17862.568, 300.748042, 58.886124
5553.265, 300.686751, 58.830230
4334.925, 300.731133, 58.872020
3783.468, 300.800593, 58.935686
161950.431, 300.813316, 58.954265
73411.389, 300.828088, 58.965122
10472.230, 300.992117, 59.108946
95181.870, 301.034714, 59.151893
30894.071, 300.885787, 59.017337
36831.548, 300.924912, 59.054776
78297.687, 300.674257, 58.830697
3031.787, 300.731593, 58.877571
5158.610, 300.767878, 58.912382
10224.097, 300.647984, 58.803815
8102.869, 300.783552, 58.927092
18970.808, 301.008106, 59.130767
62453.846, 300.838048, 58.982726
7254.728, 300.662677, 58.820406
3394.897, 300.739532, 58.890595
46518.716, 300.923309, 59.060824
7240.301, 300.721237, 58.875185
6010.996, 300.692237, 58.849687
3859.656, 300.781409, 58.930784
2605.817, 300.723829, 58.878813
2583.660, 300.643754, 58.806581
52378.064, 300.736467, 58.897197
2589.536, 300.661850, 58.826111
200570.569, 300.850319, 59.004639
92279.676, 300.726163, 58.891532
38062.196, 300.684856, 58.850971
4316.695, 300.647955, 58.815520
3816.998, 300.823855, 58.977527
17982.946, 300.838134, 58.992603
6867.229, 300.718715, 58.883790
109580.959, 300.635057, 58.812105
4339.045, 300.745362, 58.908082
4303.028, 300.675397, 58.844927
20119.429, 300.776224, 58.938404
2599.962, 300.866240, 59.017889
9710.158, 300.659408, 58.832603
21521.066, 300.789746, 58.953270
6421.193, 300.662108, 58.836515
19994.455, 300.800253, 58.963758
18296.636, 300.649393, 58.829571
21250.394, 300.740031, 58.912370
7272.931, 300.747744, 58.917702
25538.088, 301.020614, 59.165684
13617.988, 300.670226, 58.847709
10233.968, 300.621260, 58.806849
2137.471, 300.759322, 58.932812
7226.195, 300.772408, 58.944914
2567.961, 300.987302, 59.138217
14873.165, 300.622619, 58.810163
9682.773, 300.655534, 58.840956
42534.741, 300.779640, 58.957083
8963.826, 300.670915, 58.855463
7237.182, 300.749523, 58.927667
6008.338, 300.845738, 59.014771
8942.370, 300.918027, 59.081261
24963.955, 300.699000, 58.887626
15940.077, 300.823329, 58.999384
6801.685, 300.619600, 58.813498
3472.337, 300.694975, 58.882574
2634.166, 300.883675, 59.052963
52398.402, 301.003075, 59.164919
33673.203, 300.826384, 59.004901
13953.415, 300.725643, 58.912721
7268.732, 300.863131, 59.037255
15047.669, 300.941726, 59.108823
35794.536, 300.713816, 58.906112
3450.134, 300.897485, 59.069079
27879.800, 300.682855, 58.878217
77404.266, 300.796217, 58.985620
118208.679, 300.982083, 59.152372
11822.610, 300.704344, 58.897242
12913.272, 300.908661, 59.082826
2542.637, 300.652729, 58.850424
2581.263, 300.718282, 58.910289
72699.821, 300.802394, 58.993700
64885.647, 300.888707, 59.070572
5181.155, 300.631642, 58.833516
2569.821, 300.829582, 59.013310
12495.297, 301.000594, 59.169550
15671.617, 300.729392, 58.925588
50329.119, 300.991721, 59.165562
10654.662, 300.738752, 58.936114
3863.376, 300.769705, 58.962516
63305.252, 300.829666, 59.020550
39474.842, 300.747022, 58.945897
5562.877, 300.916555, 59.096754
46073.590, 300.641226, 58.852038
7253.399, 300.609623, 58.819853
40534.520, 300.731171, 58.934479
44357.319, 300.764132, 58.965548
10373.304, 301.003373, 59.178852
17009.471, 300.707073, 58.913804
3431.176, 300.611237, 58.824318
8557.981, 300.688749, 58.895224
526225.798, 300.988619, 59.175958
4610.235, 300.606313, 58.821742
3353.138, 300.694602, 58.902244
18663.929, 300.771771, 58.974377
88243.634, 300.661659, 58.879345
15427.866, 300.648604, 58.864463
21642.433, 300.753998, 58.962598
34718.355, 300.650865, 58.870381
3028.252, 300.685613, 58.898667
36620.666, 300.790209, 58.999391
25733.118, 300.601028, 58.825337
9079.292, 300.815295, 59.019611
3474.069, 300.846221, 59.048202
11416.753, 300.591745, 58.819860
59168.516, 300.677974, 58.901780
48710.761, 300.880687, 59.084167
40194.356, 300.964887, 59.160204
40796.428, 300.739208, 58.958664
10239.071, 300.627105, 58.856405
2173.535, 300.687507, 58.908904
41963.835, 300.817248, 59.029715
44759.293, 300.824342, 59.036930
2658.594, 300.861199, 59.066797
2998.724, 300.663424, 58.889380
3854.124, 300.714608, 58.936563
2546.272, 300.792458, 59.007440
17856.655, 300.583182, 58.820844
23954.260, 300.775501, 58.995345
2990.928, 300.922153, 59.125789
3029.932, 300.782048, 58.999620
4743.286, 300.756846, 58.978609
3930.219, 300.833460, 59.047406
2601.973, 300.593512, 58.829688
10187.351, 300.669138, 58.900177
143592.227, 300.653093, 58.891600
2617.174, 300.882427, 59.094079
12986.395, 300.894779, 59.106404
5608.504, 300.930918, 59.137877
64788.188, 300.738397, 58.971236
45433.388, 300.683329, 58.918590
2149.103, 300.775522, 58.998900
10617.124, 300.586400, 58.829452
17381.221, 300.920794, 59.134569
66738.406, 300.616862, 58.866644
380650.007, 300.628553, 58.886024
150228.624, 300.904922, 59.126602
47292.174, 300.948752, 59.164559
30837.536, 300.572611, 58.821790
6499.560, 300.661339, 58.901042
3852.145, 300.702892, 58.938456
13980.259, 300.668431, 58.908860
20446.222, 300.598226, 58.846629
6815.773, 300.688792, 58.928118
15885.010, 300.850862, 59.076773
4276.912, 300.588766, 58.838006
2643.579, 300.888769, 59.110722
7724.549, 300.579569, 58.831902
2150.943, 300.643397, 58.889215
7318.507, 300.623470, 58.872267
5562.157, 300.793430, 59.026934
6342.743, 300.694091, 58.937165
73432.227, 300.599184, 58.857367
4295.965, 300.662304, 58.909037
2154.372, 300.667006, 58.912975
5529.447, 300.687371, 58.932829
37668.658, 300.718153, 58.963221
11966.804, 300.885257, 59.113501
7333.506, 300.928270, 59.151336
2613.469, 300.606474, 58.859469
3453.825, 300.704293, 58.949026
23457.694, 300.583206, 58.842267
2142.200, 300.748957, 58.990980
4368.146, 300.765913, 59.006344
48326.722, 300.802695, 59.044451
34753.176, 300.725472, 58.974369
6801.467, 300.575190, 58.835727
6414.038, 300.640543, 58.895837
6849.962, 300.613891, 58.872723
3396.590, 300.655727, 58.910018
35355.801, 300.938202, 59.170237
5148.550, 300.589061, 58.850715
14538.467, 300.924894, 59.156129
27183.832, 300.678816, 58.936028
2570.572, 300.715132, 58.966701
75119.149, 300.849039, 59.092540
8511.532, 300.604105, 58.866651
101048.549, 300.664457, 58.926570
12387.880, 300.617271, 58.880566
10217.441, 300.588125, 58.854400
11979.058, 300.802594, 59.049544
2951.934, 300.877364, 59.116532
3443.270, 300.642997, 58.903997
2119.599, 300.709591, 58.964442
33915.821, 300.640364, 58.909833
2593.220, 300.742055, 58.997061
18219.872, 300.566067, 58.839560
2944.449, 300.573096, 58.844492
20131.053, 300.586136, 58.859562
16570.325, 300.652442, 58.920169
7345.708, 300.801670, 59.054708
17515.026, 300.889906, 59.135081
5194.205, 300.577624, 58.851579
9002.819, 300.707558, 58.971105
2529.996, 300.646197, 58.913989
3889.333, 300.739137, 58.999438
36034.324, 300.783781, 59.046796
30549.556, 300.810094, 59.071615
15085.669, 300.841853, 59.097885
17129.088, 300.905956, 59.156023
28091.091, 300.566598, 58.848961
38442.982, 300.622321, 58.902507
14112.711, 300.705212, 58.975451
2992.985, 300.612018, 58.890531
30772.694, 300.615554, 58.897101
2510.495, 300.684718, 58.956710
6369.846, 300.648638, 58.926835
29327.663, 300.677725, 58.956509
61277.031, 300.893030, 59.151319
2161.778, 300.722190, 58.994123
12311.142, 300.684694, 58.962099
52842.530, 300.790107, 59.063054
4701.212, 300.608950, 58.894646
23355.837, 300.661047, 58.944880
12979.838, 300.871903, 59.134572
19696.637, 300.543590, 58.837362
17346.921, 300.550934, 58.843970
27204.039, 300.740189, 59.018288
22715.932, 300.664649, 58.949784
3760.964, 300.909476, 59.170319
20393.478, 300.938396, 59.198152
37823.497, 300.591567, 58.886865
3457.977, 300.637827, 58.924601
2107.213, 300.734391, 59.012433
4688.913, 300.719566, 59.001814
4302.076, 300.559658, 58.856756
100025.571, 300.579727, 58.881366
5159.989, 300.621325, 58.913446
23807.917, 300.675887, 58.964100
21653.460, 300.666425, 58.957418
10106.189, 300.616138, 58.911012
17355.821, 300.828069, 59.103981
14706.054, 300.813055, 59.091018
9776.924, 300.549112, 58.850691
5625.460, 300.710975, 58.998421
4199.111, 300.604874, 58.902154
2139.926, 300.552977, 58.855451
11407.912, 300.593247, 58.893240
14866.202, 300.745387, 59.032559
38166.087, 300.656726, 58.954271
35361.150, 300.777937, 59.063988
43033.458, 300.539523, 58.849470
3864.106, 300.666518, 58.961954
9840.657, 300.693593, 58.986879
50120.306, 300.862617, 59.143300
2949.063, 300.611680, 58.912455
6390.687, 300.536024, 58.843602
8066.492, 300.567809, 58.873529
5235.412, 300.599501, 58.903687
323750.498, 300.703454, 59.009475
9809.654, 300.649815, 58.950826
12740.484, 300.561614, 58.871776
8146.086, 300.613450, 58.918285
2588.745, 300.619965, 58.924255
23259.564, 300.742926, 59.038622
21158.747, 300.898082, 59.178274
39003.474, 300.635957, 58.942343
5917.985, 300.836404, 59.123187
5530.511, 300.914568, 59.193504
19556.486, 300.594334, 58.906784
13321.893, 300.882982, 59.167909
14100.785, 300.771633, 59.068085
4691.634, 300.571413, 58.885268
38967.545, 300.712036, 59.017020
15409.603, 300.550261, 58.868665
5103.871, 300.641346, 58.950963
3802.362, 300.648083, 58.956939
29240.010, 300.661833, 58.976031
6835.786, 300.717576, 59.022416
6382.138, 300.527044, 58.848339
5972.531, 300.573208, 58.891486
14885.871, 300.556878, 58.878405
39174.830, 300.829200, 59.127510
64084.956, 300.558205, 58.885167
7612.519, 300.648591, 58.964185
5475.041, 300.688264, 58.999315
44640.438, 300.613533, 58.936356
5570.366, 300.621845, 58.940651
14061.864, 300.605575, 58.927464
15805.888, 300.582623, 58.906840
15903.386, 300.799069, 59.105536
6356.600, 300.669286, 58.987875
36718.509, 300.740318, 59.054824
20260.506, 300.827607, 59.132155
14916.201, 300.659546, 58.981572
11106.255, 300.683113, 59.003331
43750.633, 300.718349, 59.038609
39326.411, 300.765644, 59.081412
31662.795, 300.813533, 59.124835
5146.753, 300.544130, 58.877022
2154.397, 300.588897, 58.917981
12841.495, 300.724130, 59.042686
5957.706, 300.752583, 59.067109
29227.955, 300.514691, 58.853619
43503.290, 300.622927, 58.953505
2142.842, 300.646901, 58.972305
37428.174, 300.637599, 58.968283
2958.113, 300.534833, 58.871167
2154.473, 300.504063, 58.844226
4224.549, 300.519758, 58.858648
20053.841, 300.556007, 58.894075
16157.982, 300.595019, 58.931340
7738.157, 300.575863, 58.913676
2667.047, 300.846154, 59.157704
61067.901, 300.865104, 59.178933
2163.910, 300.886460, 59.194554
3414.130, 300.535764, 58.879406
2566.387, 300.539262, 58.883338
3376.285, 300.587245, 58.927401
9404.841, 300.654016, 58.991562
2590.340, 300.505441, 58.853119
17527.357, 300.811207, 59.134930
4333.513, 300.814155, 59.137273
55183.324, 300.708756, 59.047024
30528.973, 300.540996, 58.893630
14452.881, 300.620064, 58.964005
42533.516, 300.639779, 58.984652
2976.432, 300.623881, 58.968761
5568.467, 300.833624, 59.159131
2546.651, 300.608401, 58.956100
2932.584, 300.488147, 58.847141
50281.426, 300.733778, 59.074403
7189.025, 300.575918, 58.929144
29361.318, 300.655374, 59.003887
8062.037, 300.489162, 58.852215
3046.442, 300.608408, 58.961269
42431.701, 300.669299, 59.021181
4267.740, 300.555718, 58.914083
65561.454, 300.879663, 59.212121
2623.445, 300.504817, 58.869507
14591.757, 300.709801, 59.058426
33546.722, 300.654673, 59.011889
12882.948, 300.715408, 59.064098
90534.320, 300.767950, 59.115214
2130.247, 300.524711, 58.889800
22395.405, 300.584719, 58.947960
32767.779, 300.689023, 59.042869
33033.451, 300.528045, 58.897893
10612.400, 300.481636, 58.854837
3023.549, 300.615022, 58.977469
5702.090, 300.547809, 58.917488
24621.096, 300.835407, 59.180148
7209.920, 300.609635, 58.975226
6390.635, 300.496229, 58.872523
3430.625, 300.784960, 59.134981
4730.262, 300.488211, 58.868288
10771.330, 300.710857, 59.070701
44166.975, 300.734953, 59.094760
7257.690, 300.525488, 58.902194
48588.820, 300.776877, 59.133597
2186.994, 300.611897, 58.980955
33605.308, 300.818257, 59.172026
5220.442, 300.841404, 59.190404
43036.955, 300.750337, 59.113228
66633.885, 300.476752, 58.867439
7217.739, 300.580131, 58.958116
4750.818, 300.593090, 58.969405
41990.826, 300.606214, 58.985217
31087.485, 300.622441, 58.999881
46906.819, 300.464227, 58.856200
13640.697, 300.544233, 58.928690
74886.865, 300.631706, 59.013243
30359.727, 300.564092, 58.949506
14738.466, 300.815806, 59.178346
4203.831, 300.482437, 58.874817
28199.322, 300.498885, 58.893839
9789.291, 300.581618, 58.968221
20354.069, 300.835959, 59.198661
28720.999, 300.489593, 58.885168
11024.186, 300.667321, 59.048280
21681.525, 300.711794, 59.091390
7691.518, 300.503014, 58.900913
2578.169, 300.540436, 58.933388
3421.219, 300.475504, 58.874681
3455.655, 300.792204, 59.163418
2558.482, 300.807418, 59.176620
6806.833, 300.481726, 58.881785
8416.437, 300.490401, 58.890904
35977.143, 300.616963, 59.008295
62728.448, 300.722389, 59.106920
9415.264, 300.568365, 58.962924
74620.305, 300.643340, 59.035114
30625.485, 300.812423, 59.185501
22607.704, 300.454465, 58.861748
4292.214, 300.584544, 58.979645
3455.152, 300.605285, 58.998028
5138.430, 300.746740, 59.128262
2955.082, 300.761982, 59.141899
5466.293, 300.552140, 58.952397
6481.253, 300.804263, 59.181307
74453.599, 300.520943, 58.928717
4300.651, 300.573532, 58.972971
384356.914, 300.579742, 58.990481
196749.023, 300.455942, 58.875847
43943.747, 300.765197, 59.152635
3022.694, 300.485459, 58.895589
8909.244, 300.477617, 58.889290
30941.770, 300.695657, 59.092173
2168.912, 300.513002, 58.923814
36906.276, 300.642302, 59.045124
11270.157, 300.784039, 59.172187
32362.279, 300.648976, 59.052475
3019.254, 300.635470, 59.037880
23952.914, 300.682801, 59.083322
24747.014, 300.799134, 59.189067
25294.772, 300.477177, 58.897338
30861.071, 300.544025, 58.961146
2169.159, 300.527453, 58.942988
6361.275, 300.539024, 58.954377
7628.951, 300.606022, 59.015298
16525.047, 300.817729, 59.209640
7624.063, 300.515685, 58.935295
17164.715, 300.724341, 59.130217
39314.650, 300.697988, 59.107654
2970.060, 300.466193, 58.892538
4270.823, 300.549054, 58.968966
74420.325, 300.680616, 59.097853
60801.047, 300.736975, 59.144157
55258.135, 300.578208, 59.001045
5971.966, 300.503043, 58.929413
8861.241, 300.657309, 59.071942
2651.073, 300.801885, 59.200232
4680.791, 300.557081, 58.979426
7190.548, 300.746605, 59.152629
5127.026, 300.749577, 59.157154
4678.172, 300.489158, 58.920971
4671.992, 300.521289, 58.950438
4737.562, 300.549698, 58.978751
5108.776, 300.437850, 58.876913
3857.070, 300.490890, 58.926914
23208.130, 300.665959, 59.088067
39030.876, 300.463543, 58.908653
5103.052, 300.492073, 58.929665
93241.084, 300.596762, 59.031536
8135.289, 300.591354, 59.023632
31507.309, 300.627699, 59.058086
32873.331, 300.727132, 59.148864
6787.932, 300.418113, 58.866522
25068.685, 300.814755, 59.229440
21839.867, 300.436223, 58.886915
83528.548, 300.562992, 59.002916
2574.612, 300.425714, 58.874350
2551.994, 300.454776, 58.900707
20591.425, 300.615690, 59.051102
13694.843, 300.707166, 59.133951
3074.759, 300.418750, 58.869467
3833.181, 300.440003, 58.892690
2986.991, 300.719027, 59.146869
67133.800, 300.524728, 58.975609
3366.234, 300.645678, 59.081296
4283.822, 300.461999, 58.914304
33249.456, 300.652634, 59.090946
6016.346, 300.446508, 58.902012
67792.786, 300.476514, 58.934212
5551.571, 300.633931, 59.072521
20088.328, 300.712898, 59.146725
3857.214, 300.484092, 58.938370
2990.332, 300.425192, 58.885491
25787.663, 300.436944, 58.899985
3015.390, 300.720384, 59.155075
6734.671, 300.772897, 59.203817
17644.815, 300.492208, 58.950340
39393.012, 300.409621, 58.878368
139113.753, 300.416631, 58.889287
6778.012, 300.663228, 59.106368
17188.610, 300.731816, 59.169457
5074.727, 300.431952, 58.895330
36564.718, 300.453341, 58.918920
4346.513, 300.616854, 59.066532
32126.937, 300.672665, 59.119405
4280.463, 300.651430, 59.098656
50361.243, 300.709934, 59.155359
11018.223, 300.597336, 59.051438
26421.905, 300.425059, 58.896931
24710.782, 300.481722, 58.948388
42097.592, 300.516507, 58.981567
8565.807, 300.569685, 59.027615
14064.491, 300.549823, 59.011478
5577.597, 300.723576, 59.168699
37290.581, 300.458692, 58.931204
9946.886, 300.795076, 59.235275
2599.254, 300.427322, 58.900080
35859.237, 300.398394, 58.876897
20409.966, 300.527836, 58.995795
2973.178, 300.621241, 59.079248
4698.343, 300.503689, 58.973058
22498.358, 300.683785, 59.139514
2605.795, 300.622935, 59.084872
59060.046, 300.641449, 59.105788
218260.375, 300.430708, 58.919894
5097.257, 300.488850, 58.964957
3014.960, 300.553670, 59.023568
3418.318, 300.718191, 59.172673
4636.760, 300.586287, 59.054492
7188.503, 300.402035, 58.886624
34911.577, 300.697331, 59.159040
13660.391, 300.427253, 58.910885
53143.568, 300.440034, 58.927585
11117.508, 300.619253, 59.087011
5085.246, 300.660209, 59.123174
32673.117, 300.716630, 59.176936
4349.415, 300.501068, 58.978816
3433.116, 300.488934, 58.968870
6377.691, 300.389994, 58.880075
40192.587, 300.474448, 58.960148
12733.071, 300.610853, 59.084086
2146.494, 300.572331, 59.049231
20350.117, 300.409359, 58.902853
3030.645, 300.480120, 58.967015
2183.681, 300.529749, 59.012913
3893.228, 300.544997, 59.026949
5136.716, 300.380058, 58.877246
5468.867, 300.572614, 59.054204
5576.584, 300.580819, 59.061559
2982.599, 300.635642, 59.111278
8064.378, 300.391657, 58.889971
4185.767, 300.456373, 58.948861
9383.450, 300.383476, 58.883268
22561.227, 300.401000, 58.900326
2160.980, 300.412524, 58.909369
4687.774, 300.597972, 59.079737
2946.195, 300.565624, 59.051184
13900.032, 300.627703, 59.108105
2571.261, 300.442140, 58.938607
55068.633, 300.487631, 58.988380
6451.300, 300.647702, 59.127525
45079.073, 300.677702, 59.158183
109775.219, 300.628261, 59.119320
3014.243, 300.444820, 58.943938
64479.446, 300.525000, 59.021791
11502.808, 300.696031, 59.174482
10487.599, 300.732248, 59.208137
3419.864, 300.413666, 58.917432
23780.276, 300.369434, 58.881077
2151.765, 300.399895, 58.905215
9462.270, 300.457332, 58.959951
2569.301, 300.468530, 58.968222
7671.825, 300.497297, 58.995301
9784.898, 300.538204, 59.035001
3421.544, 300.544903, 59.038318
99855.859, 300.382631, 58.897860
96627.716, 300.399478, 58.912163
69437.880, 300.511912, 59.013357
38759.044, 300.505385, 59.008630
4686.678, 300.447522, 58.953994
63944.596, 300.541131, 59.045072
22561.835, 300.755131, 59.236195
5559.123, 300.501991, 59.005240
37004.909, 300.724713, 59.210204
47656.429, 300.363683, 58.885603
2588.377, 300.559685, 59.058671
11849.587, 300.432997, 58.944138
6000.448, 300.435663, 58.946823
4294.700, 300.388286, 58.904479
18752.374, 300.554160, 59.057725
13168.145, 300.447805, 58.960898
2096.450, 300.512357, 59.018336
3020.467, 300.489070, 58.999215
11536.808, 300.572472, 59.076720
3427.813, 300.687787, 59.179871
8103.202, 300.577871, 59.082391
3411.629, 300.442367, 58.957975
27363.868, 300.661129, 59.160266
5951.396, 300.422377, 58.940780
13121.046, 300.459460, 58.975220
4804.988, 300.693155, 59.187477
29682.277, 300.749973, 59.241566
24118.269, 300.384230, 58.909333
4675.883, 300.527230, 59.037593
8563.585, 300.426504, 58.948331
28743.445, 300.669398, 59.171564
42136.158, 300.413405, 58.939409
7299.037, 300.444401, 58.966043
3788.423, 300.508398, 59.023136
4317.941, 300.580010, 59.088231
7274.416, 300.495618, 59.013646
20506.812, 300.402483, 58.930927
8983.382, 300.712125, 59.212425
22125.355, 300.504575, 59.025914
46816.794, 300.579550, 59.096790
22624.153, 300.587810, 59.102406
7187.770, 300.389141, 58.920033
7230.059, 300.449674, 58.976013
22491.043, 300.413212, 58.944746
5570.109, 300.451589, 58.979480
66645.504, 300.348826, 58.890037
3000.361, 300.506297, 59.030122
84826.405, 300.358775, 58.899422
15258.641, 300.372533, 58.909298
5591.943, 300.600969, 59.117760
18266.512, 300.421879, 58.957324
19104.010, 300.436771, 58.971126
20484.085, 300.471582, 59.002288
11758.068, 300.680521, 59.191013
12396.706, 300.412546, 58.948857
3368.246, 300.417225, 58.951722
11908.208, 300.455713, 58.988473
2152.698, 300.715573, 59.222502
6806.653, 300.492721, 59.021906
14606.794, 300.635476, 59.152991
9340.305, 300.405181, 58.943181
4277.915, 300.386169, 58.925665
2127.861, 300.538531, 59.064450
5549.587, 300.426536, 58.963522
3769.459, 300.363617, 58.905684
7230.549, 300.429508, 58.967134
24230.769, 300.618393, 59.141590
2535.803, 300.664519, 59.180907
17733.321, 300.740018, 59.252292
75167.044, 300.567143, 59.100843
6790.684, 300.376078, 58.920595
2607.092, 300.643199, 59.163837
10855.302, 300.500762, 59.036861
5446.433, 300.382182, 58.927853
12802.091, 300.576544, 59.107110
2174.403, 300.721820, 59.236746
14674.357, 300.436810, 58.980492
58927.530, 300.612426, 59.145432
34285.827, 300.442336, 58.990407
13339.862, 300.528576, 59.066073
15231.816, 300.341630, 58.897497
9039.629, 300.550793, 59.089304
2549.140, 300.392621, 58.944740
8091.018, 300.454852, 59.002464
13444.799, 300.606379, 59.141212
6420.017, 300.675940, 59.204554
15282.808, 300.375454, 58.933381
16586.145, 300.393786, 58.948357
70097.226, 300.536142, 59.083945
12587.293, 300.599810, 59.136966
40955.476, 300.430072, 58.984581
8222.261, 300.665058, 59.196424
21960.276, 300.581679, 59.123255
25992.738, 300.510798, 59.060992
5945.538, 300.468795, 59.020097
14406.324, 300.497603, 59.047556
2043.437, 300.363537, 58.923254
8641.093, 300.463910, 59.016743
3818.896, 300.344917, 58.908010
2133.181, 300.402516, 58.960674
4708.856, 300.417110, 58.974398
2181.722, 300.484731, 59.036796
52444.523, 300.558581, 59.109203
81158.907, 300.661308, 59.202934
46407.954, 300.327696, 58.898117
10211.097, 300.402698, 58.963982
16780.842, 300.614212, 59.157845
78416.215, 300.364911, 58.937406
11158.877, 300.435104, 58.995338
2566.888, 300.554525, 59.103251
7254.763, 300.335856, 58.905336
30349.700, 300.384822, 58.952058
2962.027, 300.453708, 59.013248
108413.685, 300.534938, 59.094983
8582.819, 300.392878, 58.960788
3906.155, 300.407328, 58.974764
8987.354, 300.467316, 59.030956
2168.294, 300.708701, 59.249338
12849.376, 300.358655, 58.933067
40017.485, 300.396347, 58.968646
13473.384, 300.505584, 59.066963
34346.139, 300.633428, 59.187430
24503.478, 300.711401, 59.256429
18477.799, 300.452086, 59.020581
3427.869, 300.343755, 58.920847
11909.546, 300.475862, 59.042874
38739.427, 300.609740, 59.166361
8502.843, 300.458819, 59.027631
105551.617, 300.323758, 58.909535
82427.194, 300.435325, 59.014056
3031.400, 300.336452, 58.918226
18984.601, 300.478141, 59.049976
117710.919, 300.531775, 59.107438
25533.612, 300.671500, 59.226713
7327.777, 300.405201, 58.984046
3835.395, 300.317440, 58.902879
20735.870, 300.424413, 59.002972
2980.209, 300.470786, 59.043929
22013.917, 300.544588, 59.113950
14953.633, 300.655448, 59.212684
9834.620, 300.312094, 58.899258
6791.776, 300.532930, 59.102086
9406.229, 300.455673, 59.032193
7235.603, 300.351726, 58.936942
2083.826, 300.361555, 58.945428
24251.120, 300.479195, 59.058530
6453.994, 300.509092, 59.082314
10710.896, 300.609997, 59.176049
9870.102, 300.619095, 59.183910
2948.770, 300.441675, 59.021970
8131.681, 300.314903, 58.906260
24297.270, 300.467910, 59.050144
38794.466, 300.592196, 59.162721
34593.338, 300.633295, 59.201695
14196.597, 300.675732, 59.239312
12437.024, 300.577563, 59.150709
39292.126, 300.690508, 59.254816
55693.770, 300.308702, 58.908517
6351.503, 300.322315, 58.916544
21250.307, 300.326076, 58.923581
41025.370, 300.405632, 58.997805
15063.572, 300.663267, 59.230857
4234.425, 300.341658, 58.935939
15436.050, 300.435229, 59.023796
2668.054, 300.598585, 59.171961
14943.334, 300.343128, 58.940867
3434.838, 300.380614, 58.975337
26324.996, 300.552677, 59.135422
6769.737, 300.473196, 59.062628
14199.212, 300.429414, 59.023114
37982.913, 300.676947, 59.249748
3824.157, 300.299502, 58.902979
10242.060, 300.318235, 58.922487
2103.395, 300.406410, 59.003370
5094.897, 300.335970, 58.939351
20129.011, 300.340512, 58.945169
23838.969, 300.507326, 59.098572
42173.414, 300.575353, 59.162384
9012.876, 300.646829, 59.224139
2557.711, 300.437726, 59.033359
64079.643, 300.612142, 59.196509
14450.492, 300.295807, 58.905360
16161.737, 300.392140, 58.994894
2592.004, 300.432918, 59.030931
4322.194, 300.526325, 59.116345
33701.004, 300.299527, 58.913239
8071.323, 300.491203, 59.085726
37620.746, 300.592377, 59.181003
5082.082, 300.360500, 58.966072
7760.160, 300.324766, 58.934775
6832.362, 300.375839, 58.983027
2151.972, 300.451247, 59.050954
8106.745, 300.580910, 59.169917
34138.750, 300.672861, 59.255416
18916.318, 300.436695, 59.040786
104967.651, 300.650921, 59.243397
3917.112, 300.349057, 58.959505
3395.886, 300.433901, 59.037022
24223.390, 300.339790, 58.955187
25973.015, 300.574004, 59.167825
6353.608, 300.324372, 58.939013
8944.671, 300.545126, 59.141791
10189.200, 300.442317, 59.048494
4293.040, 300.453717, 59.058055
12069.273, 300.526868, 59.125854
13819.820, 300.536447, 59.135561
4258.898, 300.411118, 59.019837
8245.043, 300.580800, 59.174667
7670.104, 300.403693, 59.014253
30242.833, 300.456930, 59.065470
65765.955, 300.480904, 59.090506
32024.199, 300.493602, 59.099452
5074.849, 300.434075, 59.043948
5128.635, 300.285788, 58.909906
33639.723, 300.317739, 58.940632
2163.708, 300.373805, 58.989057
34610.964, 300.417720, 59.031553
5987.985, 300.622205, 59.217244
4396.203, 300.631695, 59.224812
140721.236, 300.356627, 58.981835
33090.009, 300.444661, 59.059174
5951.681, 300.294137, 58.918964
61358.983, 300.335465, 58.962142
2556.843, 300.349942, 58.971823
10184.027, 300.423693, 59.040419
5579.936, 300.643382, 59.239476
2616.731, 300.543411, 59.149719
7665.167, 300.302714, 58.931236
51779.859, 300.271473, 58.909863
4669.941, 300.342667, 58.968075
9260.114, 300.294888, 58.925538
198016.367, 300.479031, 59.100396
4605.860, 300.297516, 58.928258
3868.453, 300.304812, 58.934281
4659.521, 300.509476, 59.123020
71971.188, 300.320568, 58.955683
40973.943, 300.648931, 59.254570
18198.049, 300.346406, 58.977788
37370.050, 300.605499, 59.217124
26529.013, 300.277918, 58.917325
31049.447, 300.353502, 58.992288
3051.083, 300.380457, 59.009480
5082.178, 300.394346, 59.023649
8566.332, 300.307900, 58.946724
75544.096, 300.570025, 59.190601
37672.442, 300.410095, 59.043710
2167.030, 300.469983, 59.095602
2589.780, 300.529631, 59.149873
6430.686, 300.324470, 58.963915
3462.105, 300.345235, 58.982437
161339.955, 300.325218, 58.971920
31342.294, 300.337096, 58.978889
2591.232, 300.318745, 58.960659
29944.019, 300.624192, 59.242732
8966.296, 300.301451, 58.948171
3423.494, 300.416401, 59.051895
10149.504, 300.601644, 59.221416
13121.398, 300.291691, 58.940174
24742.125, 300.590573, 59.213170
4646.981, 300.511191, 59.140133
2597.177, 300.423115, 59.060298
16441.490, 300.594976, 59.219074
5089.051, 300.417700, 59.057551
2197.411, 300.427466, 59.065522
5035.758, 300.496909, 59.130775
31787.575, 300.614857, 59.240511
68031.593, 300.602090, 59.231975
6002.650, 300.280612, 58.934461
23141.144, 300.379588, 59.027085
39744.875, 300.392606, 59.039237
56494.609, 300.340049, 58.992255
3455.706, 300.502587, 59.137712
4225.290, 300.599529, 59.226099
29800.464, 300.453272, 59.098946
4271.368, 300.639623, 59.263242
2156.184, 300.622815, 59.248376
6052.904, 300.254638, 58.913420
5622.476, 300.483867, 59.123902
103058.603, 300.484790, 59.131296
55472.693, 300.590932, 59.223315
10176.132, 300.300137, 58.956442
2192.362, 300.434387, 59.079160
17521.245, 300.321089, 58.977854
106743.010, 300.289400, 58.952100
10423.296, 300.627228, 59.257703
2978.925, 300.258376, 58.919379
10714.558, 300.371886, 59.025633
4659.151, 300.436582, 59.084235
26367.566, 300.274394, 58.937489
4696.695, 300.442135, 59.090118
2121.642, 300.448698, 59.095153
14596.434, 300.525899, 59.167224
36548.758, 300.345776, 59.003419
16168.094, 300.352360, 59.010031
12029.258, 300.377569, 59.032889
6016.226, 300.304231, 58.964682
2168.430, 300.325832, 58.984206
9052.380, 300.366376, 59.022405
3785.736, 300.304297, 58.968866
2565.935, 300.470876, 59.121269
9185.720, 300.571478, 59.213536
9404.124, 300.581582, 59.223454
3474.841, 300.551476, 59.195587
