# Source Fluxes and Coordinates
# Flux (e-/s), RA (deg), Dec (deg)
41380.608, 301.088785, 58.838888
6430.756, 301.114861, 58.859418
11731.793, 301.141464, 58.884128
3636.163, 301.164794, 58.903430
43386.141, 300.909749, 58.676934
3968.079, 300.996166, 58.753357
19106.798, 301.055315, 58.807855
3555.284, 300.916326, 58.681470
15622.008, 301.032564, 58.788334
2787.977, 301.096882, 58.844521
4366.018, 301.103206, 58.850611
7544.338, 301.110793, 58.856916
4399.953, 301.146323, 58.890196
16236.540, 301.116583, 58.865854
3205.190, 301.152446, 58.896767
2455.963, 300.989480, 58.751507
46915.528, 301.056282, 58.817707
7333.081, 301.160316, 58.907422
23428.798, 301.177795, 58.926876
1950.604, 300.990951, 58.758077
25662.152, 301.087841, 58.849248
47496.757, 300.974175, 58.748930
6062.391, 301.293579, 59.030222
6371.875, 300.993477, 58.762454
9940.641, 300.939898, 58.717301
10921.303, 301.272133, 59.014228
24126.327, 301.100695, 58.864146
39210.134, 300.958481, 58.737727
10319.304, 301.067237, 58.832642
16073.393, 300.962537, 58.741387
17748.046, 301.009300, 58.785681
3197.313, 301.202909, 58.957575
13918.477, 301.062772, 58.835659
29898.230, 300.881444, 58.673979
1941.785, 300.921886, 58.710982
5890.400, 300.936458, 58.724682
43887.497, 301.181472, 58.948110
5939.296, 300.964642, 58.751517
5545.755, 300.977520, 58.764065
25958.406, 301.011417, 58.797823
3155.738, 300.898269, 58.693804
22390.847, 300.982319, 58.773448
17247.022, 301.112162, 58.888972
3917.633, 300.956263, 58.749038
25321.021, 301.134810, 58.911748
4358.337, 300.892607, 58.693850
55584.047, 300.929091, 58.730836
92951.454, 301.202116, 58.976340
2013.296, 301.237515, 59.004848
24057.849, 300.959415, 58.758475
11958.983, 300.876193, 58.682696
3179.930, 300.869290, 58.676577
2801.862, 301.049028, 58.838901
44155.015, 301.210297, 58.987305
55739.958, 301.166811, 58.949448
18000.971, 301.056708, 58.849713
20823.170, 301.136387, 58.921227
106175.136, 301.247011, 59.025524
2474.652, 300.978245, 58.777785
2846.170, 301.269476, 59.039243
3951.059, 300.887833, 58.698853
2804.564, 300.919523, 58.727307
16315.356, 300.944983, 58.752236
64224.314, 301.170750, 58.958881
5993.068, 300.880188, 58.693862
3984.293, 300.901692, 58.712820
3577.059, 300.915268, 58.725260
17086.189, 300.981370, 58.786673
3922.334, 300.906970, 58.719306
10318.299, 301.019277, 58.821082
10771.481, 301.119750, 58.911930
23365.341, 301.065458, 58.865038
11143.651, 300.926269, 58.739938
36632.014, 301.011516, 58.820272
54505.888, 301.152984, 58.947651
146751.519, 300.902130, 58.724907
136753.446, 300.866137, 58.693945
13954.110, 300.890897, 58.710703
22372.217, 300.941405, 58.758978
14091.117, 301.108197, 58.910745
25735.005, 301.088126, 58.894856
5528.920, 300.893857, 58.719506
2014.625, 301.003354, 58.817648
10907.090, 301.246491, 59.036626
4790.874, 300.944978, 58.768755
10341.073, 301.025482, 58.845648
111812.825, 300.868810, 58.712075
8873.930, 301.012879, 58.835036
3965.065, 300.936389, 58.766502
139509.869, 301.070365, 58.896228
54619.695, 301.110325, 58.927000
11597.670, 300.985475, 58.812043
34969.063, 300.888027, 58.726328
3610.025, 300.944515, 58.775376
19018.986, 300.943509, 58.780373
10343.102, 300.988897, 58.816915
3609.645, 301.057430, 58.878737
3638.979, 300.857885, 58.699872
9867.197, 300.920809, 58.757699
29514.816, 301.045412, 58.872708
60747.263, 300.905366, 58.751928
45098.889, 300.877206, 58.724366
2402.468, 300.843521, 58.690598
82030.272, 300.895044, 58.745814
51923.397, 300.943016, 58.787917
11229.227, 300.974444, 58.814692
47067.022, 301.104789, 58.934181
30510.555, 301.112917, 58.941258
52118.668, 300.881837, 58.741200
39153.655, 300.995586, 58.840501
70044.665, 301.167585, 58.994887
2403.960, 301.037013, 58.874878
70691.538, 301.015911, 58.864774
1993.063, 301.143321, 58.972564
6435.129, 301.046373, 58.886500
5976.940, 300.838000, 58.700071
3592.083, 301.117569, 58.951086
4409.464, 300.866406, 58.725668
22462.352, 301.075788, 58.917337
3202.824, 300.917298, 58.774051
6024.562, 300.860669, 58.723596
6759.979, 300.910698, 58.769722
4436.155, 301.091600, 58.932540
13672.009, 301.107384, 58.947800
18270.063, 301.156292, 58.992402
4023.802, 300.987594, 58.840743
3655.183, 301.131159, 58.968965
11008.651, 300.863355, 58.730430
81672.094, 300.886822, 58.755139
5600.532, 300.848916, 58.717398
146360.928, 301.137775, 58.982188
143252.195, 301.027726, 58.890158
6437.472, 301.042227, 58.893028
379060.032, 300.859043, 58.741132
4011.619, 300.873009, 58.741112
5579.115, 300.904860, 58.770219
1965.109, 300.933041, 58.795418
4386.488, 300.910408, 58.777258
14646.803, 300.825679, 58.705056
11833.888, 300.912519, 58.784603
42850.664, 300.969785, 58.834855
31156.727, 300.815317, 58.694844
2401.733, 300.843395, 58.717842
5276.854, 301.126275, 58.973332
36710.473, 300.833116, 58.713134
2396.679, 300.846549, 58.721930
23119.438, 301.188596, 59.032744
27163.916, 300.950201, 58.822633
3654.842, 301.067728, 58.923217
1991.934, 300.857165, 58.735759
16324.367, 300.881719, 58.760333
19525.623, 300.898745, 58.775255
31372.579, 300.955355, 58.828221
6397.959, 300.916838, 58.791077
59109.628, 301.000110, 58.871609
3184.905, 300.905052, 58.782301
13623.543, 300.820348, 58.708844
10710.665, 301.061300, 58.926554
126278.571, 300.801658, 58.697579
13489.432, 300.815038, 58.706617
18185.279, 301.140938, 58.998544
3572.582, 300.882826, 58.765546
6972.883, 301.046745, 58.914791
8764.588, 301.097349, 58.960669
1308149.833, 300.812199, 58.724239
13425.078, 300.841657, 58.733034
15173.547, 300.959840, 58.840116
1978.866, 300.886138, 58.773901
21441.292, 300.952332, 58.837478
2766.199, 300.960420, 58.842779
4349.416, 300.939494, 58.826039
2767.883, 300.808590, 58.707794
6349.415, 300.914964, 58.804421
7123.863, 301.004870, 58.887056
3242.787, 300.802307, 58.705615
6720.986, 300.803909, 58.708944
102828.502, 300.862733, 58.766377
3159.525, 300.952636, 58.841778
139594.587, 301.023139, 58.914283
20503.378, 301.065265, 58.947539
25736.353, 301.106318, 58.984732
15482.753, 300.923685, 58.820265
16967.531, 300.849078, 58.754649
15921.287, 300.788775, 58.702544
1994.648, 300.993816, 58.886143
32608.374, 301.111612, 58.994958
2415.612, 300.980278, 58.875031
34258.905, 301.046676, 58.942997
109970.416, 301.131844, 59.022125
2785.336, 300.854300, 58.767741
57396.004, 300.983426, 58.889270
37494.552, 300.816626, 58.739245
2039.536, 300.827612, 58.744439
9545.774, 300.893191, 58.805001
17844.766, 300.961730, 58.867897
56403.034, 300.916486, 58.830675
51472.127, 301.119616, 59.012973
89761.617, 300.778646, 58.709161
2385.511, 300.865723, 58.783022
16482.260, 300.988434, 58.895825
2452.489, 301.026152, 58.927239
5540.797, 300.885520, 58.804567
5502.065, 300.962551, 58.873745
6340.317, 300.945116, 58.860057
5905.248, 300.990861, 58.902198
3627.273, 300.846748, 58.772371
5899.185, 300.950285, 58.866856
5988.019, 301.016351, 58.925713
602739.547, 300.820376, 58.766058
94583.001, 300.934683, 58.858632
5594.071, 301.148168, 59.045520
20988.140, 300.905866, 58.830142
2370.333, 300.791714, 58.725741
32723.638, 301.101117, 59.008716
21840.716, 301.141555, 59.043603
5231.105, 300.852508, 58.782609
82517.856, 300.775353, 58.721965
4417.503, 301.025850, 58.939816
15245.861, 300.975485, 58.896792
20991.737, 301.074752, 58.986573
92531.823, 300.837982, 58.779532
18465.518, 301.067689, 58.981898
4731.016, 300.788137, 58.728281
9639.319, 301.063590, 58.978333
4733.981, 300.767572, 58.710891
14692.264, 300.867731, 58.802659
24515.965, 300.901267, 58.835619
24504.589, 300.800554, 58.745486
12991.929, 300.886915, 58.822826
4380.281, 300.955562, 58.885230
4390.299, 300.790101, 58.737467
7550.992, 301.040490, 58.963790
21297.925, 300.765038, 58.718773
2743.620, 300.786027, 58.734831
41122.486, 301.139410, 59.054972
32871.329, 300.923486, 58.867759
26129.936, 301.014336, 58.948359
24053.915, 300.968913, 58.908124
56046.958, 300.799533, 58.757989
19624.374, 300.884499, 58.832579
3132.637, 300.826288, 58.778848
5123.446, 300.900793, 58.847246
16668.842, 300.986255, 58.925057
23969.691, 301.040920, 58.975400
40986.786, 301.059113, 58.992853
9511.019, 300.790121, 58.749657
12933.419, 301.101371, 59.030205
3929.840, 300.775936, 58.736963
9500.554, 300.767134, 58.732302
7219.394, 300.901298, 58.854283
5199.083, 300.760028, 58.726200
73733.361, 300.814345, 58.781394
4806.904, 300.820991, 58.786784
41154.706, 300.979737, 58.933491
7959.402, 300.874917, 58.837588
88287.388, 301.023550, 58.975701
26725.551, 300.802654, 58.774667
23993.981, 300.757887, 58.733827
30247.465, 301.130607, 59.070410
31732.470, 301.090314, 59.035499
250447.057, 300.738991, 58.724400
16826.598, 300.776543, 58.751764
39563.425, 300.823831, 58.798144
17759.425, 300.836718, 58.807400
17552.686, 300.940106, 58.900881
68895.386, 300.849521, 58.827549
18136.787, 300.763389, 58.742635
6462.719, 301.066760, 59.015518
8380.309, 300.849985, 58.821889
4385.271, 300.828086, 58.802046
8794.336, 301.003288, 58.960354
30732.994, 301.077244, 59.029071
3566.839, 300.818261, 58.794840
17731.929, 301.110089, 59.058632
6362.743, 300.843585, 58.819345
9962.758, 300.755057, 58.741198
26605.205, 300.974379, 58.940121
11526.254, 300.962236, 58.930251
6299.413, 300.771372, 58.757354
2036.129, 300.822902, 58.804522
9522.030, 300.930319, 58.902867
9651.767, 300.806326, 58.793652
81386.181, 301.020127, 58.991974
20499.896, 300.874473, 58.857194
28921.050, 300.892203, 58.876329
2024.297, 300.738224, 58.733775
20026.782, 300.926924, 58.906871
28224.231, 301.002524, 58.975631
6300.954, 300.773772, 58.767771
5120.079, 300.846416, 58.833657
71626.719, 300.961178, 58.941471
93331.329, 300.856365, 58.853090
3528.061, 300.896754, 58.880290
36939.834, 300.752715, 58.757346
4383.260, 300.832269, 58.823733
2412.903, 300.801217, 58.796295
65003.882, 300.773527, 58.776867
2382.637, 300.789136, 58.786148
7594.582, 300.791835, 58.789576
10484.029, 300.978422, 58.958483
32352.908, 301.093463, 59.064736
3995.938, 300.723128, 58.728583
3622.599, 300.824127, 58.820268
41799.441, 300.742093, 58.749990
4791.251, 300.731236, 58.738020
2397.131, 300.758727, 58.761580
2437.412, 301.034910, 59.012161
8759.779, 300.817733, 58.818878
41027.049, 301.112160, 59.086824
11063.529, 300.711902, 58.724889
193310.507, 301.016710, 59.006843
2386.144, 300.718716, 58.730749
7183.048, 300.743568, 58.754309
28708.994, 300.887627, 58.886646
5988.726, 300.756055, 58.765669
30499.759, 300.786130, 58.796375
4347.799, 300.721386, 58.736705
88085.864, 300.738923, 58.761573
2004.455, 300.771518, 58.784382
6744.036, 300.731375, 58.751620
18656.600, 300.977684, 58.974992
39982.420, 301.022385, 59.016791
36173.579, 300.805176, 58.822225
15757.283, 300.893080, 58.900049
18639.283, 301.031249, 59.025591
41963.217, 300.766789, 58.789846
5493.447, 300.773757, 58.793786
28394.685, 301.045485, 59.039734
1976.253, 300.750119, 58.772143
273054.233, 300.899646, 58.922679
26302.495, 300.960969, 58.965696
11329.721, 300.719048, 58.746451
26247.813, 300.754994, 58.780234
6383.214, 300.792039, 58.811884
4835.301, 300.919767, 58.927455
4831.506, 301.064638, 59.056924
69358.769, 300.743736, 58.775999
19035.615, 300.778451, 58.805303
7991.695, 300.806389, 58.828148
5104.431, 300.922397, 58.933078
35872.409, 301.092731, 59.089251
64451.115, 300.807832, 58.838613
8359.700, 300.900303, 58.916913
6380.112, 301.063316, 59.062818
3992.256, 300.695139, 58.731350
214823.066, 300.709704, 58.752174
45512.279, 300.774443, 58.810978
17503.510, 300.731978, 58.768696
7155.268, 300.772009, 58.803833
4760.597, 300.793936, 58.823841
2360.204, 300.838957, 58.863873
5964.915, 300.819632, 58.847841
4760.008, 300.888078, 58.909423
11272.467, 301.077219, 59.081023
6827.850, 300.751987, 58.788858
25700.025, 300.694620, 58.739880
33635.414, 300.958459, 58.979522
131515.271, 300.714405, 58.763561
7072.024, 300.731652, 58.773798
20443.337, 300.798588, 58.836354
5525.418, 300.863544, 58.894497
52993.246, 300.832311, 58.873983
52032.808, 300.743447, 58.793503
8692.483, 300.827543, 58.868090
47792.206, 300.954408, 58.985722
10863.368, 301.032627, 59.052758
2022.788, 300.812979, 58.855197
17871.162, 300.843220, 58.885521
2783.521, 300.994890, 59.020388
35943.081, 301.042375, 59.065691
6839.801, 300.797140, 58.843877
11294.154, 300.836829, 58.881079
31540.380, 300.708055, 58.766556
2803.765, 300.715488, 58.770518
6386.336, 300.680929, 58.741461
5555.992, 300.777241, 58.828576
7877.757, 300.897457, 58.938926
2402.912, 300.915570, 58.953364
28498.147, 300.843195, 58.893105
9124.449, 300.779401, 58.834705
3931.665, 300.682448, 58.746089
59365.067, 301.017713, 59.053386
2008.529, 300.853614, 58.903025
36719.632, 301.053062, 59.086011
20516.413, 300.735295, 58.800603
2354.346, 300.742564, 58.804525
9054.177, 300.712449, 58.779026
5599.963, 300.958092, 59.000753
10732.707, 301.042329, 59.076483
2449.168, 301.050707, 59.082367
22407.706, 300.886443, 58.938770
3943.987, 300.666763, 58.738425
4762.052, 300.731125, 58.796581
13101.273, 300.682929, 58.754787
3631.230, 301.060194, 59.095408
53201.638, 300.664267, 58.743557
20525.496, 300.717610, 58.789835
2008.620, 300.771370, 58.836582
11087.713, 300.782001, 58.847790
3959.006, 300.812792, 58.874395
7196.560, 300.760245, 58.829814
49484.431, 300.830455, 58.896057
15826.358, 300.803052, 58.871217
5901.787, 300.988396, 59.036349
23390.313, 300.739944, 58.814814
51261.125, 300.926365, 58.985095
1955.414, 300.688009, 58.765798
5939.136, 300.808321, 58.876356
4767.420, 300.847993, 58.912093
32323.740, 300.948428, 59.005075
6301.190, 300.694403, 58.774405
10626.529, 300.732066, 58.808822
14498.291, 301.047850, 59.093231
2423.424, 300.995138, 59.045506
4828.912, 300.854858, 58.920312
63955.519, 300.845322, 58.918015
4391.479, 300.705555, 58.788048
4769.441, 300.709440, 58.791309
6345.531, 300.687332, 58.772425
5575.469, 300.821536, 58.894460
11252.294, 300.984281, 59.043818
5579.223, 300.707864, 58.794039
3592.609, 301.036973, 59.090439
6311.417, 300.756541, 58.839766
14320.370, 300.884446, 58.956264
5680.560, 300.970745, 59.033376
9103.379, 300.764034, 58.849205
1938.584, 300.720494, 58.808535
43198.538, 300.914242, 58.987368
2405.877, 300.812747, 58.893215
2747.856, 300.862361, 58.938048
2419.344, 300.698167, 58.791012
5273.454, 301.018772, 59.080606
17527.172, 300.665956, 58.763681
37805.131, 300.959382, 59.030731
2405.912, 300.686370, 58.782218
8369.811, 300.731468, 58.824368
20851.094, 300.768612, 58.859593
3148.885, 300.657933, 58.757438
19071.756, 300.775833, 58.866545
367724.550, 300.956501, 59.044201
2843.758, 300.781640, 58.871519
8527.355, 301.022987, 59.090412
31858.015, 300.637857, 58.745854
62323.237, 300.719329, 58.822131
2015.749, 300.681734, 58.783626
16917.924, 301.035786, 59.104244
42398.704, 300.867469, 58.957815
16554.516, 301.026136, 59.097644
6376.639, 300.655000, 58.763267
7545.817, 300.752105, 58.851328
2005.896, 300.805443, 58.900680
86127.651, 300.993335, 59.075629
2426.637, 300.730124, 58.833384
7141.083, 300.739686, 58.843340
39063.230, 300.809023, 58.912629
12350.612, 300.939237, 59.024158
27106.435, 300.726096, 58.836703
17426.853, 300.753239, 58.860683
59269.889, 300.871652, 58.970108
38358.500, 300.707566, 58.821370
2766.739, 300.734573, 58.841998
33105.606, 300.800505, 58.905656
26956.442, 300.767801, 58.877246
14829.651, 300.939918, 59.031269
82880.929, 300.630745, 58.757418
9639.876, 300.694362, 58.811189
2010.575, 300.699020, 58.814006
22882.065, 300.645698, 58.770771
93354.904, 300.659540, 58.785037
13012.846, 300.847595, 58.951539
6865.424, 300.862886, 58.964553
9621.589, 300.884803, 58.984197
29824.160, 300.891565, 58.992639
43242.999, 300.896633, 58.997217
9530.563, 300.625158, 58.750208
6358.188, 300.667252, 58.788175
13508.980, 300.699009, 58.817404
59081.993, 300.675120, 58.802801
4701.850, 300.689068, 58.808865
6788.782, 300.743870, 58.858423
165448.784, 300.750291, 58.872157
42595.274, 300.774457, 58.890361
9500.780, 300.748340, 58.865857
19769.229, 300.883785, 58.988866
6692.069, 300.712486, 58.833565
9160.879, 300.618730, 58.749643
5187.547, 300.637494, 58.767807
18021.963, 300.908074, 59.015102
34132.673, 300.661812, 58.793553
2755.775, 300.898311, 59.006730
5859.254, 300.936848, 59.041886
18634.467, 300.828906, 58.947857
12519.113, 300.973320, 59.076834
40001.997, 300.614256, 58.754681
6020.506, 300.735883, 58.862594
71745.019, 300.645925, 58.786382
19760.245, 300.863278, 58.981534
105389.120, 300.624464, 58.774720
3241.424, 300.938012, 59.047156
3646.468, 300.803989, 58.927308
3602.995, 300.738082, 58.868629
1985.486, 300.792801, 58.917427
3207.623, 300.641371, 58.781128
39248.694, 300.704314, 58.841805
1979.138, 300.722277, 58.854486
143874.477, 300.751381, 58.890525
41732.213, 300.880400, 59.002102
42208.127, 300.663093, 58.807063
4387.960, 300.725763, 58.859596
34096.288, 300.964276, 59.077982
2735.515, 300.766031, 58.897047
2430.031, 300.737374, 58.871894
32648.307, 300.610258, 58.760523
5498.775, 300.742143, 58.878141
23832.621, 300.604350, 58.756390
1976.454, 300.723873, 58.861657
53056.699, 300.936776, 59.058186
102245.588, 300.637014, 58.792154
2432.262, 300.793654, 58.927081
74312.376, 300.828327, 58.964968
166249.749, 300.813412, 58.954315
15760.518, 300.991992, 59.109068
4768.824, 300.628007, 58.780006
4317.003, 300.631594, 58.783841
14988.109, 300.713160, 58.859075
13176.770, 300.869231, 58.999886
30276.467, 300.885600, 59.016590
97917.914, 300.673696, 58.830508
3174.469, 300.668723, 58.820385
36227.050, 300.924649, 59.054629
3592.433, 300.664048, 58.818647
2360.400, 300.738079, 58.886667
61105.214, 300.837899, 58.982940
3964.586, 300.668071, 58.825690
2406.827, 300.724833, 58.877735
44289.479, 300.922816, 59.060941
42773.443, 300.686501, 58.850747
3621.761, 300.724808, 58.881304
39456.819, 300.737014, 58.896249
16642.378, 300.696642, 58.858778
2390.223, 300.598561, 58.767689
97644.285, 300.602076, 58.776539
6749.338, 300.702509, 58.863856
9652.360, 300.648517, 58.815991
184570.306, 300.850379, 59.004905
69671.777, 300.726490, 58.891736
17838.037, 300.586277, 58.763199
4415.349, 300.627845, 58.799861
19263.184, 300.838144, 58.992464
102912.614, 300.635894, 58.813078
7532.888, 300.694970, 58.862341
12429.528, 300.776917, 58.939339
18845.000, 300.969424, 59.111890
24241.049, 300.788971, 58.952871
13110.404, 300.799918, 58.963823
20775.120, 300.590143, 58.776174
50297.701, 300.608016, 58.793634
10756.054, 300.670310, 58.847807
17404.571, 300.648267, 58.830536
37264.886, 300.617743, 58.805505
4703.100, 300.574794, 58.763296
8349.252, 300.600734, 58.787967
2409.837, 300.937461, 59.093188
20711.535, 300.687033, 58.870270
4375.243, 300.638655, 58.824868
2001.267, 300.770548, 58.944934
39191.959, 300.779890, 58.956632
5941.497, 300.610252, 58.800324
7949.151, 300.655730, 58.841991
2799.929, 300.806382, 58.977503
7631.449, 300.693663, 58.877694
22182.385, 300.915374, 59.080316
12404.859, 300.884909, 59.052557
12649.439, 300.620155, 58.814207
18173.053, 300.824077, 58.999323
10284.994, 300.716656, 58.902745
4743.308, 300.657431, 58.850506
9606.876, 300.726383, 58.912824
35336.463, 300.826381, 59.004625
15478.260, 300.644203, 58.839048
24504.694, 300.740236, 58.927778
18882.703, 300.942302, 59.109141
2361.047, 300.925136, 59.092178
20704.795, 300.861907, 59.038308
21685.469, 300.714621, 58.906327
2787.459, 300.719988, 58.909287
3155.659, 300.748052, 58.934689
19211.803, 300.909239, 59.082960
16722.216, 300.561662, 58.768702
21719.243, 300.682189, 58.877888
6297.302, 300.605684, 58.808345
67094.326, 300.802395, 58.993450
6388.067, 300.928156, 59.100864
66063.302, 300.888583, 59.070714
8696.422, 300.631858, 58.836180
39089.873, 300.795101, 58.986719
23156.781, 300.745900, 58.940879
16312.689, 300.638183, 58.844530
57019.433, 300.829875, 59.020677
45231.302, 300.641681, 58.850552
3585.912, 300.780507, 58.972978
2783.178, 300.651860, 58.858287
38022.287, 300.731143, 58.934337
2388.758, 300.679413, 58.884390
35697.000, 300.764300, 58.965730
13833.006, 300.687799, 58.895207
33852.876, 300.694166, 58.903428
2389.208, 300.592406, 58.808422
12780.442, 300.772732, 58.974269
18253.813, 300.639972, 58.855269
3617.845, 300.831875, 59.027426
7549.721, 300.571106, 58.791916
5155.822, 300.643483, 58.857597
16001.254, 300.648189, 58.863923
43247.402, 300.665033, 58.881685
14919.058, 300.601486, 58.824988
22079.555, 300.791333, 58.998713
3211.474, 300.642464, 58.861375
19971.791, 300.650572, 58.870527
7457.542, 300.847335, 59.047754
9894.404, 300.605384, 58.829010
26426.251, 300.655268, 58.876230
44269.801, 300.880817, 59.084135
54329.941, 300.677763, 58.901707
9077.066, 300.734488, 58.949811
5546.476, 300.612789, 58.839687
33323.476, 300.817637, 59.029473
48482.626, 300.537437, 58.778509
27517.356, 300.738807, 58.958682
33652.605, 300.824670, 59.036824
7594.471, 300.743016, 58.962524
2021.307, 300.561792, 58.796528
12123.124, 300.775733, 58.995565
9661.491, 300.808406, 59.024585
6074.147, 300.921850, 59.125834
7162.018, 300.583587, 58.821028
2431.145, 300.781284, 58.999926
2028.777, 300.550031, 58.790139
168795.033, 300.653471, 58.892132
5242.226, 300.543656, 58.785857
4055.887, 300.755831, 58.978626
31838.172, 300.895074, 59.106739
6337.428, 300.568732, 58.811390
8983.410, 300.594709, 58.836308
5197.119, 300.618203, 58.856307
2715.794, 300.675271, 58.907951
37568.536, 300.683028, 58.918356
4795.397, 300.739565, 58.966821
6791.658, 300.931267, 59.139101
3196.951, 300.812164, 59.032656
49920.587, 300.737721, 58.971020
35282.587, 300.572781, 58.821634
63903.303, 300.616497, 58.866724
418027.000, 300.628191, 58.886554
9507.669, 300.536588, 58.787565
12712.015, 300.661283, 58.901471
138825.416, 300.904962, 59.126561
12925.735, 300.598146, 58.846039
3516.927, 300.673171, 58.913146
15811.863, 300.851355, 59.076495
28241.407, 300.887274, 59.111806
11917.256, 300.624052, 58.871018
5927.879, 300.719486, 58.957026
2393.757, 300.769580, 59.001379
1999.566, 300.588327, 58.837842
5987.418, 300.686925, 58.929801
5604.702, 300.694839, 58.937193
3284.779, 300.912908, 59.133091
19022.277, 300.703326, 58.947617
3601.493, 300.794037, 59.027205
83034.504, 300.599021, 58.857627
2795.419, 300.551434, 58.808122
24305.748, 300.717553, 58.962703
20567.310, 300.583456, 58.841525
9564.087, 300.765123, 59.005441
5863.376, 300.554841, 58.815205
5174.895, 300.640612, 58.893771
6380.938, 300.817995, 59.055352
39023.692, 300.801912, 59.045271
2401.823, 300.837222, 59.073080
1970.142, 300.572741, 58.833722
7188.415, 300.539974, 58.807159
3145.502, 300.643313, 58.900669
9944.496, 300.601490, 58.865594
90045.985, 300.665104, 58.926572
34001.585, 300.673324, 58.931964
5174.298, 300.614377, 58.876677
69505.667, 300.848446, 59.092537
18719.568, 300.523005, 58.794908
4420.754, 300.588811, 58.854167
5059.455, 300.616956, 58.879611
30610.786, 300.528938, 58.803415
3528.557, 300.636547, 58.899205
18218.007, 300.603079, 58.870330
25439.486, 300.509669, 58.789950
3205.606, 300.564720, 58.835928
1951.183, 300.534125, 58.808166
11872.296, 300.559040, 58.834066
8463.409, 300.587111, 58.859774
5650.124, 300.628418, 58.897853
2391.184, 300.652184, 58.919074
14501.509, 300.800243, 59.054171
12477.787, 300.890458, 59.135210
4837.805, 300.740072, 59.000030
2448.980, 300.817701, 59.069641
10705.944, 300.561030, 58.840047
1963.891, 300.590376, 58.865512
3182.287, 300.705581, 58.971610
20788.407, 300.841885, 59.097479
2066.902, 300.529826, 58.811828
2040.142, 300.816049, 59.071867
3556.488, 300.547637, 58.829587
4810.530, 300.524300, 58.809962
21894.383, 300.565373, 58.849208
21153.945, 300.783583, 59.047139
71554.306, 300.893762, 59.150651
7611.474, 300.534816, 58.820159
8277.562, 300.541606, 58.826778
27380.005, 300.616862, 58.897307
47204.802, 300.620083, 58.902819
3963.209, 300.651087, 58.925683
3627.100, 300.679416, 58.952265
13035.171, 300.505226, 58.795096
2384.620, 300.516111, 58.803571
19276.756, 300.810217, 59.071981
18911.708, 300.579659, 58.865137
3496.553, 300.703373, 58.974940
6753.492, 300.686868, 58.962848
20618.874, 300.587672, 58.874726
5204.757, 300.860458, 59.118479
46552.696, 300.789546, 59.063410
15266.568, 300.563393, 58.854743
19850.232, 300.661234, 58.944296
18437.032, 300.542929, 58.837044
18108.547, 300.871611, 59.134520
18597.119, 300.489828, 58.790183
5505.641, 300.527925, 58.822775
23696.172, 300.664748, 58.949751
9468.466, 300.637900, 58.925349
26874.010, 300.739614, 59.018088
10377.940, 300.578124, 58.872037
2365.717, 300.849221, 59.119029
10777.427, 300.509360, 58.811797
91334.172, 300.579681, 58.881330
14414.726, 300.675423, 58.964275
23254.155, 300.885654, 59.155550
6702.340, 300.731664, 59.016129
2831.802, 300.810105, 59.086141
18116.617, 300.813135, 59.090837
2037.904, 300.511869, 58.816316
23356.110, 300.569303, 58.871443
16594.971, 300.827176, 59.103892
2424.567, 300.868940, 59.140210
7115.506, 300.518833, 58.826849
12063.843, 300.745433, 59.033160
36925.941, 300.777563, 59.064071
82936.545, 300.491475, 58.807700
58101.396, 300.537996, 58.850626
30317.896, 300.655851, 58.954293
11928.144, 300.510443, 58.821895
9937.704, 300.692252, 58.986791
2375.170, 300.587216, 58.890803
12695.985, 300.695576, 58.991736
20749.118, 300.720314, 59.013722
6355.220, 300.479773, 58.794492
10350.219, 300.614202, 58.918013
311772.709, 300.703137, 59.009917
9979.509, 300.872682, 59.151901
2020.236, 300.475873, 58.791436
5572.039, 300.522916, 58.835503
30068.177, 300.634638, 58.941836
19719.152, 300.742564, 59.038629
46607.338, 300.809837, 59.100998
27571.854, 300.656504, 58.963239
5568.264, 300.835364, 59.123491
1940.374, 300.558465, 58.873807
12857.709, 300.771107, 59.067996
3156.294, 300.582188, 58.896589
13497.828, 300.543016, 58.863159
5248.222, 300.626727, 58.938843
27419.829, 300.711817, 59.017590
3953.327, 300.528888, 58.849475
13217.350, 300.716939, 59.021476
4751.006, 300.550231, 58.870481
15886.587, 300.846606, 59.139923
50559.453, 300.558677, 58.885270
10262.474, 300.510250, 58.837626
5137.626, 300.649611, 58.963878
7201.708, 300.760916, 59.065928
2382.969, 300.800412, 59.099904
50776.513, 300.613690, 58.936118
17132.392, 300.661463, 58.976882
2425.135, 300.552568, 58.877868
3180.014, 300.565469, 58.889553
11277.376, 300.583252, 58.906667
48350.049, 300.741309, 59.054607
68496.732, 300.489144, 58.826337
4815.462, 300.750523, 59.058865
31834.344, 300.776682, 59.085401
5649.311, 300.803660, 59.106930
3641.761, 300.540318, 58.868472
4317.400, 300.522558, 58.853508
24025.844, 300.827787, 59.132032
8343.999, 300.534402, 58.866034
9064.372, 300.540579, 58.872166
13649.437, 300.660117, 58.981347
5166.246, 300.507829, 58.842689
3979.225, 300.548760, 58.880316
35004.226, 300.718405, 59.038862
15078.395, 300.467289, 58.807285
6494.053, 300.725173, 59.042544
38987.682, 300.765694, 59.081543
2787.513, 300.514695, 58.850366
11746.007, 300.559494, 58.893954
44898.499, 300.623265, 58.953501
34303.684, 300.813125, 59.125071
3186.741, 300.457377, 58.799877
44189.785, 300.637207, 58.968422
2014.459, 300.459882, 58.803464
8687.883, 300.498007, 58.839644
2799.046, 300.563872, 58.900510
13534.525, 300.484714, 58.831346
7929.928, 300.530752, 58.873600
49846.295, 300.448680, 58.800889
13061.415, 300.542545, 58.885158
2810.535, 300.625466, 58.959121
9129.308, 300.845420, 59.158055
3561.528, 300.505139, 58.849805
7931.717, 300.471962, 58.821540
3577.421, 300.644138, 58.977199
2756.762, 300.750519, 59.074411
6859.817, 300.808239, 59.128385
5948.119, 300.522666, 58.871357
17974.162, 300.810887, 59.134607
6020.001, 300.509434, 58.860009
3598.275, 300.454748, 58.810155
25636.594, 300.542094, 58.893638
38402.088, 300.588390, 58.936957
4317.005, 300.464273, 58.820786
41209.267, 300.639778, 58.984929
47919.036, 300.708421, 59.046917
11509.797, 300.521442, 58.876593
2767.519, 300.480455, 58.838912
5552.437, 300.838257, 59.164423
29080.601, 300.467802, 58.831509
40851.094, 300.734072, 59.074459
29593.976, 300.448390, 58.815301
24715.728, 300.655189, 59.003621
3210.979, 300.772278, 59.107342
12366.060, 300.462537, 58.828343
23141.835, 300.723195, 59.066348
2819.378, 300.753512, 59.091375
26562.701, 300.672843, 59.021911
3990.343, 300.477430, 58.842075
22723.446, 300.508562, 58.872584
1950.091, 300.680456, 59.027207
8741.520, 300.483021, 58.850680
9215.306, 300.709592, 59.058319
87723.532, 300.767835, 59.115292
6366.397, 300.516404, 58.882888
5158.142, 300.534922, 58.900269
28753.373, 300.688302, 59.042531
6872.599, 300.454535, 58.828050
21154.765, 300.585220, 58.948516
10852.179, 300.714123, 59.064021
3986.242, 300.436605, 58.811540
32037.976, 300.527810, 58.897705
15643.175, 300.663964, 59.020681
30806.468, 300.801637, 59.146578
3182.381, 300.496761, 58.866966
18764.989, 300.653978, 59.012955
5171.696, 300.761941, 59.109556
14791.185, 300.547278, 58.916842
4778.291, 300.828959, 59.170375
2041.352, 300.775360, 59.123975
17086.301, 300.511724, 58.890826
6607.846, 300.621343, 58.986958
9043.441, 300.674150, 59.035915
17198.282, 300.711687, 59.070770
47035.758, 300.734850, 59.094865
47400.271, 300.776460, 59.133621
5146.538, 300.544266, 58.921406
30984.641, 300.818497, 59.171814
5523.970, 300.498088, 58.878685
2354.912, 300.524351, 58.903454
17831.883, 300.593262, 58.969093
42796.450, 300.750383, 59.113084
68173.685, 300.478338, 58.867998
2794.086, 300.558930, 58.937090
45643.298, 300.464189, 58.856596
33988.402, 300.606423, 58.985521
13498.753, 300.429930, 58.823426
2007.061, 300.437248, 58.829056
9481.716, 300.457481, 58.849681
7199.943, 300.526485, 58.911767
76844.875, 300.631218, 59.013225
4030.106, 300.663643, 59.036805
4358.537, 300.543459, 58.927738
39592.361, 300.563466, 58.949527
3580.707, 300.644287, 59.020273
10033.743, 300.621603, 59.000456
40447.177, 300.490275, 58.885041
6757.501, 300.803361, 59.165224
5199.015, 300.482571, 58.875538
2013.280, 300.417490, 58.816321
1985.679, 300.513677, 58.905327
31942.997, 300.448267, 58.851258
2364.818, 300.581555, 58.968011
2862.027, 300.431916, 58.832572
5983.369, 300.441162, 58.842802
5965.038, 300.445634, 58.846293
24679.774, 300.495736, 58.894661
26673.875, 300.711662, 59.091202
5965.312, 300.550326, 58.943912
4485.135, 300.667459, 59.050229
37923.958, 300.617007, 59.008284
59537.438, 300.643474, 59.034994
62013.553, 300.721799, 59.106826
1977.927, 300.796659, 59.171632
4367.966, 300.558628, 58.958068
62518.769, 300.520776, 58.928386
11215.453, 300.744973, 59.128608
2412.864, 300.620479, 59.015468
5128.788, 300.404238, 58.820245
341089.428, 300.579749, 58.990598
169731.557, 300.454948, 58.874960
24720.432, 300.397949, 58.818355
7579.604, 300.752229, 59.139204
30086.971, 300.764320, 59.153175
2706.913, 300.617089, 59.017338
29458.323, 300.695417, 59.092247
44339.356, 300.641360, 59.045226
21856.553, 300.649697, 59.052418
8499.237, 300.784588, 59.172287
5538.546, 300.472353, 58.889062
26544.867, 300.477883, 58.897102
3179.697, 300.750323, 59.142329
14334.682, 300.518416, 58.935845
12285.035, 300.411988, 58.840616
18514.368, 300.543428, 58.961013
6837.694, 300.739105, 59.136921
2783.789, 300.480770, 58.902408
20401.825, 300.630682, 59.041073
22191.112, 300.725832, 59.129260
3985.332, 300.509807, 58.931887
35863.843, 300.698839, 59.107431
5125.454, 300.506637, 58.929858
62933.566, 300.681397, 59.097398
28157.639, 300.388232, 58.825691
6758.085, 300.478714, 58.906666
55563.898, 300.737029, 59.144187
51771.416, 300.577885, 59.001106
12672.509, 300.396840, 58.837527
5177.441, 300.429343, 58.866179
9219.397, 300.376192, 58.820918
5612.734, 300.455533, 58.893478
5135.086, 300.709655, 59.124177
3212.052, 300.753669, 59.164447
1993.425, 300.497156, 58.932663
21289.094, 300.722015, 59.138795
3550.317, 300.378217, 58.825533
5131.354, 300.419545, 58.863901
90491.545, 300.596455, 59.031270
3212.070, 300.393947, 58.840850
13798.169, 300.434331, 58.880536
5573.571, 300.464362, 58.905594
4886.743, 300.548704, 58.983237
52170.527, 300.629329, 59.059281
5554.911, 300.690782, 59.111415
10330.587, 300.591056, 59.023837
4002.712, 300.479141, 58.921017
33713.973, 300.646957, 59.076614
40150.513, 300.726567, 59.149893
2391.010, 300.768403, 59.182962
6769.399, 300.419181, 58.867871
82010.438, 300.563372, 59.002914
9086.808, 300.425279, 58.874939
23615.254, 300.436033, 58.886359
5522.433, 300.486980, 58.931443
61889.466, 300.396339, 58.851468
10272.941, 300.372194, 58.828578
3771.293, 300.708862, 59.133983
48878.514, 300.402746, 58.863508
17196.211, 300.614973, 59.050835
15058.226, 300.455866, 58.906847
23526.238, 300.744820, 59.170940
17357.935, 300.460849, 58.915088
101172.833, 300.521599, 58.977013
5130.819, 300.468198, 58.920201
7532.429, 300.510054, 58.958855
28385.822, 300.652932, 59.090964
3943.437, 300.422185, 58.878564
9568.453, 300.437720, 58.893140
34493.556, 300.478926, 58.934998
13635.986, 300.712894, 59.146814
3599.947, 300.367946, 58.834449
7551.167, 300.436890, 58.899264
93456.242, 300.417830, 58.889101
16711.075, 300.491520, 58.950564
4706.523, 300.544804, 58.997980
17650.689, 300.732420, 59.169387
3586.235, 300.393088, 58.860869
34065.437, 300.452450, 58.919261
3254.828, 300.538203, 58.993713
5586.034, 300.470488, 58.932975
26089.667, 300.672955, 59.119256
3253.326, 300.615924, 59.066338
6410.189, 300.597720, 59.051052
46922.633, 300.709875, 59.155496
6287.501, 300.682930, 59.128492
6345.624, 300.483857, 58.949114
15474.462, 300.607970, 59.063967
83916.006, 300.350371, 58.836169
13780.792, 300.373065, 58.850416
4416.952, 300.569893, 59.027749
2748.394, 300.546440, 59.007573
3147.418, 300.645418, 59.097058
2393.044, 300.386769, 58.862004
45411.683, 300.398744, 58.877022
3982.418, 300.428768, 58.900876
13144.421, 300.533292, 58.998877
9633.634, 300.528212, 58.993757
24052.449, 300.684510, 59.138940
1971.163, 300.347931, 58.828761
24132.151, 300.457761, 58.931673
282645.168, 300.433301, 58.921280
13217.314, 300.662974, 59.120557
3959.879, 300.419622, 58.900341
51380.237, 300.641969, 59.105991
2416.972, 300.549550, 59.020151
5968.122, 300.377448, 58.864403
3203.619, 300.496612, 58.972481
18349.148, 300.371095, 58.861303
3303.684, 300.454531, 58.935410
25544.533, 300.697596, 59.158731
2404.917, 300.484603, 58.964206
12735.213, 300.422724, 58.910937
3720.734, 300.618408, 59.086759
23914.422, 300.716311, 59.176703
22354.001, 300.729481, 59.189275
38550.266, 300.474298, 58.960341
31931.799, 300.465723, 58.954012
3194.263, 300.518490, 58.998867
5275.258, 300.362127, 58.857626
9473.575, 300.494461, 58.981095
4871.664, 300.677745, 59.146120
2477.145, 300.528148, 59.012776
2767.714, 300.343298, 58.844428
9502.286, 300.405744, 58.903622
14008.363, 300.401138, 58.899332
4834.678, 300.482719, 58.975291
46150.344, 300.329808, 58.838967
6801.642, 300.364288, 58.868006
6333.987, 300.475260, 58.969308
25800.967, 300.335285, 58.843746
6270.909, 300.343481, 58.850125
4355.337, 300.382532, 58.885676
24719.898, 300.490939, 58.986825
40044.224, 300.677975, 59.158344
44416.492, 300.353860, 58.865034
62386.841, 300.525065, 59.021913
25224.656, 300.348307, 58.859068
8411.076, 300.436178, 58.939641
2005.504, 300.589710, 59.076529
117126.304, 300.628331, 59.119129
26527.725, 300.643943, 59.129480
12331.498, 300.457823, 58.959397
11205.639, 300.575284, 59.065884
108924.246, 300.382511, 58.897803
3531.556, 300.685413, 59.166006
2002.357, 300.381705, 58.889193
6440.245, 300.543352, 59.038084
44617.382, 300.401625, 58.912569
98446.760, 300.509502, 59.011701
2482.799, 300.696323, 59.176331
4807.819, 300.414639, 58.923656
27597.966, 300.485043, 58.989958
68774.087, 300.541561, 59.044819
22698.607, 300.331300, 58.850078
6457.687, 300.368253, 58.881317
4079.513, 300.445961, 58.952157
2381.995, 300.621034, 59.111731
6759.225, 300.601157, 59.095491
6269.837, 300.429346, 58.939479
2017.564, 300.563039, 59.061935
7196.798, 300.688141, 59.177189
3161.858, 300.691638, 59.179174
2865.943, 300.680970, 59.170617
23997.940, 300.393226, 58.911910
8832.198, 300.554252, 59.057310
12285.030, 300.344232, 58.867358
55395.512, 300.671198, 59.169989
63632.138, 300.345539, 58.873939
7923.662, 300.483317, 58.995431
1920.294, 300.330312, 58.855339
8294.361, 300.335513, 58.860775
10048.146, 300.359728, 58.884735
6268.476, 300.426713, 58.945817
5994.154, 300.571213, 59.076754
15068.754, 300.692666, 59.187805
2037.187, 300.416360, 58.935388
12594.046, 300.661371, 59.160009
2054.960, 300.328309, 58.856871
3170.878, 300.381923, 58.906333
2378.748, 300.510421, 59.023102
6826.404, 300.580848, 59.088087
3161.344, 300.452799, 58.971685
24919.838, 300.413167, 58.939885
15999.401, 300.700185, 59.199586
7927.332, 300.312220, 58.845940
5607.104, 300.318904, 58.852024
3253.693, 300.663227, 59.165760
4044.204, 300.407415, 58.934037
23431.290, 300.305781, 58.842748
11127.493, 300.400961, 58.930667
23688.465, 300.588122, 59.102430
3127.838, 300.374292, 58.906406
37914.905, 300.580377, 59.096571
2828.213, 300.624787, 59.134063
1940.516, 300.674015, 59.178519
5263.307, 300.327441, 58.864192
26393.844, 300.414896, 58.945347
20170.632, 300.502967, 59.025864
5218.777, 300.335054, 58.871393
2749.477, 300.423191, 58.951947
30092.286, 300.433388, 58.965318
93300.097, 300.357601, 58.898816
4009.679, 300.572027, 59.088981
4005.439, 300.602411, 59.116775
13463.014, 300.535996, 59.058109
10304.027, 300.618972, 59.133244
6501.712, 300.606975, 59.123956
16375.034, 300.680378, 59.190995
13846.951, 300.302285, 58.847082
74734.379, 300.322549, 58.869997
10696.938, 300.383521, 58.921454
14040.853, 300.471684, 59.002404
18825.867, 300.347277, 58.890305
12184.884, 300.404370, 58.943278
7544.880, 300.313689, 58.859392
2405.003, 300.434344, 58.968878
28660.850, 300.633679, 59.152602
7868.946, 300.474050, 59.007437
7920.910, 300.526526, 59.055158
1981.082, 300.557940, 59.082427
3621.321, 300.450618, 58.985769
2757.323, 300.494704, 59.026107
17693.205, 300.575366, 59.102162
1968.846, 300.475595, 59.010711
7314.768, 300.643444, 59.163990
13138.863, 300.326857, 58.878263
4361.848, 300.390418, 58.934916
2787.493, 300.435686, 58.976456
27241.029, 300.499335, 59.037424
2805.363, 300.510247, 59.044499
11476.963, 300.621008, 59.147486
16828.708, 300.436808, 58.980677
6750.105, 300.455138, 58.996512
2355.313, 300.609024, 59.136105
27364.212, 300.308657, 58.864966
41349.888, 300.528115, 59.068046
26279.445, 300.628304, 59.156700
487871.854, 300.303898, 58.873667
16700.604, 300.442238, 58.989646
5327.424, 300.562558, 59.097409
43049.517, 300.612210, 59.145735
39411.140, 300.324017, 58.882988
3585.942, 300.356044, 58.909671
15592.096, 300.565998, 59.102848
43268.529, 300.297016, 58.860558
4850.035, 300.319805, 58.878088
27158.934, 300.600454, 59.136636
15244.389, 300.676041, 59.204483
7136.454, 300.393352, 58.946912
44387.578, 300.430594, 58.984928
55302.329, 300.537251, 59.083799
4354.225, 300.385177, 58.940198
19097.886, 300.664713, 59.196505
3277.618, 300.531083, 59.074320
13890.431, 300.464694, 59.017293
18355.363, 300.495914, 59.046396
42263.414, 300.287184, 58.855984
6757.536, 300.372027, 58.933041
2390.635, 300.400480, 58.958771
3977.446, 300.395133, 58.955330
11663.347, 300.581896, 59.125475
11211.032, 300.510193, 59.062026
72973.074, 300.661631, 59.202400
8738.834, 300.451784, 59.008742
43867.465, 300.558636, 59.109157
4010.851, 300.341101, 58.907519
25820.759, 300.385599, 58.952273
16335.051, 300.553524, 59.104144
2435.020, 300.324412, 58.892587
73729.693, 300.365429, 58.937281
77524.120, 300.537809, 59.094479
12495.075, 300.613004, 59.157708
20181.638, 300.312868, 58.886408
24011.226, 300.326745, 58.899236
9023.533, 300.349178, 58.917553
13986.463, 300.434221, 58.995775
5246.882, 300.409143, 58.974508
33715.192, 300.477023, 59.042594
17561.760, 300.357972, 58.932299
3198.375, 300.574217, 59.127794
9942.440, 300.651979, 59.201004
9575.611, 300.333649, 58.911653
18788.434, 300.395624, 58.968500
18251.396, 300.451620, 59.019961
5512.917, 300.419304, 58.990384
4038.893, 300.635156, 59.185986
17900.855, 300.269175, 58.853681
13429.824, 300.412717, 58.986827
30486.362, 300.609127, 59.165868
3141.505, 300.338886, 58.917579
12682.865, 300.364890, 58.943614
17103.218, 300.453650, 59.025410
1978.636, 300.537873, 59.099338
93724.657, 300.323687, 58.909532
91968.191, 300.435113, 59.013631
16199.427, 300.543025, 59.106049
2737.050, 300.377288, 58.954318
1989.391, 300.380749, 58.957157
4455.161, 300.567864, 59.127974
16495.982, 300.478126, 59.049803
6768.844, 300.633275, 59.189826
14686.039, 300.281946, 58.870965
3561.845, 300.368804, 58.948980
29613.330, 300.424172, 59.003265
11927.553, 300.405074, 58.984865
17362.080, 300.527578, 59.096461
30672.135, 300.545434, 59.114014
10004.538, 300.312217, 58.899575
9547.833, 300.287480, 58.877561
25557.510, 300.653281, 59.212758
2447.934, 300.491693, 59.064345
3591.219, 300.266863, 58.859793
3979.454, 300.315540, 58.906507
93747.542, 300.531179, 59.107565
37640.965, 300.579204, 59.150852
32935.014, 300.592442, 59.162831
33377.381, 300.255514, 58.856206
7611.924, 300.479396, 59.057812
9283.235, 300.609520, 59.176060
33212.165, 300.633658, 59.201518
17395.687, 300.262790, 58.863630
9111.159, 300.421645, 59.008717
12109.039, 300.467980, 59.049983
2734.420, 300.514122, 59.091103
3664.100, 300.447575, 59.031872
2755.889, 300.472377, 59.053584
3152.545, 300.550436, 59.125349
3991.196, 300.271792, 58.872125
30852.143, 300.433259, 59.023507
11119.073, 300.287347, 58.888470
27331.453, 300.309091, 58.909323
21401.081, 300.338377, 58.937614
6271.721, 300.357408, 58.952095
14352.783, 300.598420, 59.172504
3235.945, 300.316789, 58.914756
30719.195, 300.404593, 58.997841
4064.794, 300.622099, 59.192796
20655.281, 300.280383, 58.886029
24059.905, 300.274675, 58.882541
26066.194, 300.553323, 59.135299
6403.686, 300.364992, 58.962544
12889.226, 300.473763, 59.062331
14431.602, 300.289281, 58.894494
3989.971, 300.447589, 59.038117
2771.436, 300.613750, 59.190028
3947.464, 300.272657, 58.879730
2786.802, 300.323350, 58.926248
33688.902, 300.340685, 58.945157
22637.061, 300.419446, 59.017069
9147.781, 300.532868, 59.118780
15217.312, 300.647248, 59.223556
15465.357, 300.257331, 58.867853
6357.453, 300.371331, 58.971769
2041.695, 300.382463, 58.981451
12440.227, 300.392682, 58.994591
2792.844, 300.455433, 59.048418
28617.176, 300.506712, 59.098226
11544.374, 300.480667, 59.075029
28149.062, 300.576099, 59.162306
3966.658, 300.316238, 58.922826
5995.317, 300.401647, 59.002128
65353.182, 300.611973, 59.196466
27054.672, 300.243543, 58.859611
2806.868, 300.287901, 58.897121
3985.056, 300.552909, 59.141095
38606.444, 300.592040, 59.181064
2344.079, 300.265513, 58.879658
10001.479, 300.555123, 59.145240
41706.307, 300.297493, 58.913820
4345.179, 300.320166, 58.931167
17504.564, 300.276200, 58.893734
57150.048, 300.399171, 59.009073
32204.573, 300.561712, 59.155517
18301.349, 300.436579, 59.040705
17873.633, 300.442540, 59.047345
5173.735, 300.265039, 58.883531
27171.156, 300.338374, 58.955680
24995.580, 300.573757, 59.167776
11068.692, 300.254011, 58.875709
5592.092, 300.289365, 58.907033
53554.004, 300.320119, 58.941375
1956.210, 300.506074, 59.105411
8413.841, 300.527063, 59.125775
19272.012, 300.535749, 59.134917
75812.571, 300.480336, 59.089965
13271.245, 300.579880, 59.174445
251149.097, 300.481226, 59.100335
2376.989, 300.290310, 58.911292
44264.727, 300.417674, 59.031828
24528.781, 300.405396, 59.022755
3611.842, 300.254785, 58.880590
233834.220, 300.328056, 58.968922
4744.730, 300.458429, 59.067744
5977.111, 300.312622, 58.935772
140982.867, 300.356114, 58.981601
24842.689, 300.445121, 59.058877
2023.706, 300.554861, 59.155426
4409.090, 300.388498, 59.005905
4707.558, 300.401283, 59.017537
4430.697, 300.325319, 58.949027
3536.641, 300.451309, 59.064447
25290.918, 300.235553, 58.870482
2361.621, 300.351014, 58.973041
6522.591, 300.579821, 59.182635
11060.020, 300.246977, 58.880505
13013.013, 300.429511, 59.048487
15097.060, 300.259917, 58.893246
23615.501, 300.343107, 58.971289
5562.189, 300.499781, 59.111869
70531.849, 300.269297, 58.904097
2736.334, 300.281555, 58.912164
2782.483, 300.554210, 59.161255
31155.499, 300.315555, 58.949170
3877.222, 300.348381, 58.975470
12255.138, 300.295886, 58.931262
1982.714, 300.313588, 58.944701
49290.869, 300.320949, 58.956665
20137.842, 300.227600, 58.868286
21649.920, 300.280344, 58.918239
32767.059, 300.605406, 59.216934
3191.719, 300.621995, 59.229359
6397.647, 300.270323, 58.910678
2737.908, 300.307289, 58.944859
19096.931, 300.236856, 58.883678
2385.338, 300.257759, 58.900002
1968.531, 300.395753, 59.027008
21431.879, 300.574621, 59.191916
3645.674, 300.384241, 59.017580
16260.190, 300.415988, 59.048261
3202.861, 300.251088, 58.895977
15641.194, 300.356114, 58.994370
2008.757, 300.372490, 59.007239
7112.833, 300.350337, 58.988825
20284.075, 300.337883, 58.979329
2418.701, 300.411621, 59.044634
4390.529, 300.292363, 58.936480
4054.919, 300.342608, 58.982713
4742.621, 300.422735, 59.056355
31168.368, 300.566383, 59.189721
32645.213, 300.357831, 59.001529
23937.640, 300.590564, 59.212885
16692.697, 300.423141, 59.060331
23621.899, 300.211573, 58.868192
4445.053, 300.255611, 58.906637
1973.055, 300.393839, 59.032712
26445.181, 300.289961, 58.941000
1965.283, 300.306762, 58.953543
14823.754, 300.595666, 59.219101
4020.401, 300.266935, 58.918436
13035.380, 300.364414, 59.009306
2786.057, 300.337596, 58.984071
9550.360, 300.381410, 59.026456
3177.902, 300.285581, 58.938077
49333.908, 300.391640, 59.039171
2375.034, 300.213323, 58.872149
2773.053, 300.217239, 58.876013
29547.405, 300.339180, 58.991409
5115.561, 300.410958, 59.054309
2433.387, 300.243212, 58.900474
5181.075, 300.247715, 58.905111
2012.792, 300.306656, 58.958899
56829.115, 300.602135, 59.231891
114185.780, 300.289738, 58.952601
2797.221, 300.268856, 58.925969
9165.474, 300.484112, 59.123865
3953.006, 300.250931, 58.911412
46604.488, 300.591158, 59.223460
3194.280, 300.359627, 59.011171
155196.744, 300.480674, 59.131275
4939.104, 300.260675, 58.921972
5970.806, 300.354812, 59.008190
5197.268, 300.252688, 58.914982
7862.147, 300.282254, 58.944386
17986.795, 300.451804, 59.098827
2056.241, 300.495118, 59.136363
58030.159, 300.221577, 58.891508
2045.983, 300.372229, 59.025327
15564.788, 300.525807, 59.167573
37390.274, 300.272389, 58.936624
9984.121, 300.366470, 59.022317
11941.444, 300.378235, 59.033593
4023.346, 300.433298, 59.082469
2400.403, 300.561604, 59.198740
22155.029, 300.241540, 58.910355
3900.888, 300.317330, 58.977348
2811.089, 300.255552, 58.921118
2804.740, 300.427386, 59.078696
7550.762, 300.261735, 58.929476
17120.977, 300.349327, 59.009925
1987.304, 300.265772, 58.933012
22990.813, 300.301830, 58.969161
8712.704, 300.566288, 59.209623
18499.352, 300.569875, 59.213519
22775.813, 300.206601, 58.882767
11548.436, 300.550462, 59.196067
23513.971, 300.580146, 59.223949
18750.733, 300.386397, 59.048309
2445.389, 300.448545, 59.102870
12275.139, 300.496678, 59.148820
25432.247, 300.374250, 59.037913
3166.447, 300.292583, 58.962366
3555.301, 300.591533, 59.235116
2018.441, 300.236258, 58.910881
3165.675, 300.253203, 58.926964
3107.731, 300.470434, 59.125562
3551.755, 300.484314, 59.138483
3173.826, 300.210394, 58.887766
4748.566, 300.311128, 58.981793
