# Source Fluxes and Coordinates
# Flux (e-/s), RA (deg), Dec (deg)
45266.269, 300.990978, 58.737950
796804.527, 301.098776, 58.834957
59980.358, 301.197737, 58.922612
6879.018, 301.191023, 58.918159
48129.072, 300.944652, 58.700393
6699.893, 300.899711, 58.657573
52060.515, 301.036069, 58.786559
26567.968, 301.234641, 58.960956
2408.036, 301.010590, 58.760214
2370.635, 301.099903, 58.842578
12575.717, 301.164284, 58.903170
11054.644, 300.997840, 58.753644
11555.238, 301.114759, 58.859157
17614.147, 301.141919, 58.883801
2829.331, 300.910291, 58.674445
27099.236, 301.054926, 58.807338
9164.244, 301.110268, 58.855297
26440.499, 300.910177, 58.678163
25768.087, 300.967650, 58.730833
2342.618, 300.938318, 58.703579
15926.389, 301.117302, 58.866335
50199.893, 301.055830, 58.817356
22050.749, 301.178007, 58.926692
2789.535, 301.280279, 59.017605
51772.859, 300.974347, 58.749173
10993.962, 300.875980, 58.658542
3132.908, 300.992886, 58.762654
3281.386, 301.000916, 58.769796
21694.346, 301.086052, 58.848823
10033.158, 300.883220, 58.665978
10770.641, 301.271872, 59.014349
33381.207, 300.958353, 58.737578
22663.382, 301.099852, 58.864191
26135.324, 300.980989, 58.758255
3969.238, 300.949820, 58.729845
13103.579, 301.008469, 58.785757
11099.951, 301.062606, 58.836030
3223.231, 301.197317, 58.954248
34705.483, 300.880370, 58.674139
3642.523, 300.974897, 58.756983
2370.028, 300.890733, 58.680969
1969.129, 300.906685, 58.694905
2757.734, 300.924093, 58.711162
6314.366, 300.927069, 58.713873
6261.596, 301.025385, 58.804917
39810.728, 301.181092, 58.947782
6770.187, 301.222409, 58.983737
5601.205, 300.976634, 58.764082
22296.795, 301.011715, 58.797762
4443.354, 301.206906, 58.970215
3544.301, 300.926583, 58.719363
3935.603, 300.930640, 58.725019
20573.407, 301.111433, 58.888577
31556.445, 301.134769, 58.911359
71446.361, 300.929639, 58.730415
17503.651, 300.981626, 58.773250
2762.465, 300.938771, 58.733620
93971.129, 301.202290, 58.976264
5597.217, 301.236941, 59.004934
5839.393, 300.984670, 58.780510
13640.285, 300.875380, 58.682490
43909.063, 301.253753, 59.025566
69250.924, 301.238956, 59.012656
6709.142, 301.135275, 58.918044
51955.685, 301.167496, 58.949693
25750.030, 301.209833, 58.986619
19717.050, 301.135832, 58.921176
7962.380, 301.046816, 58.840786
13254.510, 301.056662, 58.849978
13107.048, 300.975092, 58.778545
19841.041, 300.983160, 58.786146
16171.677, 300.945509, 58.752469
11790.077, 300.863471, 58.679806
4021.708, 300.880187, 58.694118
5599.934, 301.136372, 58.924813
57866.636, 301.170481, 58.958979
25229.120, 301.065299, 58.864685
7905.308, 301.118994, 58.911477
6604.516, 300.872753, 58.691650
3545.301, 300.923569, 58.736498
26210.601, 301.011058, 58.820241
52519.091, 301.153000, 58.947892
28449.647, 300.875116, 58.697709
190071.501, 300.898012, 58.724811
3917.365, 300.856883, 58.679188
9551.349, 300.844543, 58.669219
19753.862, 300.889979, 58.711138
20389.082, 300.863682, 58.688798
14317.055, 300.941079, 58.759281
15726.059, 301.108021, 58.910542
20463.554, 301.088134, 58.894834
55055.428, 300.862532, 58.694604
1970.957, 300.931538, 58.752636
33155.841, 301.071552, 58.881457
8069.146, 301.202002, 58.996301
7609.136, 300.902772, 58.730174
3951.602, 300.943432, 58.769982
3937.490, 300.834374, 58.671811
27692.380, 300.837680, 58.678431
115320.153, 300.867837, 58.712015
13429.729, 300.986361, 58.811836
46876.526, 301.110113, 58.926801
4351.782, 300.988903, 58.815739
5160.695, 300.921622, 58.756996
34042.382, 301.044981, 58.872867
107203.112, 301.068411, 58.896588
51971.939, 300.877050, 58.724407
24908.668, 300.940088, 58.780438
3169.525, 300.833148, 58.682039
2358.874, 300.861946, 58.708508
3534.581, 301.007421, 58.839849
5954.378, 300.823526, 58.675210
2378.570, 300.886047, 58.731184
49105.279, 300.904856, 58.752287
3632.786, 300.970971, 58.808301
82974.659, 300.895832, 58.745925
46638.495, 300.943035, 58.787991
6291.838, 300.854943, 58.705110
10663.708, 300.962418, 58.802843
14962.105, 300.974299, 58.814490
5552.375, 300.868243, 58.718690
46762.541, 301.104910, 58.934135
23678.603, 301.112516, 58.940905
21289.080, 300.820576, 58.680190
61837.859, 301.167234, 58.994438
3978.789, 301.139528, 58.967102
3168.210, 300.991760, 58.835363
33396.180, 300.992028, 58.840269
28901.392, 300.880670, 58.741855
4031.636, 301.046983, 58.887623
5969.430, 300.961787, 58.813131
53102.544, 301.015721, 58.864986
25491.063, 301.075614, 58.917283
5465.115, 300.975292, 58.828709
13541.463, 301.107259, 58.947583
3968.221, 300.900525, 58.761035
27682.056, 300.812537, 58.687282
14141.547, 300.895643, 58.758960
6061.231, 301.130728, 58.969125
30692.538, 300.828904, 58.700333
80505.845, 300.884954, 58.754647
11105.312, 301.043093, 58.892367
137624.029, 301.137959, 58.982405
3123.242, 300.947652, 58.807629
6357.117, 301.034983, 58.885774
368113.291, 300.859082, 58.741266
2379.403, 300.950326, 58.812102
3154.049, 300.861353, 58.732941
42321.249, 300.969588, 58.834751
7559.471, 300.836478, 58.711929
27445.234, 300.814334, 58.694905
121240.494, 301.026741, 58.890735
9588.494, 301.068133, 58.922829
4769.925, 300.828024, 58.706463
16019.915, 301.189274, 59.032070
6314.723, 300.852737, 58.730556
7909.768, 300.841239, 58.720967
2755.094, 300.984292, 58.849797
9517.711, 301.041799, 58.902294
4764.242, 300.911742, 58.786167
7592.194, 300.881428, 58.760006
14183.368, 300.898991, 58.775687
25879.450, 300.949945, 58.823194
58464.264, 300.999936, 58.871880
24415.349, 300.954848, 58.827981
27632.909, 300.820105, 58.708653
1408908.656, 300.812048, 58.724558
25790.208, 301.141366, 58.998539
125247.522, 300.801748, 58.696634
9846.480, 300.929220, 58.807509
7988.028, 301.061923, 58.926047
5119.127, 300.889543, 58.772676
4660.335, 300.909257, 58.791728
3961.434, 301.097015, 58.960079
21506.772, 300.960440, 58.840215
7885.335, 300.846796, 58.739752
4760.855, 300.861610, 58.752326
8703.556, 300.917175, 58.803877
3206.903, 300.842971, 58.736132
19938.789, 300.952436, 58.837571
7473.118, 300.802578, 58.703183
2438.292, 301.158845, 59.025221
4376.972, 301.168257, 59.034144
7867.853, 300.878742, 58.774862
28252.051, 301.066830, 58.947844
4815.495, 300.836607, 58.737345
123021.546, 300.861995, 58.766650
4313.652, 300.789133, 58.695240
132284.357, 301.023052, 58.914262
19765.580, 301.106413, 58.984669
11835.983, 300.922929, 58.820162
5175.382, 300.825863, 58.732042
5435.904, 300.849624, 58.753665
19497.247, 300.883783, 58.788904
31436.592, 301.111833, 58.995152
5213.294, 300.788948, 58.702705
9767.879, 300.831006, 58.742247
102446.527, 300.779620, 58.709064
5535.342, 300.825509, 58.737010
8669.694, 300.778749, 58.696864
5957.121, 300.836381, 58.748792
12421.238, 300.915049, 58.824694
9796.294, 300.831461, 58.746691
34755.210, 301.046882, 58.943129
108853.740, 301.131988, 59.022076
9084.810, 300.904462, 58.814327
51413.189, 300.983414, 58.889053
89537.473, 300.767250, 58.695358
63966.892, 300.914186, 58.830465
3946.032, 300.925334, 58.835095
2395.013, 300.960827, 58.866800
58855.092, 301.118982, 59.012697
27258.036, 300.816988, 58.740187
10893.296, 300.833781, 58.755498
9382.853, 300.893648, 58.808470
17130.806, 300.988221, 58.895734
16465.834, 300.787184, 58.716468
11559.177, 300.961774, 58.872469
3982.927, 301.035677, 58.937891
9416.813, 300.954337, 58.867237
3553.671, 300.846546, 58.771036
33837.835, 300.866537, 58.793353
2014.282, 300.806519, 58.736425
2451.489, 300.905295, 58.826192
84526.930, 300.935143, 58.858624
585853.851, 300.819923, 58.765671
3929.725, 301.015409, 58.926135
8265.385, 300.805892, 58.739116
23393.920, 301.142021, 59.043895
11509.333, 301.026144, 58.940308
37134.338, 301.100700, 59.008394
2799.597, 300.818623, 58.752561
89826.574, 300.837914, 58.779096
3209.212, 300.776302, 58.715293
69161.742, 300.778071, 58.721941
21863.982, 301.074715, 58.986428
12679.373, 300.975162, 58.896704
20274.041, 301.067153, 58.982108
18347.962, 301.063119, 58.977611
7515.186, 300.806717, 58.746996
22271.144, 300.902001, 58.835703
2407.844, 300.769848, 58.715599
40478.985, 300.750556, 58.703367
15404.991, 300.800093, 58.745720
9164.405, 301.040333, 58.963268
1958.004, 300.760350, 58.711080
1956.522, 300.970052, 58.901411
43066.859, 301.139321, 59.054904
6667.165, 300.765966, 58.717918
11061.424, 300.896902, 58.838711
7123.382, 300.846546, 58.795338
3885.599, 300.759406, 58.716158
28598.483, 300.884903, 58.832404
32477.301, 300.968925, 58.908189
19612.263, 301.014644, 58.948316
20403.142, 300.803176, 58.759684
32919.304, 300.923140, 58.867617
3187.117, 300.875226, 58.823071
9964.549, 300.986205, 58.924915
54594.917, 301.059685, 58.993016
2074.370, 300.760651, 58.721235
4380.295, 300.831755, 58.785693
10224.966, 300.834049, 58.790785
14872.236, 301.041166, 58.975499
13360.978, 300.838667, 58.796861
3594.413, 300.844230, 58.798668
3170.549, 300.747392, 58.711418
12960.399, 300.754702, 58.719593
2750.070, 300.772540, 58.734639
1939.376, 300.761745, 58.725597
7123.328, 300.778054, 58.741327
43210.871, 301.020271, 58.961928
7863.748, 300.773569, 58.738566
120767.842, 300.811424, 58.779191
2404.442, 300.998565, 58.940618
5151.128, 300.967859, 58.915133
76138.364, 300.733265, 58.710321
21798.634, 300.876297, 58.837118
27768.071, 300.759689, 58.733994
31506.260, 300.838969, 58.806574
2372.280, 300.788144, 58.756091
3565.520, 300.783994, 58.753097
34318.963, 300.980803, 58.933895
292813.745, 300.738989, 58.724225
2379.088, 300.845256, 58.809989
3144.415, 300.879085, 58.841923
7899.676, 300.969060, 58.923721
71163.678, 301.022721, 58.976103
9922.578, 300.777481, 58.751809
17844.906, 301.004337, 58.959183
15073.849, 301.129792, 59.069483
62225.020, 300.760162, 58.741734
11962.117, 300.940461, 58.900638
21503.165, 301.090434, 59.035181
42717.808, 300.823869, 58.798143
3937.732, 300.923830, 58.885130
2752.870, 301.044035, 58.992840
2772.291, 300.736838, 58.716179
2369.156, 300.912653, 58.875584
7612.449, 301.067040, 59.015960
30841.115, 301.077331, 59.028862
16979.782, 301.110405, 59.058689
50426.764, 300.847343, 58.827455
22864.340, 300.974680, 58.940062
4371.619, 300.719233, 58.709084
4355.141, 300.779781, 58.764763
7985.198, 300.961215, 58.929999
2761.445, 301.008374, 58.972366
3960.828, 300.840186, 58.821549
4006.713, 300.930092, 58.902443
16845.113, 300.805091, 58.795024
5141.177, 300.812572, 58.798267
81423.299, 301.019917, 58.992057
22799.778, 300.927278, 58.906795
11734.164, 300.760834, 58.755600
3936.907, 300.933504, 58.911354
71478.221, 300.961382, 58.941465
3559.063, 300.724831, 58.722782
1984.111, 300.756717, 58.752042
13481.724, 300.892767, 58.876332
26804.325, 301.002108, 58.975320
7489.274, 300.792445, 58.786975
67013.327, 300.774575, 58.776745
9048.815, 300.881392, 58.868820
17904.211, 300.977913, 58.958053
96824.061, 300.855296, 58.853262
2785.797, 300.829717, 58.823944
6291.948, 300.723816, 58.729365
5501.174, 300.811485, 58.808712
34955.077, 301.093855, 59.065057
34978.033, 300.741680, 58.748759
3158.955, 301.077268, 59.048979
2041.336, 300.731692, 58.738028
3984.119, 300.836554, 58.833499
19259.857, 300.749999, 58.758162
1983.341, 300.863024, 58.859268
5910.017, 300.812329, 58.815013
198335.136, 301.016915, 59.006823
41669.829, 300.697900, 58.718277
24524.292, 300.887334, 58.886008
19484.210, 300.919313, 58.914933
37742.205, 300.784746, 58.795607
3134.923, 300.803663, 58.810824
28679.786, 301.040490, 59.026995
78518.099, 300.738698, 58.761225
1965.705, 300.861911, 58.865817
8602.183, 300.720881, 58.741447
15089.511, 300.977632, 58.975064
36195.218, 301.021848, 59.016874
17763.742, 300.796022, 58.812938
2361.447, 301.053525, 59.042893
45148.516, 300.767518, 58.789740
75562.989, 300.802822, 58.824813
18935.487, 301.031498, 59.025600
3292.669, 301.088634, 59.075667
30206.872, 300.961495, 58.965801
2373.669, 300.782061, 58.801578
9997.240, 300.754792, 58.779087
7113.640, 300.772739, 58.794899
4770.410, 300.919583, 58.927031
219394.192, 300.711027, 58.751786
4682.386, 300.867115, 58.880924
6664.132, 300.699515, 58.729532
64997.843, 300.743990, 58.776105
5976.840, 300.947489, 58.955825
1977.643, 300.894503, 58.907420
2760.424, 300.682324, 58.716661
10293.523, 300.756645, 58.784868
261403.210, 300.899564, 58.922929
4337.564, 300.921323, 58.932871
6358.970, 300.939074, 58.949110
3558.287, 300.966561, 58.974070
8007.801, 300.778029, 58.805697
37287.553, 300.810088, 58.837348
11075.798, 300.766802, 58.796634
2353.537, 300.900041, 58.916613
40993.270, 300.694704, 58.739761
13974.760, 300.794391, 58.824146
9068.509, 300.706446, 58.745004
55039.501, 300.772662, 58.811376
18895.321, 300.832599, 58.862738
5985.235, 300.887003, 58.908673
10472.069, 301.078309, 59.081126
12291.018, 300.731142, 58.769571
3574.730, 300.865218, 58.889809
4885.436, 300.751927, 58.788914
2713.014, 300.746401, 58.784465
36219.193, 300.958563, 58.979346
6358.903, 300.679567, 58.725925
120541.404, 300.715126, 58.766350
2771.023, 300.793290, 58.828428
4346.443, 300.714220, 58.758237
4662.924, 300.731339, 58.776516
4027.582, 300.673678, 58.723960
91366.974, 300.833932, 58.876418
43882.725, 300.742755, 58.793529
12861.252, 301.032991, 59.052851
25962.028, 300.707083, 58.760847
4677.335, 300.794831, 58.837684
5963.111, 300.802534, 58.845251
4742.868, 300.880655, 58.915786
48058.005, 300.953984, 58.985725
2365.385, 300.738718, 58.788804
2787.799, 300.787054, 58.832234
6696.545, 300.670786, 58.728278
5540.822, 300.718619, 58.771245
24860.188, 300.842205, 58.886234
34997.617, 301.042491, 59.065768
9915.499, 300.797530, 58.844137
6309.949, 300.678934, 58.741944
2376.164, 300.897989, 58.939971
5949.412, 300.782220, 58.836789
59867.430, 301.017667, 59.053363
8003.497, 300.668230, 58.735339
7567.488, 300.682208, 58.748086
3194.371, 300.840486, 58.892304
36948.420, 301.053060, 59.086055
6777.196, 301.042805, 59.076669
3203.806, 300.711967, 58.778433
24628.757, 300.886885, 58.939087
5624.110, 300.957572, 59.000880
5066.165, 300.685821, 58.755676
4402.914, 300.665591, 58.738436
9784.927, 300.674983, 58.748081
3630.522, 300.656508, 58.731708
4752.681, 300.801923, 58.863221
26608.949, 300.717471, 58.789526
17637.721, 300.780778, 58.847954
18711.165, 300.760910, 58.830266
42444.364, 300.663159, 58.743457
10933.428, 300.731349, 58.803586
4722.789, 300.785611, 58.851886
47429.668, 300.830612, 58.896107
5893.580, 300.747018, 58.817111
2780.088, 300.689461, 58.765414
5948.694, 300.735119, 58.808037
92683.772, 300.646028, 58.732123
9486.781, 300.701882, 58.779273
7612.034, 300.957447, 59.009068
47507.292, 300.925843, 58.984990
4312.161, 300.748537, 58.822178
31882.064, 300.948639, 59.005081
17894.953, 301.047578, 59.093079
3223.389, 300.739842, 58.814674
9824.062, 300.667491, 58.751364
2782.709, 300.679050, 58.759877
3524.177, 300.690488, 58.770530
4312.440, 300.743655, 58.819409
2774.934, 300.913058, 58.973604
54805.226, 300.845532, 58.918167
19992.222, 300.802481, 58.877650
7438.985, 300.698767, 58.784758
22242.250, 300.642411, 58.739928
7717.935, 300.983905, 59.043854
38941.101, 300.959213, 59.024968
5160.776, 300.821409, 58.898523
10694.049, 300.883918, 58.956418
9022.269, 300.786961, 58.870220
5267.828, 300.970478, 59.033887
8296.498, 300.655933, 58.749976
48040.327, 300.914228, 58.987462
3533.962, 300.721681, 58.810938
5107.748, 300.661924, 58.757252
6314.057, 301.018857, 59.080331
13061.128, 300.665621, 58.763799
5627.778, 300.696351, 58.790332
32576.209, 300.959060, 59.030357
5952.917, 300.686435, 58.782749
3635.850, 300.702978, 58.797118
11710.121, 300.671536, 58.771512
35868.686, 300.765899, 58.858646
1975.593, 300.760786, 58.852531
15310.074, 300.774188, 58.866213
8061.074, 301.022980, 59.090283
20221.749, 300.637242, 58.745000
65247.564, 300.719055, 58.822615
21170.984, 301.026217, 59.097614
49457.568, 300.867198, 58.958138
38367.261, 300.795322, 58.892936
3135.710, 300.686642, 58.791814
4664.531, 300.737118, 58.838886
310703.320, 300.955352, 59.044930
3101.949, 300.648501, 58.758434
6772.486, 300.740464, 58.843374
25745.504, 300.802259, 58.900391
76960.622, 300.993704, 59.075361
12067.490, 300.939541, 59.024432
7957.872, 300.619901, 58.737352
30179.161, 300.726648, 58.836874
38031.498, 300.708038, 58.821493
53821.983, 300.871630, 58.969916
11228.549, 300.743727, 58.852918
7563.673, 300.733135, 58.843291
32770.604, 300.768329, 58.877371
18771.396, 300.940237, 59.031382
99935.182, 300.629800, 58.757933
18546.531, 300.698917, 58.817025
17197.559, 300.884764, 58.984213
2403.092, 300.714622, 58.829459
67928.346, 300.894282, 58.994799
109720.046, 300.616346, 58.746137
7479.959, 300.625773, 58.750340
65006.292, 300.659363, 58.785185
1942.041, 300.755106, 58.866845
6457.862, 300.863092, 58.964855
15667.398, 300.646357, 58.771369
49373.895, 300.774651, 58.890137
4352.622, 300.688130, 58.809554
154038.266, 300.749715, 58.872349
3927.882, 300.711311, 58.831062
21522.806, 300.883755, 58.988811
2417.475, 300.650401, 58.776473
46785.373, 300.674834, 58.804259
29068.401, 300.662290, 58.794532
9035.059, 300.712366, 58.838720
16403.318, 300.907466, 59.015139
3970.141, 300.898703, 59.007070
3562.727, 300.607393, 58.743785
45837.392, 300.613493, 58.755187
17538.985, 300.829399, 58.947960
17374.215, 300.973297, 59.076952
12702.866, 300.939073, 59.047219
57401.764, 300.646475, 58.786100
12048.034, 300.863654, 58.981461
9108.095, 300.716965, 58.848655
24962.227, 300.703997, 58.841028
32586.701, 300.627503, 58.773133
104351.118, 300.751305, 58.891735
34684.224, 300.880714, 59.002167
38540.034, 300.663344, 58.807553
11228.625, 300.864574, 58.987274
29080.628, 300.964186, 59.078025
49000.464, 300.645654, 58.793552
6652.239, 300.707531, 58.845732
29358.319, 300.610045, 58.760457
5174.763, 300.690404, 58.830431
177193.099, 300.813619, 58.954329
54351.929, 300.937242, 59.058289
3585.087, 300.658179, 58.803307
11861.519, 300.747330, 58.885812
2380.649, 300.811498, 58.943315
6659.605, 300.652045, 58.802306
4389.532, 300.690164, 58.836079
67431.390, 300.828155, 58.965026
12175.247, 300.991710, 59.108987
27646.280, 300.635646, 58.789975
98857.991, 300.674585, 58.830720
3505.445, 300.710437, 58.855955
32758.965, 300.885769, 59.017080
3942.354, 300.600212, 58.756829
6286.225, 300.903144, 59.031150
9030.987, 300.668442, 58.821314
3166.289, 300.735517, 58.880389
34092.990, 300.924969, 59.054886
17359.548, 300.585840, 58.746812
22076.488, 300.619209, 58.779179
2359.254, 300.654221, 58.809655
11728.510, 300.702263, 58.854500
5959.597, 300.969917, 59.095430
4338.419, 300.608493, 58.770232
9511.250, 300.627054, 58.787142
3219.413, 300.685452, 58.841160
55129.644, 300.837712, 58.982817
11162.051, 300.628163, 58.792231
57999.955, 300.687013, 58.850154
2764.395, 300.678064, 58.835687
45887.452, 300.922833, 59.060926
3173.691, 300.712575, 58.868617
10230.302, 300.723366, 58.880841
2798.547, 300.770725, 58.922496
9484.045, 300.630149, 58.796811
133114.291, 300.730688, 58.893593
104141.034, 300.602204, 58.777382
5563.251, 300.654673, 58.819471
3595.181, 300.681441, 58.843243
8756.855, 300.868001, 59.012958
4730.353, 300.648469, 58.815136
3509.301, 300.692862, 58.856131
174752.978, 300.850234, 59.004976
2002.394, 300.581183, 58.755934
98447.826, 300.635514, 58.812595
6311.938, 300.665058, 58.834434
4364.935, 300.718493, 58.882417
21419.592, 300.777811, 58.938868
23121.811, 300.837677, 58.992687
12152.454, 300.575863, 58.757373
12219.362, 300.650463, 58.824871
19036.771, 300.651296, 58.829618
24703.798, 300.682037, 58.856620
21130.471, 300.788947, 58.953202
18200.584, 300.799589, 58.963923
22323.814, 300.590456, 58.776142
23621.395, 300.669586, 58.848134
44729.379, 300.607540, 58.793602
5086.753, 300.723441, 58.897318
5551.014, 300.770379, 58.939311
12611.297, 300.583623, 58.771930
11447.993, 300.659600, 58.841963
5582.683, 300.694621, 58.873144
3225.498, 300.918600, 59.074472
13416.958, 300.619241, 58.806335
6494.692, 300.938097, 59.092983
1985.650, 300.640760, 58.824775
8253.415, 300.788592, 58.959851
1982.649, 300.635483, 58.822504
35683.154, 300.779834, 58.956986
8750.603, 300.805698, 58.978295
8310.714, 300.642378, 58.830880
3943.535, 300.664920, 58.852075
7186.968, 300.610633, 58.804790
7334.614, 300.917036, 59.081383
5960.101, 300.619257, 58.813775
2792.935, 300.660351, 58.850932
3939.356, 300.814901, 58.991071
13091.037, 300.823639, 58.999886
6042.097, 300.883893, 59.052970
28575.503, 300.826666, 59.004823
2373.988, 300.634758, 58.828919
32595.186, 300.682798, 58.877856
27434.804, 300.741243, 58.928343
5171.896, 300.562361, 58.764150
18159.499, 300.563048, 58.767996
5564.674, 300.725537, 58.912799
11001.586, 300.942162, 59.109071
8382.455, 300.862243, 59.037463
30865.920, 300.713631, 58.905984
5114.105, 300.668180, 58.863552
16059.883, 300.909000, 59.082734
5566.763, 300.587523, 58.791463
3193.997, 300.616777, 58.818581
5957.551, 300.745574, 58.935813
65206.183, 300.801933, 58.993443
4793.079, 300.928591, 59.100704
9528.004, 300.589584, 58.795463
2374.026, 300.620177, 58.822925
9495.251, 300.646307, 58.847719
38911.481, 300.643035, 58.850733
33160.525, 300.689679, 58.890679
32545.044, 300.795536, 58.986911
67356.401, 300.888350, 59.070651
1943.507, 300.549896, 58.761898
3145.626, 300.576247, 58.786740
3905.314, 300.600130, 58.808525
55653.422, 300.829595, 59.020579
6284.521, 300.662630, 58.866693
23222.754, 300.600046, 58.818610
7480.838, 300.631362, 58.842052
5070.392, 300.665511, 58.873238
38878.463, 300.730744, 58.934518
41293.163, 300.764374, 58.965736
6339.356, 300.688117, 58.895195
3170.233, 300.656758, 58.867713
52524.890, 300.665289, 58.880558
11581.981, 300.772545, 58.974428
17017.730, 300.639316, 58.855215
27865.249, 300.647729, 58.864920
2411.384, 300.542702, 58.767207
5903.621, 300.551347, 58.775350
5479.110, 300.746938, 58.953352
7115.129, 300.612760, 58.832082
21882.836, 300.601677, 58.825271
3947.982, 300.613936, 58.834947
19476.899, 300.649806, 58.870521
23319.523, 300.791019, 58.998727
4769.484, 300.532255, 58.761845
33433.892, 300.654990, 58.876441
10417.487, 300.847166, 59.048276
5122.080, 300.561498, 58.789512
8668.601, 300.734440, 58.947958
12176.161, 300.803300, 59.011617
53062.866, 300.677839, 58.901893
44047.153, 300.880639, 59.084266
10613.659, 300.621375, 58.850576
3178.433, 300.561171, 58.794028
31511.531, 300.817518, 59.029783
1990.138, 300.647693, 58.873484
4365.644, 300.716002, 58.935981
28249.122, 300.738668, 58.958741
12224.266, 300.607548, 58.840919
7096.054, 300.670396, 58.895322
34275.737, 300.824316, 59.036977
2783.263, 300.544781, 58.781236
2784.778, 300.625231, 58.854900
13079.210, 300.776146, 58.995514
6417.023, 300.921475, 59.125500
38098.020, 300.532911, 58.779023
10273.585, 300.755482, 58.978613
8295.585, 300.586615, 58.825388
5195.539, 300.694008, 58.922113
15325.822, 300.647821, 58.884139
135980.428, 300.652858, 58.891736
10357.106, 300.518216, 58.765161
42335.353, 300.683228, 58.918406
23221.398, 300.895041, 59.106787
6658.615, 300.569921, 58.812279
7463.437, 300.537277, 58.784414
42405.062, 300.738153, 58.971197
7968.972, 300.524038, 58.775152
48054.563, 300.570695, 58.821768
13006.005, 300.661833, 58.901144
142473.771, 300.904918, 59.126648
12266.427, 300.598280, 58.845794
7403.161, 300.698031, 58.937027
41150.699, 300.545167, 58.802232
34786.095, 300.615446, 58.866554
366225.853, 300.628053, 58.885893
2425.760, 300.593325, 58.842669
17936.954, 300.850705, 59.076985
18884.228, 300.886935, 59.111461
85699.466, 300.503446, 58.771540
1939.375, 300.541895, 58.797551
76754.124, 300.599816, 58.856640
65635.477, 300.668455, 58.917635
4371.756, 300.661416, 58.909372
10318.181, 300.704217, 58.948883
6761.090, 300.767045, 59.005725
27469.395, 300.717052, 58.962608
23455.291, 300.518153, 58.782525
3931.145, 300.621021, 58.873858
13404.068, 300.687970, 58.936444
2738.202, 300.616256, 58.871252
2358.741, 300.657438, 58.908169
6052.071, 300.582603, 58.842389
3596.572, 300.587948, 58.847293
2394.195, 300.818061, 59.055487
5137.865, 300.639643, 58.895799
28259.852, 300.801989, 59.044412
5462.694, 300.557733, 58.821837
2336.215, 300.658471, 58.912750
19238.925, 300.845578, 59.086218
5096.135, 300.530906, 58.799414
5143.627, 300.565204, 58.830813
3957.823, 300.619504, 58.881419
82708.246, 300.665145, 58.926892
68161.713, 300.848830, 59.092676
9817.198, 300.510572, 58.783605
5517.953, 300.602323, 58.866574
6678.339, 300.701525, 58.956749
30680.759, 300.528525, 58.803099
5571.091, 300.802917, 59.049408
17880.863, 300.587120, 58.859586
17088.740, 300.800940, 59.054490
15928.054, 300.891171, 59.135458
2790.373, 300.865273, 59.111317
30650.009, 300.490897, 58.775104
8307.079, 300.508997, 58.790580
3916.393, 300.592243, 58.865675
7042.458, 300.610813, 58.882873
2411.524, 300.622228, 58.893263
7094.055, 300.816436, 59.069940
6371.337, 300.574660, 58.851966
5539.874, 300.669748, 58.941314
6019.698, 300.497755, 58.784322
14239.172, 300.559216, 58.841939
6676.066, 300.712521, 58.980988
19079.229, 300.842217, 59.098147
3518.485, 300.562044, 58.844443
14012.067, 300.565924, 58.849329
26225.307, 300.616650, 58.896710
32504.487, 300.622130, 58.902443
13446.908, 300.704266, 58.976580
10672.929, 300.811034, 59.071389
4338.921, 300.632678, 58.909941
22053.182, 300.783152, 59.047778
2349.645, 300.608198, 58.890042
3192.730, 300.675442, 58.951411
2354.109, 300.631977, 58.913348
8230.888, 300.648216, 58.929318
5109.454, 300.685850, 58.963653
26615.222, 300.872839, 59.134718
3182.926, 300.513587, 58.807018
18423.950, 300.543758, 58.837055
3555.429, 300.572545, 58.860771
44782.246, 300.789855, 59.063123
19548.398, 300.880998, 59.143006
3890.630, 300.610295, 58.898116
5192.197, 300.660725, 58.944351
22282.394, 300.664703, 58.950259
17868.508, 300.740423, 59.018309
34508.607, 300.530006, 58.829084
118048.995, 300.579931, 58.881572
51479.831, 300.479880, 58.786284
3960.093, 300.608625, 58.901472
1974.526, 300.808776, 59.081837
3179.531, 300.599259, 58.893652
20466.543, 300.674216, 58.963887
13974.639, 300.715328, 59.000647
62509.122, 300.805725, 59.087685
5935.543, 300.665839, 58.956895
2381.421, 300.779871, 59.060087
17681.648, 300.812659, 59.090812
19274.666, 300.827377, 59.104059
11519.697, 300.519717, 58.827835
11409.804, 300.527115, 58.834631
14477.190, 300.745418, 59.032867
59204.989, 300.654109, 58.952618
65235.217, 300.491902, 58.806938
28678.937, 300.777321, 59.064095
4744.012, 300.511965, 58.822590
35284.361, 300.538675, 58.849120
2328.465, 300.557235, 58.862801
10750.782, 300.693335, 58.987366
9838.874, 300.478869, 58.794438
14342.546, 300.612756, 58.919106
20782.066, 300.742758, 59.038394
27909.033, 300.635077, 58.941656
17699.214, 300.492119, 58.814705
323336.400, 300.702856, 59.010276
5544.457, 300.497656, 58.817482
9482.837, 300.460670, 58.783941
18881.739, 300.543350, 58.863097
17521.687, 300.770605, 59.067902
15946.532, 300.635853, 58.947626
26825.981, 300.711692, 59.017515
36340.999, 300.771969, 59.072725
8735.230, 300.463298, 58.790079
12980.456, 300.558698, 58.878762
29569.369, 300.456344, 58.787639
4757.340, 300.468408, 58.797051
2744.819, 300.606899, 58.921905
19712.612, 300.649491, 58.963741
9991.520, 300.715840, 59.022007
17239.160, 300.471367, 58.802983
3282.860, 300.845721, 59.139808
50328.619, 300.558858, 58.885201
3922.686, 300.643854, 58.959583
14349.544, 300.661444, 58.976945
3970.253, 300.537759, 58.863596
3573.669, 300.541045, 58.868470
20981.081, 300.581435, 58.907490
37684.709, 300.612611, 58.936134
42028.924, 300.740694, 59.054842
28508.781, 300.492954, 58.827661
1998.386, 300.750879, 59.058694
3181.737, 300.520768, 58.851337
10649.198, 300.595545, 58.920983
3161.047, 300.688678, 59.004272
21346.224, 300.827587, 59.132117
3559.322, 300.540600, 58.871248
18651.560, 300.659884, 58.981407
26023.042, 300.514751, 58.850621
41414.848, 300.483861, 58.825415
4332.750, 300.493997, 58.831954
56165.378, 300.719925, 59.039906
5192.348, 300.752778, 59.066282
46961.138, 300.623018, 58.953287
33379.132, 300.765553, 59.081807
28680.085, 300.813539, 59.124962
2005.621, 300.845238, 59.150444
10692.153, 300.521075, 58.859164
14491.624, 300.440439, 58.787829
2736.098, 300.457649, 58.801509
14998.235, 300.557235, 58.894717
33717.876, 300.637565, 58.968249
3513.288, 300.542349, 58.880710
8675.628, 300.459728, 58.807053
54510.582, 300.447290, 58.800296
7894.277, 300.502577, 58.847175
38063.199, 300.583808, 58.923973
11874.514, 300.484155, 58.831544
19595.456, 300.810944, 59.134982
3991.744, 300.433434, 58.791228
32273.038, 300.540948, 58.893671
9052.699, 300.438049, 58.797193
29179.147, 300.503641, 58.859355
48791.749, 300.708370, 59.047030
3523.898, 300.529325, 58.882606
35787.376, 300.639275, 58.984713
10948.712, 300.491259, 58.850421
8290.276, 300.531110, 58.885398
25186.601, 300.655541, 59.003534
4762.133, 300.557921, 58.911231
32904.967, 300.465864, 58.831265
34753.026, 300.734298, 59.074422
6405.440, 300.768220, 59.102435
9875.493, 300.478851, 58.841796
28051.650, 300.447757, 58.815351
1998.604, 300.549406, 58.905257
7125.354, 300.462984, 58.828513
9856.041, 300.589706, 58.945421
41423.637, 300.669016, 59.021285
7086.304, 300.524657, 58.887286
25301.479, 300.796360, 59.134389
4323.917, 300.600212, 58.956197
8417.131, 300.711185, 59.058290
2417.763, 300.482559, 58.850134
7901.561, 300.539015, 58.903244
3552.199, 300.471374, 58.841446
81318.450, 300.767679, 59.115228
3557.509, 300.549076, 58.912693
16901.373, 300.569608, 58.933708
28203.157, 300.688678, 59.042644
13765.257, 300.454233, 58.828870
7463.772, 300.525833, 58.892832
6865.966, 300.714913, 59.064499
40710.680, 300.526970, 58.898176
26431.414, 300.583829, 58.948861
8382.097, 300.702271, 59.054269
3545.419, 300.474785, 58.847377
8721.361, 300.499681, 58.870988
17924.168, 300.654488, 59.013166
5227.107, 300.600479, 58.966082
6716.536, 300.421340, 58.803112
3176.981, 300.609858, 58.975177
4773.988, 300.436391, 58.817341
1980.073, 300.451483, 58.832126
5165.389, 300.461620, 58.841551
2766.686, 300.508780, 58.884379
6657.620, 300.613214, 58.979617
1985.543, 300.675177, 59.035314
3202.250, 300.590157, 58.959494
50101.811, 300.777101, 59.133717
4397.775, 300.616099, 58.983947
11644.018, 300.710939, 59.070961
41158.018, 300.734821, 59.094952
2786.599, 300.464884, 58.846754
4329.772, 300.529615, 58.906238
2796.961, 300.646619, 59.013988
5843.891, 300.589679, 58.964795
57436.843, 300.479776, 58.867235
11031.324, 300.513660, 58.897050
37142.701, 300.749771, 59.113008
47574.546, 300.402709, 58.799858
12257.735, 300.592454, 58.969561
39345.249, 300.606410, 58.985395
36313.334, 300.464197, 58.855829
10287.730, 300.432891, 58.826793
48749.822, 300.420862, 58.824309
1976.402, 300.471968, 58.861534
46439.669, 300.564061, 58.949601
71543.591, 300.631665, 59.013114
4722.811, 300.556179, 58.940115
18583.187, 300.619526, 58.999723
3552.596, 300.643463, 59.018717
3952.681, 300.450638, 58.843862
5141.685, 300.533242, 58.919235
3193.552, 300.722881, 59.091237
2368.688, 300.672754, 59.047042
5565.667, 300.797126, 59.160283
9397.246, 300.443462, 58.841028
34288.584, 300.489431, 58.885237
3956.670, 300.790112, 59.154810
9118.066, 300.411728, 58.813580
2461.331, 300.600401, 58.983431
3183.924, 300.674276, 59.051224
2418.684, 300.408247, 58.808787
30277.724, 300.712055, 59.090551
38436.143, 300.447651, 58.850228
31929.609, 300.496139, 58.894073
1996.567, 300.569470, 58.957745
4264.135, 300.402509, 58.806789
3159.129, 300.430614, 58.833201
6683.631, 300.540393, 58.934103
6762.075, 300.504947, 58.902767
3550.534, 300.599576, 58.988054
2030.581, 300.667022, 59.049475
38155.977, 300.616890, 59.008117
18164.793, 300.568768, 58.963862
1943.962, 300.698904, 59.080797
62140.756, 300.643272, 59.034902
53870.075, 300.721538, 59.106978
4811.534, 300.454442, 58.860870
5573.350, 300.477711, 58.883430
5107.971, 300.517461, 58.921056
61374.929, 300.520609, 58.928317
3976.432, 300.544655, 58.946461
7179.257, 300.745871, 59.128591
5100.292, 300.396772, 58.812401
347103.710, 300.579639, 58.990519
33826.061, 300.765327, 59.152778
10712.742, 300.446233, 58.859011
108205.836, 300.458374, 58.875724
6771.737, 300.536399, 58.942125
8671.204, 300.572147, 58.975862
12616.300, 300.413990, 58.833120
10275.058, 300.752042, 59.139572
18351.990, 300.397540, 58.818220
12122.629, 300.553240, 58.960570
3197.342, 300.531151, 58.939480
2375.553, 300.514427, 58.924971
19969.600, 300.625977, 59.028350
41374.400, 300.642261, 59.045100
5929.953, 300.464964, 58.881080
8263.618, 300.507549, 58.920396
30363.044, 300.694814, 59.092229
22198.872, 300.649646, 59.052292
1974.808, 300.529115, 58.941925
3177.017, 300.782849, 59.171457
22684.379, 300.477184, 58.896845
13877.161, 300.517557, 58.935735
22030.722, 300.543676, 58.960903
4414.298, 300.605588, 59.015429
34625.633, 300.446179, 58.874444
3978.868, 300.739371, 59.137289
2433.252, 300.462777, 58.887066
9134.635, 300.416828, 58.846606
4313.426, 300.382298, 58.815664
15542.477, 300.726083, 59.129853
59215.440, 300.681887, 59.097479
56669.595, 300.737111, 59.144100
39259.851, 300.697896, 59.108070
3196.048, 300.422993, 58.855925
51022.560, 300.577621, 59.000951
22135.006, 300.717699, 59.125917
8360.640, 300.387353, 58.824413
1983.269, 300.516217, 58.941291
2408.523, 300.666599, 59.078335
4286.779, 300.503872, 58.931678
3958.823, 300.436220, 58.870624
2010.824, 300.471811, 58.902423
2754.917, 300.508943, 58.936491
4387.271, 300.498897, 58.929826
26084.420, 300.628749, 59.049666
15416.970, 300.377225, 58.820680
5136.067, 300.481142, 58.914464
30479.828, 300.642110, 59.063956
6652.162, 300.384291, 58.829321
5505.819, 300.397523, 58.842391
5535.791, 300.453987, 58.893823
5558.340, 300.467825, 58.907748
2023.394, 300.412737, 58.856966
21401.657, 300.740459, 59.158094
1928.845, 300.553513, 58.987236
80588.465, 300.596331, 59.031069
27654.676, 300.627819, 59.058170
4288.062, 300.388433, 58.838403
77428.362, 300.563460, 59.003031
8724.143, 300.589879, 59.024320
23695.253, 300.726805, 59.149228
4341.767, 300.370080, 58.823770
48308.073, 300.395567, 58.850515
10680.068, 300.376599, 58.831010
23030.714, 300.435870, 58.887184
3544.668, 300.479865, 58.925223
9260.667, 300.709031, 59.133724
2433.654, 300.547961, 58.988551
7680.956, 300.614743, 59.050612
33431.156, 300.653615, 59.090964
1996.771, 300.414855, 58.870085
4724.112, 300.444814, 58.897962
5181.800, 300.640706, 59.076273
89457.587, 300.521618, 58.977335
4054.251, 300.705225, 59.136746
35005.916, 300.478540, 58.934639
17533.808, 300.712556, 59.146569
4329.581, 300.368576, 58.834481
2375.501, 300.371177, 58.837639
2010.598, 300.449728, 58.910301
18417.042, 300.732384, 59.169372
92427.510, 300.417781, 58.889025
45424.176, 300.488129, 58.949938
3953.316, 300.558763, 59.012163
23274.093, 300.341305, 58.817805
38238.225, 300.358506, 58.835527
41730.385, 300.451614, 58.918635
25628.228, 300.443051, 58.911729
9571.371, 300.616114, 59.066207
7122.591, 300.651291, 59.097871
27828.970, 300.672708, 59.119241
13508.318, 300.367143, 58.841673
11450.833, 300.395503, 58.867791
44989.491, 300.709657, 59.155435
8297.031, 300.570151, 59.027749
3190.397, 300.626104, 59.080716
43877.157, 300.397334, 58.877582
6321.968, 300.608172, 59.065386
6674.520, 300.369785, 58.848519
29158.716, 300.458162, 58.931717
4006.851, 300.558224, 59.021781
1942.569, 300.417409, 58.893572
5966.938, 300.527820, 58.994506
32507.910, 300.496196, 58.969181
13845.174, 300.662991, 59.120474
23641.947, 300.683489, 59.139396
17402.631, 300.331757, 58.820923
4310.033, 300.507807, 58.979385
6675.930, 300.411939, 58.894500
201109.334, 300.430554, 58.919925
32996.778, 300.461023, 58.941324
2040.705, 300.569785, 59.036754
59854.671, 300.641604, 59.105823
15264.389, 300.384945, 58.872451
10016.388, 300.455566, 58.935553
2754.646, 300.653321, 59.114018
8425.423, 300.673202, 59.133074
9062.060, 300.466694, 58.946616
6318.288, 300.335394, 58.826922
3940.916, 300.377486, 58.865426
26337.174, 300.697575, 59.158432
14192.302, 300.370753, 58.861410
7137.426, 300.424617, 58.909635
21434.975, 300.441102, 58.925645
18415.953, 300.343161, 58.837129
22872.762, 300.716221, 59.176808
3249.091, 300.618369, 59.087078
38256.735, 300.474326, 58.960334
36580.055, 300.326121, 58.825735
24867.683, 300.362137, 58.857971
32058.920, 300.437557, 58.929101
6352.402, 300.532849, 59.013683
5562.009, 300.413503, 58.906000
2374.089, 300.637254, 59.109854
11138.410, 300.407590, 58.903256
3186.401, 300.444681, 58.935827
59779.875, 300.331589, 58.840156
15257.086, 300.570983, 59.053171
3569.966, 300.379490, 58.878345
24839.945, 300.399740, 58.899872
4350.967, 300.578235, 59.060542
2795.853, 300.598109, 59.078749
3144.932, 300.580394, 59.063931
7048.355, 300.323828, 58.831107
2364.331, 300.454994, 58.949688
66536.103, 300.488202, 58.988174
2725.929, 300.517662, 59.007738
6290.749, 300.402281, 58.902995
5565.875, 300.557000, 59.044787
92993.546, 300.386010, 58.897452
6385.287, 300.583515, 59.069596
38699.939, 300.678319, 59.158178
63576.659, 300.525209, 59.021915
6309.150, 300.371228, 58.877735
18145.034, 300.458439, 58.959310
115708.397, 300.628668, 59.119295
42025.092, 300.346507, 58.858251
10716.040, 300.696276, 59.176074
109988.964, 300.347570, 58.870558
67438.371, 300.511675, 59.013367
20043.528, 300.369165, 58.881745
6345.970, 300.376634, 58.886475
70967.929, 300.398440, 58.912323
33336.977, 300.505146, 59.008641
28010.632, 300.667765, 59.155171
8705.395, 300.356595, 58.871304
42431.370, 300.329454, 58.850371
4335.697, 300.446463, 58.955218
61006.004, 300.541190, 59.045295
8853.443, 300.554427, 59.057388
7127.016, 300.565236, 59.067060
12625.942, 300.311682, 58.836860
5545.345, 300.686435, 59.177062
24253.052, 300.360269, 58.885047
3574.681, 300.599756, 59.099498
16184.173, 300.509226, 59.021833
81118.254, 300.413846, 58.942967
2786.859, 300.428896, 58.946306
2480.117, 300.571526, 59.076432
5237.226, 300.577500, 59.082377
5908.077, 300.318540, 58.846481
22185.143, 300.374075, 58.899405
17950.070, 300.661189, 59.160402
4483.736, 300.693348, 59.187908
6718.467, 300.313526, 58.844219
4338.841, 300.621957, 59.125326
2781.324, 300.303218, 58.834606
26058.175, 300.669694, 59.171495
7936.055, 300.497763, 59.013868
27264.860, 300.305715, 58.842018
6761.517, 300.331055, 58.862560
2822.685, 300.579361, 59.088581
48742.425, 300.506679, 59.027494
3204.829, 300.335677, 58.868594
5137.676, 300.351980, 58.883550
3525.165, 300.356543, 58.888149
3614.579, 300.376714, 58.906489
5070.620, 300.558609, 59.073997
71950.175, 300.583211, 59.099160
12613.833, 300.315766, 58.854206
75490.552, 300.323553, 58.869784
4330.035, 300.421738, 58.951523
15089.250, 300.457981, 58.987148
7041.373, 300.522434, 59.044652
13437.815, 300.618594, 59.133910
73540.648, 300.358418, 58.899144
5916.517, 300.479632, 59.005919
3577.734, 300.323025, 58.863572
39802.534, 300.348572, 58.890265
3158.554, 300.430884, 58.962008
13502.283, 300.383502, 58.921022
2360.189, 300.422671, 58.954793
15872.318, 300.471905, 59.002333
6838.567, 300.608104, 59.124250
12995.185, 300.289413, 58.834941
8694.063, 300.378761, 58.916301
11700.687, 300.679897, 59.191145
5108.450, 300.497322, 59.025556
30579.631, 300.623798, 59.143860
13998.071, 300.635761, 59.153121
1967.691, 300.295004, 58.843000
95774.404, 300.325722, 58.880790
2794.406, 300.563139, 59.089548
36617.842, 300.571275, 59.102193
14186.595, 300.391755, 58.935069
3940.310, 300.586038, 59.110898
17421.043, 300.616261, 59.139322
12279.463, 300.643122, 59.164789
12894.585, 300.380186, 58.926602
8670.028, 300.313585, 58.865505
12371.935, 300.437844, 58.980697
19417.787, 300.499885, 59.036756
2387.737, 300.355759, 58.903672
3945.285, 300.369897, 58.917304
2021.091, 300.521492, 59.055789
2387.126, 300.589502, 59.118019
2052.662, 300.508481, 59.045142
3701.519, 300.526417, 59.061611
4321.183, 300.347968, 58.899793
2808.966, 300.454779, 58.996994
2377.053, 300.467324, 59.008537
35101.919, 300.527870, 59.068342
8590.175, 300.439788, 58.985010
43627.034, 300.612243, 59.145758
7830.862, 300.284106, 58.843299
32387.784, 300.441921, 58.989920
3199.131, 300.458863, 59.002549
3267.186, 300.563362, 59.097604
427822.852, 300.304689, 58.874820
3155.392, 300.396376, 58.947128
53827.196, 300.294570, 58.859878
3940.447, 300.320302, 58.878477
32152.944, 300.287090, 58.852912
3941.171, 300.346209, 58.902779
20756.394, 300.599565, 59.136671
47289.271, 300.429905, 58.984062
2376.244, 300.453670, 59.001854
27515.534, 300.540960, 59.083946
16132.363, 300.358357, 58.918945
5123.359, 300.367551, 58.924557
17022.387, 300.665374, 59.196666
13755.965, 300.277540, 58.844232
2408.911, 300.583361, 59.121715
5991.321, 300.379499, 58.938391
21781.889, 300.463251, 59.017538
4729.755, 300.299224, 58.865146
5948.656, 300.432176, 58.988679
6327.441, 300.381057, 58.941691
5199.978, 300.498128, 59.048047
71494.591, 300.661845, 59.202311
3576.814, 300.370795, 58.932366
2400.667, 300.388315, 58.948488
17439.994, 300.510488, 59.061866
10843.764, 300.581513, 59.124893
2396.541, 300.270400, 58.841271
4330.110, 300.322821, 58.890021
35811.495, 300.531770, 59.085508
46080.443, 300.558904, 59.109277
20595.463, 300.614051, 59.157393
11824.718, 300.435395, 58.995543
9817.955, 300.274798, 58.848364
37411.962, 300.325797, 58.899702
5940.794, 300.656466, 59.196084
61077.115, 300.364306, 58.937583
28602.201, 300.385873, 58.952774
5545.169, 300.311653, 58.884698
93536.562, 300.535362, 59.095125
4380.975, 300.264190, 58.841736
15323.233, 300.280945, 58.858781
15948.025, 300.449033, 59.012044
2357.337, 300.291460, 58.868746
2380.894, 300.330444, 58.904434
3553.007, 300.259902, 58.840513
3562.006, 300.274414, 58.853984
8703.652, 300.358772, 58.932184
22707.440, 300.396112, 58.968236
1999.195, 300.315441, 58.892321
12177.706, 300.337321, 58.914367
1988.385, 300.596004, 59.147820
111364.830, 300.322965, 58.909060
28532.136, 300.450800, 59.020030
5885.322, 300.367059, 58.942922
3894.801, 300.387664, 58.961015
38569.208, 300.647705, 59.199910
12804.507, 300.475535, 59.043266
30437.766, 300.633795, 59.189155
2790.525, 300.517542, 59.080084
24905.111, 300.609548, 59.165992
81139.677, 300.435197, 59.013935
3154.792, 300.469029, 59.037172
2013.548, 300.435738, 59.007576
26565.599, 300.479156, 59.050641
1963.281, 300.571400, 59.130599
18139.483, 300.282534, 58.870419
1935.302, 300.371427, 58.950806
3916.431, 300.490307, 59.059782
13460.124, 300.311583, 58.899460
22116.109, 300.424257, 59.003009
11383.445, 300.563150, 59.127694
109613.549, 300.255686, 58.853440
20762.766, 300.545123, 59.113743
3258.714, 300.493279, 59.065154
3608.352, 300.403905, 58.984589
7872.534, 300.333841, 58.922362
6366.975, 300.447913, 59.027319
88895.337, 300.530873, 59.107675
7562.167, 300.479282, 59.057724
29679.530, 300.592728, 59.162644
14914.039, 300.610290, 59.176767
2760.112, 300.485698, 59.063417
26169.741, 300.466809, 59.049836
36758.953, 300.633403, 59.201624
7128.700, 300.342704, 58.935343
2333.256, 300.576177, 59.147377
13566.508, 300.578685, 59.150782
30960.511, 300.434770, 59.023920
33297.821, 300.405747, 58.998326
9864.770, 300.452108, 59.037763
14402.507, 300.598965, 59.171901
10268.779, 300.601346, 59.175549
4049.526, 300.622712, 59.192010
4708.986, 300.281224, 58.882072
28804.094, 300.309114, 58.909464
7170.418, 300.245491, 58.851656
27669.000, 300.553441, 59.135532
67429.789, 300.255885, 58.868075
25302.385, 300.288583, 58.894723
12989.777, 300.472690, 59.062585
10304.160, 300.279632, 58.886042
10143.597, 300.409732, 59.005359
2773.161, 300.420589, 59.013131
2386.317, 300.459439, 59.048535
2349.755, 300.533914, 59.116673
9467.408, 300.274482, 58.881531
4752.977, 300.316124, 58.918836
32739.462, 300.506809, 59.098303
19802.780, 300.419882, 59.017518
38130.014, 300.244516, 58.859228
3991.924, 300.280754, 58.888759
27018.167, 300.340150, 58.945451
7470.240, 300.349899, 58.952897
4006.752, 300.317428, 58.923162
4789.098, 300.330144, 58.934749
29423.991, 300.576073, 59.162340
79404.958, 300.612400, 59.196850
2761.096, 300.331467, 58.938305
9473.415, 300.386655, 58.990757
1998.752, 300.403725, 59.005422
38682.374, 300.592478, 59.181152
30642.393, 300.298237, 58.913380
3983.404, 300.563569, 59.152654
14093.924, 300.302715, 58.917434
11849.432, 300.484350, 59.082832
3282.749, 300.554119, 59.144855
50521.221, 300.439030, 59.043954
24563.207, 300.345633, 58.960011
28124.981, 300.574005, 59.168084
51622.045, 300.400417, 59.013739
11601.612, 300.527646, 59.125852
6021.157, 300.546135, 59.141545
20343.175, 300.339706, 58.956104
17227.398, 300.535968, 59.134939
9873.519, 300.581424, 59.175071
3994.906, 300.381502, 58.992887
3556.694, 300.391474, 59.002484
2025.838, 300.312444, 58.930265
64639.768, 300.481085, 59.090303
5545.452, 300.265062, 58.888815
3980.270, 300.317003, 58.935890
28641.214, 300.493892, 59.099378
1987.352, 300.617252, 59.209824
34882.284, 300.418105, 59.032468
3959.711, 300.623604, 59.216050
8664.577, 300.307319, 58.930127
27785.740, 300.317248, 58.940641
3969.219, 300.383386, 58.998593
32652.409, 300.445297, 59.058703
5536.872, 300.268675, 58.895286
119807.165, 300.356213, 58.981440
1996.871, 300.249647, 58.877768
4358.589, 300.591994, 59.190195
9039.398, 300.258087, 58.887588
5921.399, 300.302090, 58.927441
6793.277, 300.329597, 58.953437
64998.253, 300.334473, 58.962239
5922.895, 300.455022, 59.067109
4342.809, 300.486488, 59.095695
2730.695, 300.232329, 58.863738
2410.392, 300.289846, 58.917320
213495.426, 300.478764, 59.100470
2430.837, 300.376464, 58.998015
37678.802, 300.222149, 58.859124
53204.804, 300.269757, 58.904171
4352.115, 300.308244, 58.936921
21624.918, 300.320267, 58.951101
4717.650, 300.510431, 59.125114
6382.537, 300.603402, 59.209341
15451.795, 300.280081, 58.917421
45127.285, 300.321184, 58.956380
16554.959, 300.364910, 58.996415
20479.982, 300.210823, 58.856297
9068.249, 300.413321, 59.041800
29114.344, 300.605659, 59.217175
3161.146, 300.283643, 58.921679
37071.723, 300.353292, 58.989100
68376.324, 300.570357, 59.190615
3600.551, 300.236201, 58.882076
7067.236, 300.314351, 58.953971
1963.547, 300.261644, 58.906489
4774.314, 300.306641, 58.948420
45595.220, 300.418318, 59.052660
4797.682, 300.533852, 59.155697
16866.190, 300.279511, 58.925192
178605.860, 300.325152, 58.972384
19216.963, 300.337741, 58.979327
7495.561, 300.356911, 58.996859
5971.193, 300.376598, 59.014149
41128.175, 300.211298, 58.867173
4325.917, 300.408702, 59.045677
9241.246, 300.423601, 59.059971
22840.595, 300.591030, 59.213356
3979.536, 300.228563, 58.881265
1958.462, 300.282583, 58.930340
5215.106, 300.535485, 59.161817
2357.605, 300.307103, 58.954654
14467.841, 300.595960, 59.219439
10653.754, 300.285907, 58.938128
11482.694, 300.270288, 58.924621
4004.990, 300.281680, 58.933988
42001.264, 300.339855, 58.990941
41298.014, 300.393026, 59.039344
113942.075, 300.292565, 58.953243
13393.071, 300.380412, 59.027144
1984.627, 300.471734, 59.108338
4002.655, 300.249392, 58.905552
7538.624, 300.285121, 58.942022
4727.085, 300.411970, 59.056338
2341.474, 300.497576, 59.134056
9092.677, 300.243134, 58.903592
2800.054, 300.264922, 58.922395
3545.728, 300.436185, 59.079108
7972.323, 300.483968, 59.123652
3207.687, 300.525885, 59.160934
45087.129, 300.591681, 59.223710
5179.129, 300.249151, 58.909456
8222.071, 300.255936, 58.915641
20532.119, 300.452790, 59.098548
75366.560, 300.485220, 59.130919
16897.636, 300.221690, 58.888155
2795.989, 300.327049, 58.981525
2762.498, 300.384713, 59.033809
4365.848, 300.443823, 59.088627
5575.348, 300.463615, 59.107303
19166.488, 300.225521, 58.892441
2331.278, 300.303776, 58.962209
4446.719, 300.371780, 59.025325
13875.373, 300.525768, 59.166447
9976.632, 300.275237, 58.937772
6034.115, 300.366692, 59.022485
2839.487, 300.318084, 58.977643
4532.348, 300.377485, 59.032476
1980.362, 300.203900, 58.873303
