# Source Fluxes and Coordinates
# Flux (e-/s), RA (deg), Dec (deg)
47871.381, 300.990638, 58.738547
642094.705, 301.098294, 58.834998
13021.672, 301.196246, 58.923141
70068.492, 301.036121, 58.785745
26531.043, 301.234682, 58.961261
3848.074, 301.086475, 58.826460
9341.716, 301.197654, 58.927141
6041.504, 301.349398, 59.063702
10266.708, 301.010034, 58.759952
2953.796, 301.005947, 58.756938
12741.520, 301.165544, 58.903144
17945.961, 301.142630, 58.883983
8145.523, 301.111034, 58.855677
12399.405, 301.114842, 58.859553
24201.794, 301.055074, 58.807957
2182.675, 301.039877, 58.793378
9485.529, 301.116600, 58.866054
11937.875, 301.129626, 58.878718
5548.624, 300.989676, 58.752216
4353.340, 301.305057, 59.035201
57930.657, 301.056101, 58.817529
5510.896, 301.013575, 58.776081
28612.022, 301.178184, 58.926642
2118.979, 301.344686, 59.072595
2162.020, 301.035723, 58.797973
2189.589, 301.294033, 59.029879
13206.075, 300.993442, 58.763030
9387.301, 301.000718, 58.769857
12012.651, 301.272393, 59.014494
39680.697, 300.974222, 58.748827
12028.078, 301.086303, 58.849385
68333.256, 301.294167, 59.039238
34719.851, 301.099973, 58.864322
46305.855, 300.958098, 58.737460
43352.952, 301.008833, 58.786061
13648.721, 300.978142, 58.757098
10185.332, 301.063109, 58.835691
3798.768, 300.991842, 58.771358
46253.352, 301.181746, 58.947727
13419.380, 301.283449, 59.038319
2537.431, 300.936684, 58.725145
8921.107, 301.206916, 58.970908
27217.931, 301.011599, 58.798306
3882.549, 300.962454, 58.751499
18223.880, 301.017090, 58.802850
20556.612, 301.111929, 58.889072
20347.783, 300.981974, 58.773038
38189.981, 301.134346, 58.911550
18715.708, 300.990234, 58.781103
4791.521, 301.322600, 59.077889
101546.304, 301.202391, 58.976388
52440.965, 300.929547, 58.730806
6373.688, 301.027899, 58.820762
54120.527, 301.167242, 58.949701
46639.614, 301.209602, 58.987128
42114.681, 301.253405, 59.025451
3436.184, 300.994699, 58.791143
2140.243, 301.005836, 58.801085
2080.273, 301.063687, 58.853024
24669.654, 301.136907, 58.921001
81177.743, 301.301547, 59.070592
7629.731, 300.997665, 58.795041
11072.386, 300.977688, 58.777683
4694.387, 301.057608, 58.849704
3830.903, 301.268842, 59.039421
23733.234, 300.945303, 58.751967
17510.575, 300.982903, 58.785900
64181.009, 301.170739, 58.958936
6325.316, 300.935139, 58.743116
4275.588, 301.000574, 58.804944
26927.775, 301.064898, 58.865012
61402.416, 301.153104, 58.947364
2563.273, 300.933201, 58.745079
5026.315, 301.315776, 59.091448
87977.309, 300.904073, 58.727609
13321.848, 301.010448, 58.821451
25714.948, 301.108538, 58.911004
16618.594, 300.940635, 58.759716
25463.869, 301.088938, 58.894752
9918.970, 301.247198, 59.036476
6782.646, 301.011876, 58.826064
38810.522, 301.133842, 58.939182
7732.743, 301.264680, 59.054406
4268.905, 301.284059, 59.071555
13816.959, 301.294281, 59.083126
36321.153, 300.945482, 58.777376
6840.980, 301.265026, 59.057943
18850.954, 301.013476, 58.834461
3494.875, 301.283068, 59.074101
5978.921, 300.918410, 58.748880
9854.124, 300.971805, 58.796812
20832.760, 300.985706, 58.811692
5438.509, 300.962327, 58.789647
57983.775, 301.109795, 58.926769
8531.037, 300.988099, 58.815942
4684.215, 301.044841, 58.867467
2980.243, 301.090124, 58.908801
22399.502, 301.285660, 59.086975
28625.713, 301.045549, 58.872751
115495.461, 301.068573, 58.896698
5999.076, 300.980414, 58.815424
153220.906, 300.899175, 58.748242
51317.777, 300.943112, 58.787900
7647.844, 301.003933, 58.839111
53000.404, 301.104934, 58.934134
2611.727, 300.911710, 58.755743
22148.541, 300.974381, 58.815034
30397.903, 301.111794, 58.940851
9800.895, 301.009256, 58.848297
71718.425, 301.167706, 58.994667
2153.154, 301.229257, 59.045529
58590.718, 300.881610, 58.741247
20850.379, 300.916915, 58.767698
2163.615, 301.160761, 58.985754
12849.666, 301.047666, 58.887284
3498.825, 300.990877, 58.835548
24551.137, 300.995031, 58.840392
2143.484, 301.158751, 58.987328
15654.150, 301.213850, 59.037579
12286.887, 300.927585, 58.783083
67903.670, 301.016039, 58.865044
27594.254, 301.076146, 58.917151
144781.221, 300.887129, 58.756329
14348.994, 301.106520, 58.947551
2984.899, 300.910203, 58.769488
8923.770, 300.986869, 58.840828
23990.139, 301.035129, 58.885593
157478.954, 301.137706, 58.982166
6813.096, 300.979716, 58.836959
9451.614, 300.881276, 58.748817
32116.881, 301.240125, 59.073169
6388.810, 301.024577, 58.879338
56401.951, 300.969767, 58.834478
4221.806, 300.903310, 58.771809
8944.744, 301.068804, 58.923428
10741.305, 301.126488, 58.973918
24548.045, 301.189277, 59.031782
314045.119, 300.859427, 58.741546
4292.708, 300.938602, 58.804597
4234.116, 300.965057, 58.828518
4257.719, 301.182905, 59.026040
129037.502, 301.026820, 58.890752
69153.495, 300.999990, 58.871406
15281.217, 300.899239, 58.776316
25766.614, 300.950156, 58.823082
31141.062, 300.955370, 58.828089
4670.931, 301.014943, 58.883015
2543.325, 301.051798, 58.916647
2549.726, 301.062603, 58.925420
25445.807, 301.141163, 58.998539
2996.547, 300.869853, 58.752295
6921.562, 301.221336, 59.069376
6379.242, 300.948739, 58.827480
3822.581, 301.097050, 58.960470
5179.400, 301.251626, 59.099829
13307.938, 300.959481, 58.839809
11195.756, 301.074867, 58.945140
2533.243, 301.201087, 59.057131
19257.467, 300.953147, 58.836902
4236.433, 300.890206, 58.780556
4718.415, 300.922652, 58.810874
110905.656, 300.863105, 58.766179
64700.727, 301.202444, 59.068499
3039.236, 301.212519, 59.073095
13159.041, 300.845151, 58.745717
6368.577, 300.857450, 58.755721
33737.299, 301.045927, 58.930021
24947.254, 301.065486, 58.947356
21080.614, 301.106385, 58.983877
8069.384, 300.881759, 58.780235
150435.403, 301.023217, 58.914217
27896.572, 300.885745, 58.789274
2970.840, 300.953976, 58.849747
28765.021, 301.111863, 58.995176
2994.776, 300.865684, 58.772308
9750.914, 300.875613, 58.783083
17970.391, 301.238969, 59.110091
4298.982, 300.900858, 58.805502
2088.818, 300.936630, 58.839832
119988.130, 301.132236, 59.022217
2114.820, 300.836097, 58.748567
40252.288, 301.046650, 58.943127
3009.582, 301.209155, 59.086420
3838.806, 300.996763, 58.896694
60085.272, 300.916895, 58.830570
62007.594, 300.983449, 58.889299
57917.082, 301.119692, 59.012937
12359.687, 300.960409, 58.867023
5982.955, 300.837596, 58.756104
21220.998, 300.860075, 58.778388
2999.382, 300.832080, 58.751548
5486.033, 300.895838, 58.810717
9394.425, 300.962758, 58.872766
3407.297, 300.975441, 58.883622
14917.572, 300.987860, 58.896031
2571.894, 301.170500, 59.058976
24573.724, 300.836737, 58.764649
4281.364, 300.900524, 58.821009
16950.660, 300.905957, 58.829483
121838.300, 300.935755, 58.859326
14550.061, 301.026400, 58.939847
32838.330, 301.142280, 59.044002
36091.837, 301.101053, 59.008500
53565.426, 301.193753, 59.092306
540062.852, 300.819895, 58.765638
31594.569, 301.074608, 58.986563
21044.341, 301.175260, 59.076450
182892.190, 300.830908, 58.779746
8528.169, 300.856749, 58.789098
14887.875, 300.975702, 58.897200
20953.588, 301.064230, 58.978295
14526.937, 301.068108, 58.982262
9478.556, 300.983042, 58.906484
15160.259, 300.830679, 58.769502
3417.137, 300.846303, 58.782880
28833.736, 300.901380, 58.835809
10979.996, 300.879373, 58.818721
3801.452, 300.987296, 58.915992
44289.860, 301.138942, 59.054607
5547.642, 300.846710, 58.790403
36569.981, 300.969320, 58.907830
32775.291, 301.014900, 58.947756
17362.843, 300.957282, 58.893794
11069.911, 300.882688, 58.828916
42927.425, 300.924036, 58.868063
3794.056, 300.934945, 58.875729
5115.705, 300.822300, 58.774155
31595.976, 300.883856, 58.832739
45902.956, 301.058965, 58.992967
4669.215, 300.986129, 58.925082
10252.503, 300.839868, 58.795365
9558.070, 301.040883, 58.975205
3410.193, 300.905793, 58.853782
8512.931, 300.858984, 58.813048
50180.699, 301.160242, 59.087654
10598.900, 300.853606, 58.812544
8952.405, 300.900465, 58.855188
37920.365, 300.798857, 58.766764
95615.426, 300.805403, 58.776563
29842.445, 300.873134, 58.837503
14414.998, 300.969068, 58.923266
29512.053, 300.980538, 58.934114
32702.470, 301.144859, 59.081926
14473.550, 301.005907, 58.958621
34374.000, 301.130869, 59.070382
75136.789, 301.022675, 58.976005
6880.533, 300.858184, 58.823557
29015.854, 301.090207, 59.035115
21001.425, 300.939977, 58.900551
10257.433, 300.837144, 58.807219
45084.277, 300.823731, 58.798091
11431.683, 300.876152, 58.845412
3874.940, 301.066410, 59.016160
8886.944, 300.818160, 58.793626
31789.906, 301.076486, 59.028995
20601.294, 301.110503, 59.058611
7606.146, 300.946402, 58.910619
3499.423, 300.829876, 58.804942
4678.734, 300.792327, 58.771592
33887.845, 300.974672, 58.940157
6196.330, 301.024907, 58.983730
57148.446, 300.847195, 58.827228
3013.415, 300.911825, 58.881798
2572.873, 300.794275, 58.775316
15329.528, 300.797757, 58.781440
31814.251, 300.929326, 58.901725
15022.500, 300.961194, 58.930044
8506.773, 300.780671, 58.767923
16435.331, 301.181718, 59.128729
2214.933, 300.832633, 58.813080
3375.685, 300.826227, 58.808889
4225.688, 300.789460, 58.777830
89117.527, 301.019662, 58.991913
3001.709, 300.805451, 58.794358
15238.992, 300.946696, 58.923433
83145.498, 300.961385, 58.941330
24829.371, 301.003124, 58.975718
22400.454, 300.926847, 58.907299
9092.902, 301.148120, 59.105318
10195.343, 300.891686, 58.876120
3394.706, 300.878662, 58.863387
5994.639, 300.897736, 58.881397
4263.224, 300.830798, 58.823766
11675.266, 300.977960, 58.958308
41123.757, 301.093497, 59.064203
86955.750, 300.773761, 58.777376
82109.099, 300.856539, 58.853422
31388.728, 301.143916, 59.110216
4702.001, 300.881086, 58.871271
14547.435, 300.912226, 58.900929
5599.370, 300.970132, 58.952514
4382.903, 301.152859, 59.117056
11957.896, 300.788549, 58.790734
3776.079, 300.820575, 58.818252
7628.114, 300.837871, 58.834872
3837.290, 300.904471, 58.895865
2599.378, 300.940357, 58.928506
42246.358, 301.112448, 59.086974
3000.499, 300.794300, 58.797086
5942.429, 300.844147, 58.842455
20799.037, 300.863672, 58.863301
201445.763, 301.017068, 59.006797
28713.730, 300.888435, 58.886507
3856.092, 300.894666, 58.889872
23094.511, 300.913158, 58.909275
14390.806, 300.872154, 58.872815
5033.767, 300.880523, 58.879125
37543.460, 300.980581, 58.973741
29736.809, 300.785136, 58.796320
5948.528, 300.806361, 58.813110
3385.408, 300.809085, 58.818826
4753.484, 300.846372, 58.852823
2101.147, 300.924201, 58.922753
15665.002, 300.787157, 58.803015
7233.729, 300.910205, 58.913438
40403.412, 301.022124, 59.016875
43676.120, 300.805103, 58.822561
5497.810, 300.860076, 58.868985
2159.608, 300.865113, 58.872865
28913.215, 301.030960, 59.025578
55073.700, 300.766601, 58.790126
5091.551, 301.096260, 59.084269
48227.318, 301.131531, 59.119240
11417.254, 300.831419, 58.847435
15686.455, 300.919614, 58.927603
31558.128, 300.961267, 58.965389
24137.423, 300.755030, 58.779697
4725.209, 300.793407, 58.812085
300807.566, 300.899863, 58.922229
71355.344, 300.744169, 58.776082
19555.632, 300.923879, 58.934160
37655.390, 301.092712, 59.089219
7196.275, 301.020170, 59.022943
140427.631, 300.774924, 58.810085
41531.477, 300.863065, 58.884278
36847.922, 300.809989, 58.837215
2595.007, 300.843837, 58.865367
5927.965, 300.767604, 58.797366
7634.805, 300.773524, 58.802251
13593.718, 300.752160, 58.785442
2544.285, 300.851305, 58.873691
14682.021, 300.856633, 58.881391
3410.659, 300.829935, 58.856741
2548.211, 300.887518, 58.909761
6846.485, 301.077775, 59.081167
40066.579, 300.959033, 58.979297
3876.206, 300.801736, 58.833360
7203.404, 300.746510, 58.787089
2163.722, 300.807105, 58.844874
7296.174, 300.862926, 58.896376
2543.543, 300.764022, 58.806683
5920.843, 300.736529, 58.782955
77880.365, 300.829928, 58.874617
6789.379, 300.853443, 58.890206
14013.359, 301.032473, 59.053140
47074.086, 300.743355, 58.793606
11137.726, 301.104050, 59.116622
8457.817, 300.895738, 58.930262
51750.857, 300.954000, 58.985655
8099.990, 300.865290, 58.903112
38197.645, 301.042431, 59.065548
6319.288, 300.877708, 58.915628
5908.939, 300.772098, 58.819946
17942.040, 300.797011, 58.843931
15793.056, 300.836942, 58.880776
11976.918, 300.843763, 58.886020
5971.021, 300.807166, 58.858939
10632.229, 300.859137, 58.905963
5175.795, 301.084181, 59.109028
60622.716, 301.017641, 59.053292
2117.844, 300.785585, 58.839916
6399.939, 300.936598, 58.977597
40625.582, 301.052757, 59.085852
8186.363, 300.730745, 58.792559
38413.937, 300.886638, 58.938860
10333.459, 301.043593, 59.076768
9815.211, 300.756956, 58.819601
2112.494, 300.863756, 58.915356
3810.041, 300.748514, 58.812149
5112.141, 300.752157, 58.815654
6463.269, 300.866436, 58.920498
7176.145, 301.060392, 59.095373
35248.586, 300.718591, 58.789311
8973.774, 300.880828, 58.934633
2581.031, 300.977063, 59.020178
65286.936, 300.830659, 58.895870
2506.909, 300.813378, 58.874395
4717.405, 300.761566, 58.829691
3052.339, 300.958832, 59.009658
3387.686, 300.775245, 58.844415
19037.495, 300.838908, 58.905054
63335.057, 300.926138, 58.985297
10699.097, 300.855829, 58.920048
37306.273, 300.948199, 59.004986
20739.763, 301.048032, 59.093573
6013.455, 300.739722, 58.814596
3443.863, 300.849053, 58.913222
33782.989, 300.725299, 58.804929
79414.622, 300.845129, 58.917962
2080.555, 300.812468, 58.885266
4212.652, 300.827542, 58.899973
2129.495, 300.713714, 58.796889
2969.521, 300.780435, 58.857711
7646.116, 300.819378, 58.893418
4697.656, 300.876859, 58.946054
6438.252, 300.703701, 58.790213
44830.691, 301.075234, 59.129354
12362.881, 300.796138, 58.874982
10680.411, 300.970647, 59.033567
9276.259, 300.983124, 59.044525
3417.606, 300.773152, 58.854107
5099.292, 300.862477, 58.935462
12791.852, 300.727319, 58.815084
9516.397, 300.798878, 58.879232
10685.302, 300.883118, 58.956534
55097.970, 300.913922, 58.987434
8241.812, 301.019489, 59.080519
6396.887, 300.696573, 58.788538
33676.501, 300.759436, 58.847969
35941.204, 300.777746, 58.866925
3822.114, 300.878683, 58.955020
34887.150, 300.958925, 59.030176
8122.503, 300.752197, 58.842143
41647.324, 300.832736, 58.917576
10709.913, 300.727688, 58.822999
13714.354, 300.767583, 58.859289
11048.100, 300.783025, 58.872950
11095.310, 301.022227, 59.089950
80665.167, 300.719416, 58.822344
16746.119, 301.035815, 59.104361
7634.241, 300.760528, 58.854905
12421.410, 301.091931, 59.154956
4683.084, 300.688431, 58.790519
20789.152, 300.738945, 58.838732
34782.385, 300.868458, 58.956699
12928.034, 301.026138, 59.097661
3098.117, 301.043903, 59.112084
6393.368, 300.733873, 58.833873
4697.757, 300.752537, 58.850962
6433.241, 300.773373, 58.870079
309830.745, 300.955555, 59.045038
40759.559, 300.709349, 58.819756
4590.881, 300.833350, 58.925858
34603.055, 300.857767, 58.950347
93009.627, 300.993343, 59.075532
3433.551, 300.843141, 58.934574
13763.235, 300.938937, 59.024188
75783.237, 300.873153, 58.970200
7194.383, 300.751477, 58.856310
6747.604, 300.779536, 58.882501
8061.433, 300.800862, 58.902037
2102.519, 300.805969, 58.905636
28046.486, 300.726535, 58.836842
9786.124, 300.766901, 58.872728
5482.054, 300.785903, 58.888821
29985.148, 300.863611, 58.963400
16282.105, 300.939796, 59.031439
34747.594, 300.767968, 58.877259
9743.225, 300.748366, 58.859587
5244.724, 300.805204, 58.910729
14991.353, 300.884795, 58.984123
50481.501, 300.896485, 58.997163
10679.054, 301.030874, 59.115339
27929.600, 300.891847, 58.992402
12636.104, 301.063035, 59.144760
2170.216, 300.695788, 58.813416
11228.079, 300.698455, 58.817555
180795.175, 300.749972, 58.871932
57996.262, 300.774011, 58.890457
9322.784, 300.687164, 58.808093
9388.005, 300.771086, 58.885754
2969.919, 300.803925, 58.913976
22421.533, 300.883993, 58.988927
3440.301, 300.700768, 58.822784
5085.166, 300.711642, 58.833194
54015.072, 300.674576, 58.803864
16722.538, 300.906765, 59.015069
3790.885, 300.825588, 58.940613
9745.693, 300.897836, 59.006915
25566.271, 300.829303, 58.947613
13880.540, 300.973688, 59.076781
19482.071, 300.728850, 58.856243
6860.324, 300.735884, 58.862468
11044.934, 300.852157, 58.969044
2981.096, 300.939669, 59.046876
13501.020, 300.803946, 58.927752
24336.024, 300.863378, 58.981406
52612.326, 300.880270, 59.001881
39166.324, 300.704040, 58.841534
156104.522, 300.750641, 58.890554
6909.842, 300.711797, 58.847486
2137.927, 300.843374, 58.966011
41002.436, 300.964440, 59.078058
3438.283, 300.766223, 58.898027
34606.191, 300.662820, 58.807585
4258.299, 300.857303, 58.981295
65021.961, 300.937099, 59.058026
7728.992, 301.026858, 59.133913
23786.938, 301.019219, 59.130258
6369.427, 300.719304, 58.858712
4660.522, 300.745619, 58.882744
5521.907, 300.800475, 58.932634
209500.039, 300.812803, 58.954175
7652.226, 300.687137, 58.830498
12308.632, 300.793683, 58.927763
7801.530, 300.992790, 59.108535
4254.679, 300.670802, 58.817058
6812.666, 300.719911, 58.863078
75811.234, 300.827907, 58.964950
92688.786, 301.034348, 59.151729
9715.777, 300.720974, 58.865898
4753.916, 300.771103, 58.910856
36768.144, 300.885510, 59.017127
2147.420, 300.925401, 59.050386
2142.308, 301.047536, 59.160571
39382.135, 300.924876, 59.054833
95753.893, 300.673761, 58.830656
7233.045, 300.786284, 58.928200
16125.816, 300.720162, 58.870729
5946.457, 300.742431, 58.888987
2117.825, 300.758241, 58.904324
6575.530, 301.007901, 59.130604
5923.948, 300.691901, 58.845641
7261.401, 300.726217, 58.877849
2117.469, 301.050362, 59.168949
6761.570, 300.702614, 58.856837
4255.770, 300.736672, 58.887563
66931.184, 300.837756, 58.982768
2953.994, 300.650425, 58.808459
9749.503, 300.761605, 58.910353
13136.648, 300.706770, 58.861782
46171.951, 300.922895, 59.060841
65153.609, 300.686416, 58.850312
10230.894, 300.659301, 58.822766
52109.873, 300.736161, 58.897094
11852.619, 300.743796, 58.901326
97587.058, 300.726639, 58.891611
3477.853, 300.936652, 59.074505
11959.182, 300.648373, 58.815590
2156.149, 300.698430, 58.859728
193844.972, 300.850490, 59.004892
4267.023, 300.669497, 58.834626
2958.556, 300.637572, 58.807657
6428.936, 300.816657, 58.970997
5453.211, 300.955898, 59.096515
24436.578, 300.838194, 58.992768
103789.752, 300.635251, 58.812733
5571.666, 300.699105, 58.865727
2554.015, 300.804390, 58.960931
6421.532, 300.706970, 58.875575
7112.533, 300.738685, 58.903844
23245.789, 300.775231, 58.938936
31054.144, 300.790676, 58.953725
2556.218, 300.710343, 58.879985
3409.956, 300.665826, 58.839293
6786.344, 300.727425, 58.897544
5957.733, 300.800771, 58.964076
2136.316, 300.680882, 58.854827
17199.803, 300.744363, 58.914714
19141.299, 300.649216, 58.830634
13720.307, 300.669886, 58.847696
3871.112, 300.735838, 58.907472
7216.934, 300.644698, 58.825936
8586.671, 300.673820, 58.852725
3009.374, 300.637274, 58.819475
5504.307, 300.688276, 58.867389
19426.546, 300.695568, 58.876932
8096.041, 300.772340, 58.944936
14044.441, 300.806869, 58.977711
39195.660, 300.780271, 58.956997
5504.836, 300.911521, 59.072170
2161.206, 300.680527, 58.862780
4295.357, 300.744950, 58.922308
5545.131, 300.654610, 58.840947
3807.334, 300.967630, 59.125398
24089.068, 300.824411, 58.999223
14159.444, 300.915930, 59.081606
19067.148, 300.620734, 58.814270
5940.306, 300.655424, 58.845569
4754.166, 300.699462, 58.885660
2181.306, 300.708900, 58.894118
14966.194, 300.726271, 58.912501
6094.247, 300.883418, 59.053068
2095.682, 300.669945, 58.859373
2184.118, 300.716266, 58.901318
29563.794, 300.826766, 59.004834
107122.740, 300.998078, 59.165196
10224.359, 300.636502, 58.830510
30725.759, 300.714880, 58.905672
9811.017, 300.863404, 59.037593
22840.052, 300.942254, 59.109108
32003.483, 300.682671, 58.877680
115329.001, 300.982253, 59.152434
8496.761, 300.637055, 58.834115
5202.051, 300.744982, 58.932831
2581.214, 300.753456, 58.940623
14154.138, 300.908906, 59.082807
11478.246, 300.670309, 58.869020
134477.614, 300.799608, 58.991366
3400.766, 300.783489, 58.971530
71053.794, 300.888336, 59.070360
16327.593, 301.000344, 59.169622
66339.424, 300.829760, 59.020454
31974.514, 300.751294, 58.947981
60930.689, 300.641441, 58.852244
2568.456, 300.613073, 58.822242
542362.612, 300.988950, 59.176050
26614.895, 301.004680, 59.179801
45988.974, 300.730699, 58.934334
51770.533, 300.764088, 58.966021
7179.135, 300.613864, 58.825773
17737.452, 300.688001, 58.893986
61441.073, 300.666824, 58.881653
6850.477, 300.709418, 58.915469
4230.252, 300.749019, 58.952563
7271.213, 300.772063, 58.974033
2587.340, 300.623672, 58.838720
5901.669, 300.633897, 58.848644
11989.470, 300.648438, 58.863702
5113.764, 300.662046, 58.875123
2133.828, 300.977178, 59.164023
18442.029, 300.601162, 58.824726
16042.964, 300.608178, 58.833004
25192.784, 300.650269, 58.870735
2627.195, 300.727034, 58.938631
24812.495, 300.790741, 58.999116
2541.666, 300.627706, 58.848756
33498.166, 300.655922, 58.876693
7728.197, 300.814871, 59.019859
83600.750, 300.678077, 58.902274
48631.700, 300.880555, 59.084066
9349.315, 300.631703, 58.856712
35074.064, 300.964282, 59.159948
13657.577, 300.636786, 58.863564
45901.988, 300.739346, 58.958606
38001.122, 300.817568, 59.029388
4643.073, 300.626491, 58.855424
11815.100, 300.669626, 58.894312
4287.574, 300.749497, 58.966233
42385.260, 300.824344, 59.036770
2590.882, 300.640514, 58.867519
21906.090, 300.595667, 58.830574
2943.970, 300.685119, 58.909223
6840.384, 300.989505, 59.185859
2929.877, 300.773503, 58.991230
22288.039, 300.776060, 58.995384
4660.319, 300.793737, 59.009655
3452.862, 300.782314, 58.999708
2986.247, 300.716972, 58.941528
163990.686, 300.652781, 58.891334
29900.339, 300.894544, 59.105984
12776.591, 300.730105, 58.956193
20799.267, 300.754769, 58.978934
2549.301, 300.967483, 59.168978
43134.597, 300.608929, 58.848354
25343.749, 300.676319, 58.910715
4289.187, 300.932133, 59.138657
45674.446, 300.683460, 58.918358
14424.186, 300.646433, 58.882418
5089.013, 300.627096, 58.866228
64954.978, 300.738421, 58.971672
3380.643, 300.599323, 58.841777
144733.651, 300.904980, 59.126640
46696.682, 300.948783, 59.164453
12658.278, 300.770351, 59.001046
66741.892, 300.613949, 58.866996
15512.755, 300.850815, 59.076645
2127.577, 300.873119, 59.095259
8100.323, 300.888725, 59.110210
3001.692, 300.598423, 58.847032
383718.009, 300.627963, 58.886187
3408.241, 300.689656, 58.929781
7251.761, 300.700748, 58.941347
15290.108, 300.623907, 58.871912
9845.812, 300.793991, 59.026963
5919.935, 300.575520, 58.828332
9426.858, 300.694072, 58.937399
3818.348, 300.666622, 58.912519
2144.505, 300.727569, 58.968139
2166.471, 300.642828, 58.891340
64135.333, 300.598683, 58.856662
9414.781, 300.703671, 58.948819
14555.627, 300.885212, 59.113383
6769.893, 300.675029, 58.923659
29227.133, 300.716943, 58.962534
46446.719, 300.729254, 58.977134
6434.220, 300.765263, 59.005689
3392.363, 300.927447, 59.151584
19571.093, 300.582221, 58.841965
3845.741, 300.592398, 58.850235
44748.301, 300.801819, 59.044068
24159.902, 300.614146, 58.875083
95089.228, 300.665695, 58.926834
11112.293, 300.691056, 58.944468
7760.182, 300.599463, 58.861502
30456.262, 300.937656, 59.170242
4254.830, 300.638048, 58.897286
4740.245, 300.679200, 58.935382
66389.201, 300.849007, 59.092569
9312.880, 300.652274, 58.911846
9855.017, 300.844763, 59.086573
4350.449, 300.802500, 59.049688
2122.707, 300.578471, 58.846948
9274.691, 300.817960, 59.066754
13721.526, 300.891771, 59.135047
20466.774, 300.565355, 58.839671
17451.514, 300.586682, 58.859482
11044.429, 300.635886, 58.903808
17177.061, 300.800865, 59.054455
5572.003, 300.816801, 59.069281
8494.725, 300.908751, 59.153051
5521.307, 300.640094, 58.909330
22043.321, 300.585576, 58.864789
4225.789, 300.671301, 58.939748
7643.942, 300.553765, 58.833063
44651.677, 300.622392, 58.901919
28701.988, 300.617443, 58.896559
25877.836, 300.783627, 59.047139
13785.001, 300.841753, 59.097698
2603.178, 300.710185, 58.977698
19875.480, 300.810663, 59.071914
30356.956, 300.565151, 58.848387
9303.191, 300.579689, 58.862284
2175.732, 300.670409, 58.944412
2965.427, 300.705146, 58.975831
2933.617, 300.690744, 58.963792
2535.336, 300.716619, 58.987614
62499.802, 300.893198, 59.151340
6424.782, 300.785964, 59.052299
2625.451, 300.594628, 58.877254
5075.085, 300.606069, 58.888357
3457.083, 300.553754, 58.840922
9312.153, 300.648453, 58.929324
42046.080, 300.665824, 58.949585
14422.042, 300.711326, 58.986349
3017.135, 300.571320, 58.858219
2127.651, 300.692352, 58.969143
51831.000, 300.789991, 59.063131
18098.093, 300.543399, 58.836995
14928.331, 300.871497, 59.134333
33627.934, 300.626790, 58.914078
18919.877, 300.660728, 58.944325
3425.035, 300.575993, 58.865567
3411.294, 300.715380, 58.993086
26101.478, 300.740333, 59.018293
20821.052, 300.942260, 59.200641
2510.052, 300.720413, 58.998527
39604.741, 300.674765, 58.964344
2174.440, 300.907264, 59.169999
2591.758, 300.576284, 58.871862
3810.259, 300.643420, 58.934139
139426.251, 300.578761, 58.881110
19927.057, 300.813111, 59.090761
13109.697, 300.827656, 59.103982
3003.135, 300.594701, 58.892845
40020.248, 300.777530, 59.064119
5097.973, 300.566435, 58.869170
13613.015, 300.745255, 59.033201
51704.784, 300.866570, 59.145707
34187.285, 300.655498, 58.954588
6389.303, 300.693225, 58.986637
34318.715, 300.538898, 58.849448
2988.261, 300.619480, 58.920117
351098.826, 300.703603, 59.009869
2143.462, 300.664212, 58.962066
2985.967, 300.547672, 58.856861
24326.037, 300.612657, 58.919323
4722.939, 300.565957, 58.874329
12325.208, 300.603745, 58.910618
21532.587, 300.742882, 59.038587
20722.913, 300.897430, 59.178046
47414.055, 300.635632, 58.942863
15063.083, 300.883249, 59.167994
3867.418, 300.914161, 59.193647
13556.166, 300.522557, 58.841215
5550.656, 300.686203, 58.989396
13916.937, 300.771084, 59.068080
22836.443, 300.543402, 58.863074
2542.205, 300.647754, 58.955710
11526.601, 300.623955, 58.935705
27924.711, 300.711104, 59.017595
11133.000, 300.717080, 59.022343
59601.108, 300.831125, 59.130831
15330.062, 300.549812, 58.870793
4645.696, 300.558435, 58.879201
21710.202, 300.798199, 59.098785
7997.996, 300.533834, 58.859509
4668.906, 300.606780, 58.924636
26822.751, 300.661999, 58.976817
5124.457, 300.693458, 59.003832
67309.551, 300.557722, 58.884904
14106.029, 300.760130, 59.066106
21748.667, 300.582502, 58.906512
20737.591, 300.803101, 59.107610
33731.979, 300.611814, 58.935623
48211.806, 300.740902, 59.054680
4328.771, 300.750295, 59.059323
6435.476, 300.538657, 58.868304
4300.882, 300.563903, 58.891827
2515.544, 300.687557, 59.004354
3378.866, 300.618779, 58.942806
21684.475, 300.659383, 58.982133
42148.861, 300.718644, 59.038962
5145.781, 300.514937, 58.850419
2176.781, 300.868855, 59.171049
9000.640, 300.534613, 58.869594
4288.864, 300.599760, 58.928480
5557.476, 300.725251, 59.042763
37736.435, 300.765364, 59.081579
38188.638, 300.813090, 59.125041
45400.473, 300.622966, 58.953437
4242.743, 300.562506, 58.896236
48147.228, 300.637227, 58.967980
11471.437, 300.682384, 59.008320
2560.682, 300.651582, 58.978784
5098.538, 300.846556, 59.157604
10700.136, 300.578483, 58.916360
66409.009, 300.865122, 59.179031
7374.870, 300.555518, 58.895052
2571.358, 300.503559, 58.847578
3423.102, 300.511615, 58.855582
6833.279, 300.521992, 58.867074
2112.938, 300.543726, 58.887388
14828.524, 300.591791, 58.934154
3371.397, 300.650207, 58.985215
2927.205, 300.712312, 59.041847
2131.391, 300.872591, 59.186326
17339.756, 300.504576, 58.856049
7207.252, 300.611212, 58.950706
2602.009, 300.795343, 59.117281
9864.695, 300.885354, 59.200232
10182.752, 300.531915, 58.879706
12444.982, 300.810967, 59.134728
2142.554, 300.600540, 58.942996
7207.637, 300.560740, 58.908055
3891.897, 300.677421, 59.014416
50372.359, 300.639723, 58.984471
51157.083, 300.708191, 59.047101
10711.443, 300.505655, 58.863360
4279.067, 300.620701, 58.967577
2587.560, 300.666445, 59.008505
27098.320, 300.597303, 58.950451
40604.990, 300.734347, 59.074391
4267.851, 300.772027, 59.105195
30980.894, 300.655365, 59.003749
5122.057, 300.669795, 59.014150
16488.737, 300.890564, 59.215680
14940.808, 300.551467, 58.908899
31948.100, 300.672429, 59.021757
69183.494, 300.879434, 59.212311
21320.151, 300.710403, 59.058635
3877.026, 300.846478, 59.179712
4251.388, 300.520336, 58.884473
3428.841, 300.483085, 58.850526
8453.199, 300.556518, 58.918261
89594.319, 300.767946, 59.115231
21720.574, 300.689608, 59.042217
13286.669, 300.714298, 59.064052
20551.921, 300.584466, 58.948219
6387.230, 300.627573, 58.985437
22373.957, 300.664048, 59.020595
45794.984, 300.527445, 58.898415
5469.363, 300.643058, 59.000890
4292.093, 300.702931, 59.055047
10734.758, 300.653713, 59.012984
2161.622, 300.568557, 58.934545
4210.377, 300.602404, 58.966171
14523.786, 300.547588, 58.917351
2613.005, 300.860586, 59.201046
24866.132, 300.835103, 59.180476
2133.414, 300.491002, 58.866576
2121.949, 300.702119, 59.059720
20098.923, 300.837613, 59.184925
2518.560, 300.481523, 58.859374
10682.881, 300.711771, 59.071368
44880.045, 300.734783, 59.094953
48306.427, 300.776450, 59.133834
10232.692, 300.841652, 59.190301
29091.812, 300.818593, 59.171671
2628.310, 300.586710, 58.959707
39884.541, 300.750100, 59.113144
9405.002, 300.593550, 58.969652
62918.262, 300.479502, 58.867530
8969.284, 300.518557, 58.901428
5096.654, 300.586418, 58.965088
20109.313, 300.465316, 58.855980
19451.849, 300.512104, 58.898373
41592.131, 300.606013, 58.985405
4252.906, 300.549870, 58.932736
79827.210, 300.631558, 59.013183
30795.862, 300.563895, 58.949470
22793.827, 300.620473, 59.000577
6017.915, 300.643368, 59.019498
8531.750, 300.552291, 58.937507
4776.881, 300.792935, 59.157490
17774.774, 300.816163, 59.178672
6729.915, 300.592653, 58.975875
43577.269, 300.489255, 58.885447
2935.185, 300.517327, 58.907918
6437.013, 300.581680, 58.967378
15478.172, 300.835882, 59.198595
23305.747, 300.456238, 58.860093
25531.648, 300.496026, 58.893707
2925.756, 300.821559, 59.187870
53663.795, 300.617167, 59.008149
25820.012, 300.711570, 59.091092
37878.105, 300.811509, 59.185386
10192.110, 300.538610, 58.936091
69384.782, 300.643609, 59.035064
61641.332, 300.721638, 59.106850
2978.965, 300.737221, 59.117937
8563.730, 300.745294, 59.128059
8897.920, 300.580636, 58.978101
74236.829, 300.520683, 58.928478
186545.466, 300.454055, 58.875921
351297.435, 300.579995, 58.990357
3766.567, 300.532057, 58.936900
3830.590, 300.543644, 58.948741
7263.783, 300.752193, 59.139805
33949.590, 300.763308, 59.153323
37904.181, 300.695153, 59.092527
5140.929, 300.524940, 58.936158
32476.265, 300.642580, 59.044865
9709.934, 300.466454, 58.883015
4633.629, 300.638077, 59.039578
21891.600, 300.687568, 59.085725
10652.925, 300.783656, 59.172291
27928.511, 300.648653, 59.052431
7607.339, 300.449672, 58.868782
17940.601, 300.799866, 59.189119
28870.661, 300.476646, 58.897255
11036.927, 300.483758, 58.902712
19474.819, 300.493844, 58.914239
3399.001, 300.562437, 58.975279
24949.569, 300.818125, 59.210455
12777.158, 300.522540, 58.940723
23939.036, 300.543215, 58.961074
2970.815, 300.605686, 59.015280
4712.264, 300.738912, 59.137250
2167.685, 300.518679, 58.936437
6334.209, 300.524837, 58.945365
5123.787, 300.641876, 59.051302
40124.980, 300.698174, 59.107710
17408.020, 300.483702, 58.910318
3918.802, 300.585828, 59.001902
11090.460, 300.725327, 59.129759
58413.732, 300.737091, 59.144223
62803.589, 300.577978, 59.000758
52593.879, 300.681211, 59.097653
9340.108, 300.801250, 59.200652
5078.965, 300.806292, 59.204711
6428.025, 300.594792, 59.013917
4240.087, 300.511016, 58.937808
22384.991, 300.453202, 58.890461
6439.738, 300.494845, 58.927514
20974.865, 300.670469, 59.090343
3382.707, 300.811678, 59.217308
5996.858, 300.471380, 58.909023
4710.484, 300.625574, 59.050016
14480.648, 300.646432, 59.070081
17418.305, 300.575819, 59.008266
4217.853, 300.444054, 58.887550
4748.812, 300.473991, 58.914795
4715.114, 300.477191, 58.917511
84674.736, 300.596328, 59.031295
32794.221, 300.627786, 59.058022
3415.431, 300.531509, 58.967802
4704.144, 300.614697, 59.044036
8595.274, 300.590628, 59.023698
21553.252, 300.727119, 59.149045
99922.604, 300.562885, 59.002865
9020.929, 300.492226, 58.935039
26031.214, 300.707676, 59.134144
19558.186, 300.814813, 59.229245
9270.912, 300.546225, 58.986013
17976.592, 300.615355, 59.050604
6757.707, 300.456459, 58.904984
21244.344, 300.434900, 58.886408
112656.021, 300.521415, 58.976828
32188.376, 300.652860, 59.090848
44598.146, 300.479071, 58.935046
16366.003, 300.712669, 59.146662
26303.965, 300.599418, 59.045361
5961.924, 300.446223, 58.904335
10167.564, 300.447686, 58.907157
5085.028, 300.471326, 58.930141
36560.526, 300.491587, 58.951880
19761.807, 300.732489, 59.169526
2523.138, 300.480741, 58.940549
17556.914, 300.616406, 59.066452
3030.342, 300.775044, 59.207469
349955.076, 300.435542, 58.921960
4666.209, 300.412524, 58.878982
91512.916, 300.417251, 58.889203
8950.417, 300.461147, 58.924834
3428.591, 300.553433, 59.008538
8580.710, 300.598958, 59.051678
25914.593, 300.672816, 59.119539
2178.029, 300.498575, 58.958864
5162.836, 300.650423, 59.098515
55813.540, 300.709611, 59.155172
4748.513, 300.426640, 58.895554
4271.196, 300.462186, 58.927756
16315.915, 300.428770, 58.899699
2137.883, 300.469258, 58.934663
6478.137, 300.483029, 58.949071
4669.840, 300.607887, 59.062878
12673.404, 300.542683, 59.007394
2949.673, 300.561526, 59.021741
7661.632, 300.651501, 59.105829
8719.907, 300.794797, 59.235134
31432.270, 300.398711, 58.877354
56294.064, 300.454359, 58.934163
3830.444, 300.475469, 58.945740
9485.965, 300.798883, 59.241176
3868.870, 300.584279, 59.046828
29057.390, 300.684238, 59.139465
12711.269, 300.554369, 59.021917
12824.200, 300.662303, 59.120111
7286.885, 300.754325, 59.202928
8013.688, 300.544370, 59.012264
7262.057, 300.560777, 59.029780
4727.663, 300.612995, 59.076239
52452.332, 300.641794, 59.105862
2588.301, 300.446086, 58.923431
5562.170, 300.579320, 59.048799
28921.615, 300.697813, 59.158579
12651.769, 300.412997, 58.898597
4202.855, 300.501899, 58.979448
3009.893, 300.561602, 59.033654
9019.132, 300.618155, 59.086594
48705.950, 300.475040, 58.960105
4227.581, 300.611126, 59.079494
26432.416, 300.715499, 59.176762
4270.565, 300.464068, 58.946265
3033.352, 300.390926, 58.879554
22432.848, 300.420646, 58.913819
3882.520, 300.483954, 58.968527
2595.547, 300.540983, 59.020610
3829.650, 300.609278, 59.083907
2976.224, 300.727373, 59.191382
24584.822, 300.408477, 58.904043
2175.003, 300.463253, 58.951555
5929.599, 300.432716, 58.926362
5203.295, 300.584624, 59.064049
6503.600, 300.416804, 58.912178
12404.730, 300.384269, 58.883281
11244.209, 300.631622, 59.110142
22183.741, 300.399589, 58.899041
11902.850, 300.704808, 59.179405
4705.979, 300.386526, 58.886937
10316.958, 300.438287, 58.935951
25823.485, 300.491415, 58.986548
8086.239, 300.620635, 59.102828
113642.571, 300.628382, 59.119198
4220.166, 300.647829, 59.127405
55545.643, 300.677556, 59.158202
6035.639, 300.594209, 59.080028
5609.095, 300.407009, 58.909157
71467.666, 300.525504, 59.022013
15287.734, 300.696990, 59.176463
15481.811, 300.732610, 59.208095
11923.893, 300.458588, 58.959849
120154.807, 300.381190, 58.898012
86405.340, 300.397734, 58.912234
3846.333, 300.428197, 58.933324
67535.918, 300.511629, 59.013339
15366.337, 300.574767, 59.067634
9849.674, 300.375970, 58.886713
3446.674, 300.452878, 58.957093
6742.711, 300.481501, 58.984293
28003.856, 300.485268, 58.989899
5099.520, 300.448817, 58.954173
35276.969, 300.505272, 59.008768
27348.887, 300.728906, 59.212644
2073.709, 300.463035, 58.968681
3850.242, 300.540246, 59.039653
76734.251, 300.541053, 59.044964
22779.256, 300.754926, 59.236387
10981.304, 300.438485, 58.949003
2182.326, 300.444293, 58.952659
3833.686, 300.469449, 58.978026
3396.691, 300.688495, 59.177042
16715.852, 300.554456, 59.057253
13971.420, 300.371567, 58.891895
3847.265, 300.464061, 58.975728
3008.082, 300.605965, 59.105051
19182.506, 300.716834, 59.208572
9483.275, 300.571175, 59.076403
16578.901, 300.386324, 58.907294
2649.018, 300.556591, 59.063385
27383.037, 300.661121, 59.160215
7397.789, 300.693526, 59.187884
4203.690, 300.416353, 58.936308
28526.873, 300.750128, 59.241835
11483.274, 300.473676, 58.992203
2156.115, 300.734417, 59.225703
8929.643, 300.360132, 58.886677
22064.466, 300.579010, 59.088553
4363.862, 300.650000, 59.151747
27810.757, 300.669705, 59.171435
18202.578, 300.414577, 58.939451
16964.407, 300.422319, 58.947658
36899.698, 300.509522, 59.029315
2127.462, 300.428586, 58.951291
4644.410, 300.383213, 58.911849
4249.815, 300.464087, 58.985350
9033.749, 300.712373, 59.212345
49988.282, 300.413594, 58.945444
16651.232, 300.401219, 58.931440
92474.640, 300.582585, 59.098641
33371.175, 300.369620, 58.906620
3389.356, 300.503613, 59.024281
5489.840, 300.357004, 58.890313
8072.976, 300.396034, 58.927123
3398.484, 300.569789, 59.085562
5154.270, 300.497268, 59.021216
3452.607, 300.385278, 58.918785
23579.562, 300.636029, 59.152822
3029.111, 300.590058, 59.106994
2156.296, 300.373393, 58.908960
6897.843, 300.457369, 58.987425
19768.468, 300.679813, 59.191005
56231.811, 300.357147, 58.898894
9434.805, 300.606838, 59.124531
20933.026, 300.347712, 58.890568
6055.251, 300.471432, 59.002424
16061.734, 300.383762, 58.923096
2936.333, 300.443341, 58.977082
3877.208, 300.391917, 58.931480
19720.440, 300.741126, 59.251999
11049.664, 300.385921, 58.927996
48126.160, 300.571903, 59.102481
4241.290, 300.359845, 58.903774
3030.746, 300.427005, 58.965473
12297.281, 300.612019, 59.135452
28293.459, 300.364812, 58.911525
14172.434, 300.642864, 59.164421
11031.694, 300.431609, 58.973024
22285.753, 300.501149, 59.037155
4228.828, 300.649928, 59.171623
2968.761, 300.400082, 58.943248
3461.990, 300.587621, 59.115057
4689.314, 300.721945, 59.236769
26453.136, 300.435876, 58.980403
11456.198, 300.454498, 58.996758
3420.400, 300.357796, 58.907026
9361.780, 300.403814, 58.950352
2119.660, 300.393046, 58.940328
6440.816, 300.486343, 59.027084
9067.124, 300.562539, 59.097281
2966.033, 300.350239, 58.902407
13274.018, 300.527334, 59.066249
57959.243, 300.611696, 59.145350
27411.634, 300.442241, 58.990090
14512.239, 300.351896, 58.906735
11867.356, 300.383987, 58.936564
3349.227, 300.589553, 59.123559
28220.901, 300.600609, 59.136595
16690.279, 300.676227, 59.204894
12252.404, 300.361396, 58.917395
5949.079, 300.517619, 59.060891
12773.507, 300.422798, 58.975553
4279.429, 300.499798, 59.044278
9904.666, 300.526387, 59.070330
69574.129, 300.536926, 59.083917
4681.172, 300.407964, 58.961625
3784.660, 300.444220, 58.994115
15045.509, 300.664731, 59.196451
3471.598, 300.366020, 58.923034
41083.354, 300.430061, 58.984626
3010.385, 300.671827, 59.202342
15773.156, 300.498207, 59.047616
2579.829, 300.463831, 59.016384
7684.199, 300.582352, 59.125348
81882.999, 300.366093, 58.936653
11840.412, 300.378558, 58.940431
2168.002, 300.423596, 58.979326
19226.265, 300.509989, 59.061777
2129.792, 300.341997, 58.906698
61058.878, 300.558795, 59.109917
22772.694, 300.613185, 59.157493
63084.603, 300.661315, 59.202579
17136.817, 300.553159, 59.103143
45460.560, 300.327969, 58.898931
2655.390, 300.516773, 59.069092
17058.344, 300.432948, 58.995339
13378.043, 300.386266, 58.952127
116237.664, 300.534733, 59.095138
2164.652, 300.348787, 58.918249
5523.008, 300.438365, 59.002099
16704.392, 300.509919, 59.069650
4752.376, 300.532642, 59.088606
17433.844, 300.358654, 58.931913
23377.159, 300.397462, 58.969068
13925.007, 300.495088, 59.058561
5970.461, 300.392151, 58.963941
8142.478, 300.465553, 59.031324
17366.165, 300.499078, 59.062341
10191.279, 300.634702, 59.186119
25598.328, 300.711284, 59.256624
15875.933, 300.452152, 59.020612
169753.114, 300.319197, 58.908898
5114.594, 300.335413, 58.914030
5522.862, 300.377686, 58.952138
8523.027, 300.412063, 58.983594
32755.181, 300.609297, 59.166011
14144.310, 300.475390, 59.043089
4694.936, 300.324422, 58.904410
92487.135, 300.435942, 59.013937
2572.742, 300.543665, 59.105202
5047.985, 300.317724, 58.899186
2556.188, 300.412717, 58.986195
6348.556, 300.546250, 59.109118
2155.464, 300.320523, 58.901857
23594.207, 300.477967, 59.049831
20337.209, 300.671656, 59.226673
24157.964, 300.424080, 59.003334
10937.755, 300.458106, 59.034811
3397.750, 300.358200, 58.941119
6849.881, 300.404847, 58.984762
5946.107, 300.456221, 59.032076
25748.709, 300.544342, 59.114513
5059.348, 300.311982, 58.899959
2092.610, 300.332000, 58.917573
3865.912, 300.491944, 59.064903
5559.936, 300.333144, 58.920675
2956.737, 300.383590, 58.966579
6459.585, 300.467356, 59.043585
99558.782, 300.530917, 59.107643
2136.662, 300.412856, 58.995099
17668.524, 300.573357, 59.143332
6531.462, 300.609717, 59.176100
5043.962, 300.372210, 58.960107
27229.995, 300.592252, 59.162822
15640.452, 300.625192, 59.193225
21869.642, 300.676713, 59.239426
33666.079, 300.633312, 59.201508
5481.701, 300.308237, 58.903302
14565.340, 300.466943, 59.050328
15007.467, 300.665253, 59.231137
32464.218, 300.690749, 59.254843
4338.299, 300.577563, 59.150594
40509.493, 300.432966, 59.023655
4613.844, 300.489427, 59.071393
11577.773, 300.598152, 59.171803
29352.781, 300.404351, 58.997689
5549.694, 300.692574, 59.258958
14472.958, 300.336732, 58.934271
3373.608, 300.354840, 58.951011
7623.108, 300.545800, 59.127767
6336.819, 300.444100, 59.034448
23519.063, 300.553101, 59.135565
40280.327, 300.677295, 59.249756
35044.114, 300.338439, 58.943825
4224.313, 300.317391, 58.919751
4343.641, 300.472334, 59.062218
4716.468, 300.532880, 59.118028
5067.648, 300.335215, 58.937843
3089.133, 300.322266, 58.925717
2148.166, 300.492205, 59.082273
23390.497, 300.507147, 59.098486
2974.325, 300.354785, 58.956663
32480.360, 300.575802, 59.162230
64620.950, 300.612230, 59.196591
5617.031, 300.317046, 58.923421
4351.720, 300.646565, 59.224204
7673.965, 300.501160, 59.095271
10632.220, 300.564242, 59.153215
28724.129, 300.592460, 59.180795
6047.018, 300.305686, 58.915977
8063.567, 300.392360, 58.995880
12921.167, 300.555186, 59.145277
31124.815, 300.673737, 59.255378
28938.688, 300.436462, 59.039795
40529.414, 300.297659, 58.914002
3374.476, 300.366347, 58.973522
3026.450, 300.466204, 59.064972
17902.653, 300.461361, 59.063148
25303.228, 300.574182, 59.167909
14996.519, 300.656187, 59.241637
2159.177, 300.324150, 58.937737
11074.297, 300.357265, 58.970549
7635.245, 300.483083, 59.084540
23405.405, 300.526451, 59.126201
33052.777, 300.339119, 58.955691
5096.177, 300.391263, 59.001039
11465.721, 300.441472, 59.048043
19308.469, 300.536055, 59.135073
6827.453, 300.376912, 58.988459
23389.263, 300.460701, 59.067576
3461.542, 300.579865, 59.173959
2566.042, 300.316593, 58.933064
64104.353, 300.480874, 59.090190
38948.136, 300.493762, 59.099172
4701.055, 300.501681, 59.104007
10177.377, 300.332443, 58.951976
28970.741, 300.418089, 59.032100
31968.167, 300.317213, 58.940799
3006.435, 300.347630, 58.965525
41002.625, 300.445272, 59.058482
3781.810, 300.307194, 58.928961
139759.401, 300.355870, 58.981457
8121.906, 300.392825, 59.009104
13742.706, 300.402020, 59.017761
39769.534, 300.307193, 58.935951
71089.740, 300.335461, 58.962396
61116.517, 300.647888, 59.245176
4251.375, 300.440930, 59.053652
11885.164, 300.294406, 58.922449
5507.247, 300.474422, 59.085865
10622.906, 300.282047, 58.911805
4703.920, 300.322382, 58.947279
3032.083, 300.538896, 59.146992
49838.671, 300.649912, 59.253595
207413.296, 300.479480, 59.100658
2103.916, 300.349242, 58.975341
2579.837, 300.363355, 58.989797
3800.971, 300.405551, 59.028928
56092.299, 300.321335, 58.956574
5070.238, 300.375972, 59.002270
2992.367, 300.408217, 59.032074
55553.443, 300.415162, 59.045673
22576.421, 300.280560, 58.917723
5156.523, 300.346219, 58.976915
11389.916, 300.306557, 58.942562
6340.752, 300.315566, 58.950146
39234.286, 300.605773, 59.217287
224067.728, 300.325516, 58.972259
5929.164, 300.356801, 58.988278
4688.234, 300.387190, 59.016408
19520.657, 300.321769, 58.961323
60837.860, 300.569809, 59.190827
3401.767, 300.396811, 59.028550
6404.889, 300.525250, 59.146904
5604.227, 300.620969, 59.233453
11032.741, 300.268168, 58.913091
41232.494, 300.337448, 58.979061
18288.952, 300.418539, 59.052949
3415.625, 300.465127, 59.093911
2131.500, 300.355517, 58.993908
5508.557, 300.442732, 59.074545
27875.642, 300.624406, 59.242852
2969.085, 300.453449, 59.084576
10580.920, 300.485581, 59.115004
23818.614, 300.590988, 59.213015
4688.578, 300.309049, 58.954013
5525.561, 300.515360, 59.142214
14400.582, 300.291313, 58.938047
2165.618, 300.346912, 58.988869
3038.754, 300.424028, 59.060187
13269.001, 300.595738, 59.219382
24872.880, 300.615207, 59.240109
46242.906, 300.376847, 59.026465
48412.768, 300.392976, 59.039570
2967.683, 300.464532, 59.101755
2578.872, 300.333986, 58.982309
64353.813, 300.602289, 59.231718
7271.553, 300.313511, 58.966119
34124.709, 300.339112, 58.991422
5970.947, 300.445656, 59.086591
10592.826, 300.275823, 58.933583
19180.647, 300.286522, 58.942882
47446.547, 300.591032, 59.223367
13620.375, 300.256348, 58.916599
3036.624, 300.355212, 59.005715
3424.839, 300.411098, 59.057176
80165.399, 300.290395, 58.952776
20704.227, 300.367486, 59.021711
24651.665, 300.465738, 59.109526
89486.015, 300.484841, 59.131227
4332.349, 300.301303, 58.957703
4217.555, 300.494906, 59.135610
4231.344, 300.342259, 58.996348
12042.539, 300.627547, 59.257829
21717.037, 300.451494, 59.098986
12899.921, 300.526690, 59.166904
8591.430, 300.270752, 58.932327
23465.263, 300.275614, 58.938336
2234.110, 300.439258, 59.086962
8491.472, 300.344920, 59.002842
6451.179, 300.377233, 59.032825
5119.249, 300.380834, 59.035793
3753.906, 300.517166, 59.160561
8929.510, 300.320358, 58.980371
3044.560, 300.383744, 59.039600
2586.954, 300.413161, 59.066176
3334.395, 300.571971, 59.212790
