# Source Fluxes and Coordinates
# Flux (e-/s), RA (deg), Dec (deg)
44678.988, 300.991194, 58.738132
784849.674, 301.098971, 58.834902
55807.035, 301.198071, 58.922565
9722.607, 301.190933, 58.918212
48051.598, 300.944334, 58.700286
27097.147, 301.038502, 58.785096
25894.882, 301.235258, 58.961085
3163.128, 300.934762, 58.690595
2342.757, 300.990842, 58.743039
2003.037, 301.010216, 58.760506
7603.084, 301.165653, 58.903267
27645.498, 301.055881, 58.807946
13891.847, 301.114895, 58.859484
19064.021, 301.141534, 58.883579
32238.023, 300.910074, 58.677950
18257.390, 301.030678, 58.788373
27290.786, 300.967135, 58.730288
13916.394, 301.117123, 58.866107
2416.430, 301.145574, 58.889799
5155.552, 301.131272, 58.878192
2403.125, 300.930342, 58.697678
7180.580, 301.150694, 58.896539
3957.028, 300.988832, 58.751640
48866.150, 301.055815, 58.817626
2002.361, 300.882384, 58.658250
4780.844, 301.017478, 58.781019
22530.984, 301.178001, 58.926938
6631.379, 300.948147, 58.720045
2749.222, 300.956910, 58.728268
9459.997, 300.993205, 58.762864
2805.445, 301.280276, 59.017778
44886.611, 300.974124, 58.748883
4737.879, 300.901059, 58.680218
20943.370, 301.085812, 58.849190
7969.235, 301.272053, 59.014497
3130.094, 300.875474, 58.658707
1981.837, 300.942055, 58.717670
11536.033, 300.882556, 58.666172
40750.185, 300.958526, 58.737542
22941.126, 301.100103, 58.864110
10352.471, 300.876527, 58.662504
16161.109, 300.981381, 58.758712
13560.553, 301.008717, 58.785685
5558.805, 300.917602, 58.703446
39516.736, 300.881384, 58.674240
6346.583, 300.975356, 58.756955
16570.343, 301.062422, 58.836595
41793.384, 301.181460, 58.947766
5944.892, 300.972250, 58.760135
9974.999, 301.207179, 58.970878
25783.414, 301.011701, 58.798400
24742.134, 301.111669, 58.888768
3518.087, 300.901586, 58.698327
21527.595, 300.981260, 58.773178
30303.730, 301.134656, 58.911612
90162.870, 301.202257, 58.976378
7092.714, 300.895619, 58.696982
3548.992, 301.239344, 59.005184
56630.390, 300.928766, 58.731277
14605.145, 300.876568, 58.682666
5488.899, 300.916904, 58.719766
3921.221, 300.940906, 58.740658
11784.786, 301.006874, 58.801743
2742.776, 301.150127, 58.930371
55384.751, 301.167174, 58.949593
66149.263, 301.239154, 59.012873
6720.396, 300.978280, 58.777585
17095.689, 301.056653, 58.849669
26334.951, 301.210743, 58.987319
35396.184, 301.253093, 59.025681
3609.151, 300.918168, 58.724037
3135.871, 301.031652, 58.826578
16415.848, 301.135484, 58.921298
19720.597, 300.946248, 58.752771
11837.599, 300.981535, 58.785609
55896.512, 301.170715, 58.958930
1999.305, 300.951948, 58.760329
20051.363, 301.064948, 58.865085
13466.718, 301.012537, 58.818036
1982.364, 300.857413, 58.678424
157151.538, 300.901871, 58.725430
49244.660, 301.152746, 58.947915
16645.768, 300.844482, 58.669341
27338.534, 300.874688, 58.697676
11490.777, 300.890844, 58.710254
18295.102, 300.863846, 58.688703
15081.636, 300.941307, 58.759558
12378.917, 301.010029, 58.821283
20429.498, 301.108343, 58.910693
23621.977, 301.088105, 58.894770
63954.948, 300.862066, 58.694464
6681.249, 300.882855, 58.709149
34369.342, 301.071816, 58.881723
5525.663, 300.851032, 58.680172
2023.466, 300.893537, 58.718030
8778.229, 301.201927, 58.996831
6315.538, 300.946563, 58.769645
7843.875, 300.906160, 58.735191
3193.048, 300.973806, 58.797655
10340.832, 301.012910, 58.835217
103195.602, 300.867750, 58.712282
20229.274, 300.837532, 58.679427
9918.842, 300.985672, 58.811840
47424.067, 301.109871, 58.926833
33874.375, 300.887773, 58.726095
2341.674, 300.943927, 58.774114
16825.300, 300.876436, 58.717006
4779.641, 300.921103, 58.757501
4331.914, 301.090410, 58.909094
2779.007, 300.890675, 58.730414
125386.677, 301.067987, 58.896447
27390.485, 301.045613, 58.872953
50701.588, 300.877371, 58.724204
2012.260, 301.041803, 58.867903
18191.685, 300.940353, 58.780179
47826.897, 300.905237, 58.752242
82869.056, 300.895383, 58.745944
2394.253, 301.019835, 58.852652
57369.705, 300.943663, 58.788104
13931.638, 300.974799, 58.814370
5160.009, 300.959239, 58.799954
55645.446, 301.104992, 58.934401
3913.227, 300.853812, 58.705533
25700.182, 301.112303, 58.940863
11052.571, 300.822516, 58.680615
63857.827, 301.167124, 58.994523
22875.934, 300.994579, 58.840274
2404.935, 300.833365, 58.692542
2766.443, 300.991166, 58.835076
435796.008, 300.861386, 58.741437
15134.892, 301.046699, 58.887235
6327.484, 301.005305, 58.849948
67307.509, 301.015681, 58.864972
29723.069, 301.075981, 58.917169
19165.160, 300.870568, 58.735280
73210.953, 300.886087, 58.754684
5538.814, 300.926297, 58.782865
3991.323, 300.950461, 58.804412
2378.843, 300.968053, 58.820519
5474.795, 301.034874, 58.882522
5134.838, 300.908819, 58.769127
13188.580, 301.107140, 58.947874
4421.321, 300.987110, 58.840300
30558.865, 300.829376, 58.700752
5079.938, 300.974252, 58.829801
4377.277, 301.130376, 58.969082
152066.513, 301.138018, 58.982197
4307.923, 300.810706, 58.682407
16847.350, 301.034518, 58.886168
3157.099, 300.861115, 58.729514
7933.765, 300.846966, 58.719557
4003.176, 300.807990, 58.685265
191399.731, 300.804676, 58.696501
41558.717, 300.969563, 58.834728
123630.704, 301.026855, 58.890829
5166.480, 301.151679, 58.997154
32851.056, 301.064580, 58.925180
16048.055, 301.188431, 59.032427
4752.641, 300.839902, 58.720039
17158.967, 300.916639, 58.791193
23871.796, 301.014247, 58.881416
2384.418, 300.804454, 58.687896
59847.740, 300.999747, 58.871649
2550.364, 301.041723, 58.902282
22107.167, 300.879799, 58.759788
13420.184, 300.898488, 58.775319
8235.023, 300.888587, 58.766802
25762.439, 300.949601, 58.822579
25128.197, 300.954844, 58.827877
1924.285, 301.119834, 58.974732
13838.482, 300.934616, 58.812711
5920.475, 300.980956, 58.852410
52851.286, 300.819361, 58.709830
9434.988, 300.869847, 58.753141
3159.298, 300.909506, 58.786900
25217.075, 301.141320, 58.998508
4356.517, 300.966865, 58.841040
25509.898, 300.862351, 58.751444
58563.543, 300.956068, 58.838099
9952.635, 301.097434, 58.960351
1302008.687, 300.812164, 58.724442
2408.652, 300.887101, 58.773591
3561.769, 300.898193, 58.783413
17201.949, 300.842437, 58.736750
3962.908, 300.837516, 58.731345
2018.485, 300.874261, 58.765134
7532.991, 300.914667, 58.805844
104732.407, 300.862691, 58.766722
2018.982, 300.784093, 58.690160
31478.397, 301.065462, 58.947335
9441.971, 300.851854, 58.753554
133691.059, 301.023028, 58.914298
15974.257, 301.106456, 58.984616
1973.912, 300.901428, 58.799404
6323.579, 300.790899, 58.702737
19540.844, 300.850373, 58.758939
3558.048, 300.922873, 58.820363
2833.738, 301.171190, 59.042884
4733.359, 300.838207, 58.744302
33029.005, 301.111778, 58.995329
5138.378, 300.824691, 58.736304
2786.262, 300.821777, 58.734394
14990.693, 300.783142, 58.702553
7798.294, 300.827990, 58.742749
3582.281, 300.862059, 58.773389
45556.846, 301.047580, 58.943358
3556.822, 300.871875, 58.782652
113258.776, 301.132173, 59.022181
3990.732, 300.789142, 58.708601
13848.447, 300.905665, 58.814654
40736.085, 300.962306, 58.869678
5934.761, 300.851019, 58.767180
54018.723, 300.916582, 58.830397
58781.315, 300.983066, 58.889168
79953.405, 300.767523, 58.695471
5577.853, 301.021982, 58.921782
6654.682, 300.776034, 58.699869
28921.901, 300.817392, 58.740162
49050.649, 301.119682, 59.013024
3943.376, 300.906715, 58.819485
18697.839, 300.989220, 58.895376
6703.329, 300.834258, 58.755084
6760.354, 300.875377, 58.792364
5111.206, 300.790707, 58.715954
74976.423, 300.778434, 58.709866
12220.382, 300.839870, 58.764201
2779.036, 300.876949, 58.798371
2013.586, 300.784755, 58.716937
79466.858, 300.935327, 58.858534
638416.235, 300.819887, 58.765744
5275.055, 301.148218, 59.045477
7141.302, 300.907012, 58.830179
1967.458, 300.807498, 58.739765
24346.720, 301.141737, 59.043348
14914.117, 300.766370, 58.707148
10708.886, 301.026385, 58.939967
34004.561, 301.100751, 59.008357
67263.916, 300.777647, 58.721720
26556.171, 301.074826, 58.986279
7461.600, 300.788810, 58.727569
6682.752, 300.795302, 58.734411
93788.220, 300.837779, 58.779511
8658.157, 300.943410, 58.870046
10432.520, 300.974869, 58.896578
5969.356, 300.800047, 58.739037
13256.222, 301.063570, 58.978308
13930.960, 301.067235, 58.981969
19879.795, 300.902284, 58.835566
2021.536, 301.152274, 59.057681
4387.533, 300.936462, 58.865410
9104.725, 300.766016, 58.713671
2735.062, 300.788522, 58.732087
40590.437, 300.752175, 58.703649
8785.549, 300.800117, 58.745591
16597.414, 301.040444, 58.963649
2803.573, 300.858060, 58.798976
7892.778, 300.766612, 58.717456
3935.541, 300.862907, 58.804553
47241.747, 301.138696, 59.054898
4014.540, 300.839065, 58.784902
2353.140, 300.882599, 58.825287
3544.443, 300.921520, 58.861647
31093.178, 300.969394, 58.907937
14232.095, 300.758156, 58.716789
20355.322, 301.014706, 58.948391
7066.471, 300.805518, 58.759394
7507.532, 300.824539, 58.776005
3575.864, 300.874570, 58.821232
25831.744, 300.883991, 58.832436
33925.906, 300.923195, 58.867659
50310.179, 301.060501, 58.993220
5138.581, 300.986244, 58.924333
5075.048, 300.774414, 58.734354
19187.327, 301.040739, 58.975373
11375.323, 300.792611, 58.754777
9937.329, 300.838945, 58.795831
41825.515, 301.020811, 58.962403
23968.185, 300.742986, 58.714513
8663.601, 300.773649, 58.738840
8222.574, 300.776703, 58.742238
41158.050, 300.818101, 58.782654
18423.908, 300.899639, 58.854248
61433.561, 300.734201, 58.710299
7511.617, 300.767137, 58.736212
4027.979, 301.101301, 59.036367
7942.130, 300.754652, 58.727042
30038.711, 300.759491, 58.733905
19051.041, 300.839036, 58.806030
16968.583, 300.875904, 58.837839
63607.385, 300.824265, 58.796991
23953.899, 300.980688, 58.933885
25724.300, 300.802962, 58.774481
19007.591, 300.807181, 58.778785
5544.655, 300.881265, 58.843911
75550.087, 301.022737, 58.976189
267886.477, 300.739018, 58.724599
2770.145, 300.949901, 58.906420
16148.818, 301.130015, 59.069692
50637.737, 300.762439, 58.741133
23296.545, 300.773356, 58.752434
3947.565, 300.876774, 58.841769
17496.504, 300.940273, 58.900520
25212.360, 301.090092, 59.035141
3158.777, 300.968989, 58.925154
3220.121, 300.751918, 58.732048
3189.812, 300.866860, 58.835640
7048.790, 301.002726, 58.959478
4826.768, 301.066224, 59.015648
2347.360, 300.793515, 58.770561
30328.471, 301.077042, 59.028821
14352.553, 301.110155, 59.058912
58124.889, 300.847341, 58.827049
2738.192, 300.910478, 58.879301
22901.350, 300.974331, 58.939888
5587.674, 300.719753, 58.708866
2786.219, 300.804073, 58.784748
11027.047, 300.754229, 58.742444
9585.785, 300.961767, 58.930519
12837.807, 300.792693, 58.780265
32028.483, 300.927167, 58.905400
6296.395, 300.806611, 58.793857
3235.173, 300.869501, 58.850776
78328.631, 301.019971, 58.991921
2386.553, 300.775684, 58.767777
3555.815, 300.836027, 58.822173
23683.424, 301.002643, 58.975431
3153.468, 300.765812, 58.760090
73886.286, 300.961342, 58.941456
4312.811, 300.820526, 58.811073
5193.248, 300.892418, 58.876679
2362.693, 300.802697, 58.796062
68647.100, 300.773739, 58.776996
17398.805, 300.731145, 58.737896
84158.575, 300.856589, 58.853462
11096.913, 300.978609, 58.958240
7021.776, 300.720842, 58.725790
9470.384, 300.723570, 58.728821
7655.322, 300.916362, 58.902956
26533.983, 301.093565, 59.064897
32184.761, 300.742527, 58.749683
6692.377, 300.759491, 58.763224
3151.405, 300.820553, 58.818537
23669.757, 300.749882, 58.758194
10229.509, 300.866882, 58.862821
2441.360, 301.076322, 59.049301
4310.174, 300.813441, 58.814569
210841.836, 301.016430, 59.006612
5873.795, 300.706103, 58.719184
2341.562, 300.847033, 58.847232
26740.142, 300.888040, 58.886472
21127.902, 300.919389, 58.915058
16509.677, 300.816310, 58.822431
9851.849, 300.804978, 58.812149
28152.821, 300.785171, 58.796228
31069.053, 301.040817, 59.027051
34757.724, 300.697400, 58.718678
2370.219, 300.720956, 58.737568
4368.351, 300.906570, 58.906836
61683.853, 300.736766, 58.760703
5122.535, 300.709879, 58.730685
2740.140, 300.704974, 58.726069
5933.420, 300.869750, 58.876305
44972.259, 301.021944, 59.016703
7063.479, 300.731121, 58.751701
2802.763, 300.766680, 58.783507
11048.958, 300.818202, 58.830768
8284.262, 300.978277, 58.974990
5144.106, 300.802508, 58.817818
78717.414, 300.802969, 58.824598
6262.424, 300.785150, 58.803104
18985.700, 301.031397, 59.025447
34811.472, 300.766663, 58.789732
217030.472, 300.710594, 58.751631
6402.450, 300.919653, 58.926614
25445.110, 300.961236, 58.965719
5993.778, 301.066277, 59.057731
3239.867, 300.792048, 58.811458
10717.716, 300.754527, 58.779677
3970.419, 300.816517, 58.834567
3159.365, 300.743456, 58.769878
64086.924, 300.743301, 58.776246
1971.804, 300.721608, 58.751593
3533.385, 300.917132, 58.929018
3190.373, 300.694425, 58.728782
17364.615, 300.777503, 58.805229
2803.568, 300.816897, 58.840292
267316.482, 300.899377, 58.922863
49567.356, 300.808893, 58.837551
6346.296, 300.876468, 58.895290
7524.974, 301.028238, 59.033276
3901.238, 300.753580, 58.785612
14004.339, 300.794771, 58.824032
5580.274, 301.069355, 59.070190
7856.824, 300.707908, 58.745058
15033.696, 300.731503, 58.769071
50477.693, 300.773475, 58.811200
3156.091, 300.887770, 58.909069
53796.940, 300.746110, 58.791807
5264.559, 301.078123, 59.081583
16607.025, 300.696435, 58.739180
5951.706, 300.768141, 58.804119
4342.565, 300.833869, 58.864179
32771.720, 300.958762, 58.979503
10255.327, 300.678978, 58.726041
11028.376, 300.827398, 58.860504
13775.070, 300.674803, 58.723353
99947.847, 300.715227, 58.765846
7085.028, 300.693185, 58.741741
4719.894, 300.685591, 58.736437
7483.376, 300.793751, 58.833565
7396.836, 300.668613, 58.721865
47554.703, 300.832142, 58.874063
30629.180, 300.707354, 58.760362
6721.653, 300.823940, 58.864390
18515.067, 300.837005, 58.880795
15938.813, 301.032617, 59.053095
7936.166, 300.720533, 58.772549
44401.191, 300.954147, 58.985633
9905.684, 300.790449, 58.836302
3933.164, 300.826354, 58.867825
39197.982, 300.681380, 58.740580
11172.619, 300.843374, 58.885381
32681.282, 301.042022, 59.065479
5509.885, 300.772763, 58.821386
7126.828, 300.796800, 58.844086
2365.034, 300.867009, 58.909082
57254.561, 301.017529, 59.053220
31628.857, 300.667290, 58.737572
3198.537, 300.766262, 58.825905
41127.408, 301.052992, 59.086066
7507.004, 300.713360, 58.778424
21519.192, 300.886569, 58.938858
9597.702, 301.041909, 59.076630
9102.504, 300.685004, 58.756167
15267.139, 300.755395, 58.821116
2815.926, 300.958180, 59.001287
24968.828, 300.717733, 58.789759
3564.833, 300.813370, 58.874713
27852.863, 300.825961, 58.890648
2001.867, 301.030824, 59.069392
22123.981, 300.761801, 58.830145
3505.487, 300.657604, 58.735427
46255.694, 300.662967, 58.743510
2328.396, 300.783930, 58.849457
50834.252, 300.830342, 58.896011
3934.033, 300.686470, 58.763453
2401.687, 300.747515, 58.818821
84244.032, 300.645507, 58.732111
55107.652, 300.926307, 58.985289
33918.399, 300.948183, 59.005080
24160.377, 301.047081, 59.093131
10609.345, 300.689422, 58.770191
30236.932, 300.695798, 58.778174
3153.955, 300.738679, 58.814921
1975.544, 300.744729, 58.820795
3963.207, 300.717597, 58.796820
64014.187, 300.845434, 58.917977
5164.779, 300.940160, 58.999344
8359.806, 300.767695, 58.845062
2380.505, 300.790578, 58.864711
6715.751, 300.736039, 58.818612
3173.536, 300.756878, 58.837098
7921.038, 300.886301, 58.956652
2003.353, 300.665032, 58.753665
2395.343, 300.666606, 58.755297
6071.478, 300.984485, 59.043908
3547.999, 300.762274, 58.844924
38104.547, 300.959531, 59.025348
5138.624, 300.970442, 59.033902
1986.104, 300.714881, 58.803402
43056.315, 300.914508, 58.987349
54341.551, 300.640686, 58.742647
9198.570, 301.018814, 59.080647
4265.136, 300.692261, 58.785842
20095.474, 300.664767, 58.764133
2802.747, 300.686522, 58.782590
17016.318, 300.775700, 58.865925
29185.168, 300.958397, 59.030404
22570.860, 300.767697, 58.859380
3533.322, 300.697216, 58.794142
3968.526, 300.705004, 58.801724
8481.808, 301.022660, 59.090612
72584.424, 300.718818, 58.822173
7068.850, 300.754581, 58.850537
9060.617, 300.647019, 58.753908
43212.637, 300.867792, 58.957761
14190.194, 301.026385, 59.097592
2307.420, 300.632125, 58.740784
33237.621, 300.795704, 58.893105
3579.056, 300.652382, 58.761587
306909.708, 300.955363, 59.045121
30035.288, 300.801654, 58.900780
78098.886, 300.993519, 59.075355
1988.084, 301.003636, 59.079630
2789.282, 300.722906, 58.827661
1976.880, 300.790877, 58.889470
16300.974, 300.938813, 59.024111
53058.818, 300.708451, 58.821218
9798.382, 300.741612, 58.847347
14710.332, 301.015644, 59.094881
38249.173, 300.725540, 58.836109
52568.939, 300.871602, 58.969985
2775.898, 300.653431, 58.769479
5067.604, 300.656476, 58.774260
31620.606, 300.767582, 58.877323
14901.624, 300.940011, 59.031297
5183.139, 300.749892, 58.859191
2069.002, 300.743186, 58.853411
86600.102, 300.630543, 58.757694
21133.084, 300.698846, 58.816970
3918.021, 300.735530, 58.848187
14743.904, 300.863551, 58.964679
18431.282, 300.883919, 58.984133
66895.139, 300.894612, 58.995315
112828.390, 300.616279, 58.746295
66130.233, 300.659394, 58.785033
161483.696, 300.750263, 58.872319
43850.146, 300.774610, 58.890225
4378.022, 300.688123, 58.809342
2780.762, 300.735480, 58.853119
7542.434, 300.644203, 58.771653
19073.371, 300.883586, 58.989079
46611.006, 300.674006, 58.804004
2891.685, 300.623210, 58.753327
14182.058, 300.634635, 58.766627
38969.364, 300.662755, 58.793873
3213.954, 300.767231, 58.885595
11682.241, 300.907023, 59.015280
18747.588, 300.973429, 59.076957
19091.603, 300.829384, 58.947716
39533.454, 300.614438, 58.754523
36563.833, 300.692051, 58.830128
3535.077, 300.736167, 58.862938
115089.238, 300.753328, 58.890804
57991.502, 300.646333, 58.785958
6816.753, 300.938804, 59.047209
11708.674, 300.864065, 58.981422
2425.531, 300.679224, 58.813710
1992.002, 300.801981, 58.925807
9071.842, 300.605241, 58.749453
11497.499, 300.704147, 58.840844
3939.940, 300.792059, 58.918603
12660.467, 300.830332, 58.955016
39535.659, 300.880864, 59.001931
8843.104, 300.866051, 58.987407
31474.300, 300.627200, 58.773132
47845.188, 300.664162, 58.808286
37613.490, 300.963955, 59.078074
25847.100, 300.610330, 58.760474
39638.469, 300.644173, 58.792952
4739.078, 300.655783, 58.799850
4803.737, 300.607382, 58.756691
56027.469, 300.936911, 59.058052
14534.743, 300.711201, 58.854924
14287.872, 300.747091, 58.885209
5117.035, 300.696602, 58.840785
164893.164, 300.813460, 58.954397
64556.458, 300.828101, 58.965036
10535.427, 300.992084, 59.109163
27145.238, 300.635572, 58.790262
4393.459, 300.838910, 58.971885
4313.667, 300.946713, 59.068520
28221.162, 300.885715, 59.017265
11480.702, 300.971471, 59.094988
7508.750, 300.645287, 58.799469
100866.727, 300.674399, 58.831166
11425.391, 300.724969, 58.872260
34272.561, 300.925073, 59.054865
17621.515, 300.738299, 58.887235
19484.686, 300.618445, 58.779365
5155.250, 300.691644, 58.844556
64710.437, 300.838054, 58.982894
6704.559, 300.583756, 58.750316
5501.993, 300.686965, 58.843022
11070.464, 300.724224, 58.877531
3947.320, 300.979378, 59.105784
20916.787, 300.638040, 58.801865
3169.068, 300.740519, 58.891913
46220.549, 300.922862, 59.061019
1958.900, 300.600799, 58.766384
42632.539, 300.737291, 58.896216
5247.906, 300.627275, 58.792411
137970.509, 300.599879, 58.777355
8273.312, 300.728544, 58.886478
12277.232, 300.648124, 58.815867
41019.617, 300.684633, 58.851241
2326.249, 300.679752, 58.844293
2801.158, 300.750335, 58.907581
69612.389, 300.726572, 58.891752
3171.950, 300.752928, 58.911336
3562.929, 300.760264, 58.918331
178090.366, 300.850205, 59.004997
5491.813, 300.593718, 58.769146
108814.249, 300.635698, 58.812603
24584.087, 300.837760, 58.992433
3522.120, 300.693587, 58.864315
5541.714, 300.776357, 58.939249
17597.412, 300.789540, 58.953087
6286.057, 300.806212, 58.966836
23555.451, 300.682768, 58.857356
2430.167, 300.765405, 58.931219
10455.304, 300.799251, 58.963643
21703.976, 300.670473, 58.848391
8750.472, 300.649973, 58.829724
1968.527, 300.668236, 58.844675
18202.124, 300.939477, 59.092776
38910.380, 300.607104, 58.793527
3199.174, 300.884633, 59.042565
4716.264, 300.828233, 58.993268
3938.805, 300.694802, 58.873954
1987.195, 300.616367, 58.803160
2034.517, 300.620326, 58.806600
11090.552, 300.639433, 58.825228
33731.834, 300.779713, 58.956947
5660.645, 300.806160, 58.977801
2351.452, 300.597932, 58.789531
9433.893, 300.658840, 58.846315
14673.431, 300.918045, 59.081168
4375.168, 300.592531, 58.786664
13851.003, 300.648963, 58.840771
13262.895, 300.823869, 58.999431
2373.693, 300.757911, 58.938698
3160.388, 300.619306, 58.813985
18609.196, 300.679286, 58.871313
6337.028, 300.884393, 59.053954
2757.111, 300.919889, 59.085785
1989.947, 300.672089, 58.862470
10364.910, 300.725801, 58.912691
19904.494, 300.741436, 58.928202
36023.448, 300.826204, 59.005469
11154.353, 300.863139, 59.037820
1952.450, 300.598461, 58.796581
17989.726, 300.941997, 59.108877
34038.825, 300.713010, 58.905949
3157.190, 300.650560, 58.846961
22687.444, 300.682659, 58.878219
9510.291, 300.561538, 58.768164
12902.193, 300.908594, 59.082768
3212.938, 300.620972, 58.822225
10985.495, 300.720235, 58.914143
4770.778, 300.744682, 58.935259
61463.832, 300.802220, 58.993493
74970.146, 300.888294, 59.070370
35295.516, 300.690077, 58.891022
4811.437, 300.749999, 58.942460
44832.679, 300.794464, 58.987060
3229.359, 300.632715, 58.837151
57599.875, 300.829567, 59.020619
58543.473, 300.640698, 58.851368
3138.902, 300.661393, 58.865765
1951.592, 300.863684, 59.048230
8258.035, 300.874992, 59.060055
2753.937, 300.543487, 58.759996
5088.067, 300.671025, 58.877028
33743.887, 300.731070, 58.934384
16178.309, 300.689064, 58.895332
38035.680, 300.764288, 58.965829
14957.782, 300.621173, 58.836983
4367.785, 300.736140, 58.940013
16651.917, 300.772027, 58.974644
42409.695, 300.652727, 58.871001
30521.826, 300.666604, 58.881812
69938.133, 300.570953, 58.797414
2733.398, 300.739290, 58.946023
26913.024, 300.601442, 58.825187
3680.792, 300.648495, 58.864244
5589.923, 300.547294, 58.772857
30931.191, 300.655305, 58.876542
10313.296, 300.848225, 59.048312
4004.139, 300.575944, 58.802387
19586.682, 300.790877, 58.999139
4482.914, 300.815525, 59.019565
11020.703, 300.588449, 58.816938
10801.377, 300.804280, 59.011785
2754.214, 300.631882, 58.854644
61071.687, 300.677363, 58.901592
46994.134, 300.880619, 59.084234
2370.578, 300.721913, 58.939708
34457.103, 300.817597, 59.029575
25066.595, 300.738967, 58.958565
38391.828, 300.824223, 59.036959
35525.032, 300.535866, 58.778060
2015.861, 300.620846, 58.850670
14998.068, 300.714067, 58.936742
1958.825, 300.654810, 58.882070
16191.067, 300.583774, 58.820500
21143.821, 300.776246, 58.995406
12251.595, 300.921543, 59.126076
6311.107, 300.558947, 58.797997
1976.411, 300.694468, 58.920612
11118.175, 300.756271, 58.978603
3574.275, 300.543404, 58.785094
12205.991, 300.523120, 58.769116
141735.461, 300.652766, 58.891666
65994.485, 300.891653, 59.108907
20192.327, 300.516193, 58.766576
36805.614, 300.682865, 58.918601
2004.239, 300.830668, 59.050180
4093.885, 300.908098, 59.119976
48042.673, 300.737549, 58.970947
7553.416, 300.592518, 58.836656
18116.511, 300.660936, 58.900227
52539.513, 300.570356, 58.822011
5530.642, 300.520799, 58.772822
2358.524, 300.549758, 58.798185
68677.051, 300.669426, 58.917531
8230.583, 300.538608, 58.790450
7142.161, 300.566080, 58.814321
2003.822, 300.690753, 58.928016
141557.210, 300.904872, 59.126766
9946.113, 300.598730, 58.846232
79322.444, 300.611404, 58.866159
110088.369, 300.602399, 58.857082
15581.093, 300.851065, 59.076805
3589.116, 300.533448, 58.788014
9019.880, 300.628870, 58.877770
372262.023, 300.628006, 58.886249
2810.339, 300.662767, 58.906863
5160.552, 300.858243, 59.084129
8737.036, 300.794107, 59.027074
15871.358, 300.546784, 58.804009
10261.467, 300.532506, 58.791234
4327.588, 300.584060, 58.837604
7894.361, 300.538904, 58.800137
2413.619, 300.692288, 58.937494
22876.371, 300.717357, 58.962947
13892.526, 300.518305, 58.782531
2434.657, 300.765954, 59.005952
55154.308, 300.500569, 58.770812
15365.994, 300.582998, 58.842090
5853.011, 300.532961, 58.798114
34557.651, 300.802191, 59.044734
6320.176, 300.639523, 58.895914
82037.234, 300.665403, 58.926634
7898.855, 300.599001, 58.861707
5136.599, 300.643656, 58.902199
8582.236, 300.700111, 58.954785
5966.230, 300.735756, 58.987111
65187.173, 300.848947, 59.092720
24692.386, 300.508252, 58.783445
27920.705, 300.528457, 58.803670
6359.340, 300.844374, 59.087041
7090.533, 300.611114, 58.877145
5135.961, 300.542849, 58.817867
4729.701, 300.773461, 59.027678
4034.968, 300.558204, 58.833042
20460.839, 300.587481, 58.861201
15592.142, 300.800538, 59.054456
15936.258, 300.890936, 59.135287
24268.050, 300.491614, 58.774818
9598.488, 300.509979, 58.790475
4060.845, 300.818360, 59.069784
3174.609, 300.533814, 58.813118
4326.860, 300.576836, 58.853302
45847.450, 300.622562, 58.900920
4345.835, 300.758013, 59.017310
33884.404, 300.784032, 59.046501
3149.861, 300.703648, 58.969883
4748.330, 300.598274, 58.875470
16595.510, 300.559430, 58.841595
7174.536, 300.612645, 58.890652
17593.787, 300.841849, 59.097914
18536.700, 300.565819, 58.849439
2707.383, 300.501630, 58.789385
8288.732, 300.531418, 58.817697
27725.372, 300.616221, 58.897015
3148.441, 300.646472, 58.921699
6311.886, 300.534427, 58.820699
3538.014, 300.663688, 58.937838
8267.754, 300.703288, 58.975315
11462.756, 300.810362, 59.071449
14944.446, 300.482809, 58.776607
2016.656, 300.580184, 58.864979
51209.585, 300.789902, 59.063234
19869.242, 300.543141, 58.837271
17690.314, 300.565369, 58.858727
19894.645, 300.881239, 59.143205
5511.792, 300.645593, 58.929908
11152.971, 300.660882, 58.944192
23266.498, 300.741047, 59.018172
11693.762, 300.872058, 59.134683
10147.755, 300.527147, 58.824841
25983.621, 300.663852, 58.949905
61654.679, 300.480319, 58.786476
3918.872, 300.590129, 58.882222
6408.964, 300.513649, 58.814645
3548.691, 300.560103, 58.856679
4355.535, 300.485343, 58.790030
76886.591, 300.494006, 58.806804
9957.840, 300.507968, 58.811254
1956.896, 300.550503, 58.849710
89816.187, 300.579017, 58.881247
11994.690, 300.675030, 58.964298
10790.586, 300.715928, 59.000974
74310.915, 300.807496, 59.088629
7569.285, 300.494376, 58.800498
3554.529, 300.592683, 58.890009
15134.980, 300.827371, 59.103923
14955.253, 300.519557, 58.827366
5509.839, 300.587812, 58.888240
29888.643, 300.656505, 58.954536
12740.949, 300.745362, 59.032955
45099.234, 300.538835, 58.849700
26657.714, 300.651893, 58.950701
13894.652, 300.692709, 58.987049
28958.836, 300.777471, 59.064134
3152.766, 300.553182, 58.859778
21715.103, 300.485721, 58.800910
4000.790, 300.695944, 58.991431
5132.740, 300.473970, 58.789669
7188.996, 300.510763, 58.822886
14676.313, 300.614189, 58.918800
3945.700, 300.588433, 58.894754
308309.520, 300.703250, 59.009980
4371.077, 300.618561, 58.923151
2378.877, 300.821412, 59.106324
34635.553, 300.636436, 58.942590
16860.530, 300.742191, 59.038457
2349.963, 300.540554, 58.853856
30185.014, 300.459362, 58.787566
2788.687, 300.493840, 58.812181
4729.057, 300.469388, 58.792670
10286.380, 300.834421, 59.123736
1976.617, 300.655033, 58.961341
10360.351, 300.771308, 59.067850
2802.692, 300.792028, 59.086475
1994.843, 300.525668, 58.845426
3967.898, 300.560215, 58.877709
39973.342, 300.771894, 59.072665
8683.324, 300.543098, 58.863466
1975.755, 300.583376, 58.899395
2411.007, 300.626516, 58.938059
16349.401, 300.635473, 58.948286
23893.598, 300.711273, 59.017453
2025.254, 300.549776, 58.868928
4423.121, 300.716973, 59.022435
9154.466, 300.846478, 59.139707
57741.088, 300.558481, 58.885633
3884.546, 300.473156, 58.803438
24482.311, 300.583030, 58.906882
6256.556, 300.611395, 58.930900
4796.517, 300.649113, 58.964054
19806.455, 300.661392, 58.976982
40081.126, 300.612675, 58.936452
4794.117, 300.761193, 59.067010
8241.105, 300.467067, 58.802221
6027.154, 300.803821, 59.106810
57303.820, 300.488288, 58.826355
7138.006, 300.637682, 58.957373
4835.905, 300.750448, 59.059264
38937.828, 300.740001, 59.054811
19051.602, 300.827783, 59.132170
3567.738, 300.563247, 58.891943
10341.132, 300.659755, 58.981708
7851.543, 300.532449, 58.866029
4786.979, 300.581376, 58.911822
48178.350, 300.623223, 58.953189
38098.113, 300.718280, 59.038978
12230.443, 300.510738, 58.850825
41817.179, 300.557633, 58.895979
9949.970, 300.724012, 59.042127
36762.428, 300.765396, 59.081566
3178.121, 300.752087, 59.067148
29136.208, 300.813484, 59.125163
5540.266, 300.498196, 58.837560
35987.312, 300.638075, 58.968377
11761.073, 300.439873, 58.787905
3999.875, 300.459462, 58.803874
53113.777, 300.447604, 58.800134
11904.622, 300.484698, 58.831256
39705.320, 300.584044, 58.924242
2384.337, 300.518999, 58.863277
12912.790, 300.536406, 58.882913
7413.573, 300.472048, 58.823074
2742.362, 300.655305, 58.991276
21843.943, 300.810830, 59.134676
9057.659, 300.491680, 58.845748
2742.606, 300.611203, 58.954019
2400.831, 300.618928, 58.961061
54660.381, 300.708827, 59.047133
43045.891, 300.504357, 58.860469
35371.863, 300.639586, 58.984634
3157.742, 300.769514, 59.099857
4756.505, 300.508491, 58.866337
8632.410, 300.536533, 58.892819
40555.035, 300.733826, 59.074389
30081.221, 300.447975, 58.815040
7519.996, 300.458568, 58.822498
30522.817, 300.466339, 58.832368
26432.903, 300.655550, 59.003680
1983.794, 300.592753, 58.945173
12214.998, 300.546194, 58.906544
50979.254, 300.669450, 59.021240
5058.141, 300.429878, 58.798374
3992.751, 300.461957, 58.827952
24515.291, 300.796646, 59.134630
14940.536, 300.482882, 58.849968
3602.567, 300.508032, 58.872386
1954.133, 300.637280, 58.989676
9032.024, 300.808723, 59.145103
2448.373, 300.599355, 58.956758
88509.145, 300.768048, 59.115106
8318.602, 300.471045, 58.841881
7491.025, 300.496441, 58.864814
8487.165, 300.710105, 59.058279
5922.891, 300.550557, 58.914502
13975.566, 300.714537, 59.064181
7203.043, 300.430829, 58.807715
6681.505, 300.450955, 58.824385
8693.015, 300.455256, 58.828659
49720.745, 300.527481, 58.897886
25758.421, 300.688994, 59.042753
11551.274, 300.584638, 58.948057
2359.803, 300.542585, 58.910241
11091.129, 300.589509, 58.954674
5524.634, 300.610713, 58.975003
12012.300, 300.653540, 59.012941
9872.534, 300.547958, 58.917697
7962.649, 300.418476, 58.800582
26998.402, 300.568830, 58.939173
4390.030, 300.413219, 58.796167
1994.839, 300.598479, 58.963856
10164.307, 300.460936, 58.842149
2397.875, 300.554953, 58.926438
10338.123, 300.711837, 59.071285
46196.642, 300.735048, 59.094817
2009.575, 300.716998, 59.075757
45399.106, 300.776820, 59.133523
3186.045, 300.515786, 58.893979
4353.578, 300.582554, 58.955312
5151.024, 300.449324, 58.834258
11719.639, 300.435525, 58.824421
48266.950, 300.479010, 58.867047
2042.138, 300.424159, 58.813087
3526.021, 300.573322, 58.950484
12720.859, 300.592722, 58.969475
36172.956, 300.750330, 59.112995
38542.308, 300.402220, 58.799700
37699.707, 300.463236, 58.855479
36096.465, 300.606288, 58.985513
15742.772, 300.429547, 58.823349
74851.761, 300.632021, 59.013088
4357.665, 300.486090, 58.875254
6348.591, 300.644101, 59.018980
4699.429, 300.421520, 58.816303
4727.813, 300.456718, 58.849431
14594.970, 300.577133, 58.960029
30828.521, 300.563524, 58.949396
2368.251, 300.541770, 58.927505
2732.839, 300.621860, 59.000731
5992.914, 300.403258, 58.804612
3199.757, 300.444023, 58.840993
22694.437, 300.489597, 58.885264
7824.794, 300.528148, 58.918326
8332.955, 300.674021, 59.051246
8272.766, 300.422969, 58.823739
27266.868, 300.496451, 58.893721
2440.745, 300.410616, 58.813843
32020.543, 300.447965, 58.851743
28469.602, 300.711453, 59.090697
3191.672, 300.473701, 58.873470
13392.798, 300.538967, 58.935342
4378.838, 300.415204, 58.820677
37273.216, 300.616754, 59.008181
2405.229, 300.748283, 59.123279
3180.763, 300.428652, 58.833685
3534.726, 300.475056, 58.876183
10246.551, 300.505280, 58.904523
55359.777, 300.721840, 59.106910
3208.698, 300.568452, 58.963298
61391.679, 300.643408, 59.035077
10233.272, 300.454738, 58.861730
6700.786, 300.423613, 58.834473
123865.912, 300.458230, 58.875494
9842.563, 300.497810, 58.902248
20105.552, 300.745407, 59.127534
69171.090, 300.520238, 58.928129
336055.003, 300.580093, 58.990436
5498.632, 300.470637, 58.880390
8701.533, 300.513503, 58.920480
3209.319, 300.683174, 59.074872
9572.082, 300.753244, 59.139393
19869.583, 300.397987, 58.818273
3558.899, 300.434744, 58.850272
36784.520, 300.695059, 59.091997
30805.385, 300.764273, 59.153313
19517.313, 300.626301, 59.028521
2774.078, 300.400732, 58.821459
36608.946, 300.641636, 59.045191
26534.361, 300.649393, 59.052350
6744.687, 300.541458, 58.953038
4717.512, 300.782904, 59.171725
27538.969, 300.477290, 58.897077
41213.247, 300.543523, 58.960588
4691.244, 300.485943, 58.906095
5647.592, 300.518635, 58.935930
3131.095, 300.605502, 59.015465
13765.538, 300.568692, 58.983123
4018.752, 300.738821, 59.136902
24178.277, 300.445772, 58.874372
17878.024, 300.726814, 59.129805
33031.904, 300.698544, 59.107558
57483.374, 300.737161, 59.144386
14147.674, 300.388427, 58.824206
4717.400, 300.395524, 58.830254
30410.898, 300.685654, 59.096680
2331.892, 300.524172, 58.947999
52065.449, 300.577880, 59.000994
21700.988, 300.717815, 59.125857
3556.941, 300.549239, 58.971909
28127.869, 300.627827, 59.048410
11841.319, 300.471289, 58.903350
3185.633, 300.436834, 58.872775
30144.553, 300.642259, 59.063917
15083.827, 300.375521, 58.820365
2383.244, 300.428399, 58.868092
32119.746, 300.676103, 59.098189
5072.005, 300.723938, 59.138496
18471.331, 300.393022, 58.840868
82914.639, 300.596351, 59.031426
2018.049, 300.651920, 59.074592
13515.394, 300.591192, 59.023108
33407.568, 300.727485, 59.148942
30097.666, 300.740249, 59.157713
29177.194, 300.439191, 58.887048
29645.562, 300.627690, 59.058186
4007.918, 300.435209, 58.880814
7074.315, 300.468147, 58.911046
2004.367, 300.480677, 58.922141
2012.522, 300.459051, 58.903729
81624.505, 300.563383, 59.003301
45282.813, 300.395915, 58.850292
15960.177, 300.615484, 59.050881
6791.628, 300.708504, 59.134089
7111.001, 300.421204, 58.873526
1977.360, 300.427576, 58.880175
3562.823, 300.380961, 58.839099
14129.431, 300.447456, 58.901414
2362.891, 300.687332, 59.118442
8646.467, 300.363644, 58.824820
5580.224, 300.405202, 58.862485
2030.733, 300.635675, 59.072352
26390.675, 300.424567, 58.885270
54252.753, 300.524540, 58.975730
27926.532, 300.652380, 59.091032
36852.331, 300.477959, 58.934855
3219.162, 300.431157, 58.889986
13519.841, 300.713347, 59.146953
6684.690, 300.392195, 58.857315
4709.261, 300.673430, 59.112845
5544.880, 300.402105, 58.866789
23618.065, 300.491681, 58.950586
4376.973, 300.356214, 58.825659
32759.344, 300.341707, 58.818124
4828.115, 300.448728, 58.910859
5108.894, 300.466922, 58.927686
4375.196, 300.384498, 58.853030
5480.597, 300.502193, 58.960121
4034.972, 300.562456, 59.015733
15185.627, 300.732047, 59.169725
2793.513, 300.375277, 58.844884
106415.515, 300.417487, 58.889185
23766.241, 300.452790, 58.918643
25717.346, 300.673022, 59.119262
3218.385, 300.359587, 58.831408
5971.679, 300.441175, 58.906811
4453.916, 300.616156, 59.065906
6241.980, 300.448075, 58.914811
45421.365, 300.709929, 59.155458
34533.407, 300.516754, 58.980320
18947.533, 300.393319, 58.868252
20438.499, 300.482709, 58.949154
4421.890, 300.570987, 59.027338
48582.987, 300.357264, 58.836151
16178.085, 300.376500, 58.854188
6767.181, 300.553117, 59.014236
9419.889, 300.548258, 59.011234
4414.998, 300.607748, 59.065397
38852.210, 300.398822, 58.877581
27097.115, 300.458221, 58.931658
2395.372, 300.623412, 59.082255
15559.993, 300.663479, 59.120648
16390.840, 300.683716, 59.139350
282788.250, 300.432727, 58.921599
6697.479, 300.389241, 58.873027
34676.299, 300.461197, 58.941368
55588.884, 300.641543, 59.105742
11915.392, 300.673646, 59.133281
15510.101, 300.371429, 58.861081
7934.454, 300.426143, 58.909340
3599.694, 300.448415, 58.929011
5171.194, 300.499429, 58.976100
5203.295, 300.398816, 58.885299
6328.366, 300.454679, 58.935812
7572.786, 300.501636, 58.979237
27110.850, 300.697623, 59.158762
8752.950, 300.618545, 59.087057
24832.299, 300.716100, 59.177018
9091.522, 300.653576, 59.119268
34204.083, 300.474388, 58.960376
3155.634, 300.595414, 59.068458
36895.677, 300.326383, 58.826083
23261.412, 300.360442, 58.857540
3575.790, 300.548269, 59.026523
1980.389, 300.660102, 59.127764
2720.808, 300.388965, 58.882840
4711.420, 300.332292, 58.832194
8287.675, 300.337390, 58.837620
4741.693, 300.452891, 58.942484
7842.128, 300.579096, 59.058034
3908.508, 300.393420, 58.888616
2356.364, 300.400156, 58.894368
18337.902, 300.571013, 59.053335
2761.430, 300.372669, 58.870425
15381.387, 300.405266, 58.903065
2377.205, 300.643732, 59.118887
15894.274, 300.400152, 58.899447
3570.614, 300.477207, 58.969193
43531.145, 300.329862, 58.839070
2014.124, 300.374710, 58.876888
13745.200, 300.319126, 58.829644
14868.078, 300.491411, 58.986565
25526.281, 300.348463, 58.858867
133156.191, 300.629286, 59.119395
14181.562, 300.334174, 58.843784
2402.571, 300.366331, 58.871807
3153.806, 300.378464, 58.883456
102307.641, 300.385262, 58.896909
3612.082, 300.512329, 59.005635
58621.813, 300.524789, 59.021836
38763.773, 300.677798, 59.158283
38185.610, 300.351522, 58.865820
9090.783, 300.434815, 58.939857
7550.238, 300.697079, 59.176453
1968.577, 300.381310, 58.889555
66527.602, 300.398780, 58.912310
5658.754, 300.456911, 58.959168
6684.085, 300.470334, 58.972150
82132.005, 300.510585, 59.013894
16135.824, 300.367799, 58.881655
41156.093, 300.505080, 59.008160
28044.881, 300.668089, 59.155359
31197.125, 300.484465, 58.989606
21612.369, 300.604287, 59.098703
5162.834, 300.364007, 58.878962
4722.640, 300.436627, 58.945590
24533.891, 300.329456, 58.850274
63604.616, 300.540985, 59.045163
2768.956, 300.469643, 58.976695
8309.978, 300.475203, 58.983420
5948.336, 300.308609, 58.832645
71995.700, 300.346187, 58.874146
13514.851, 300.554027, 59.057725
2840.690, 300.338400, 58.861471
7945.886, 300.572116, 59.076501
3147.158, 300.372890, 58.895628
2749.970, 300.577953, 59.082202
8030.094, 300.693760, 59.187484
24271.549, 300.301559, 58.833288
26358.190, 300.660808, 59.159805
10779.244, 300.359310, 58.885780
13056.284, 300.374060, 58.899716
3191.897, 300.410304, 58.930756
2379.684, 300.394788, 58.917391
26332.070, 300.414857, 58.939448
6313.264, 300.336215, 58.866839
2408.300, 300.480255, 58.996907
3569.854, 300.531810, 59.043884
7067.271, 300.348895, 58.878049
26698.723, 300.670016, 59.171503
31958.217, 300.306628, 58.842366
13376.680, 300.329441, 58.864290
5601.937, 300.363552, 58.892963
13809.817, 300.403393, 58.930966
3154.189, 300.665743, 59.167713
29814.297, 300.503424, 59.025330
39484.082, 300.580715, 59.096770
23968.522, 300.588021, 59.102317
2803.266, 300.578213, 59.091954
3138.079, 300.369510, 58.902377
26995.421, 300.413335, 58.945550
22327.452, 300.348663, 58.889192
3232.861, 300.521454, 59.042821
60329.203, 300.358067, 58.898644
9107.495, 300.618755, 59.132556
9182.420, 300.457910, 58.987522
18136.251, 300.383535, 58.920748
3558.518, 300.604319, 59.120406
7642.937, 300.607289, 59.124037
16258.912, 300.289682, 58.836354
4006.243, 300.403189, 58.938200
15665.043, 300.679694, 59.191083
8047.358, 300.471988, 59.002542
4342.483, 300.599168, 59.117906
557664.872, 300.309874, 58.875603
11207.551, 300.635773, 59.153190
28948.699, 300.623880, 59.144001
10186.986, 300.331841, 58.877126
18943.357, 300.387877, 58.934637
22229.645, 300.574735, 59.102357
20179.588, 300.641697, 59.164523
2809.409, 300.430111, 58.970675
14852.291, 300.501311, 59.036986
3920.390, 300.464456, 59.002627
13806.770, 300.313269, 58.866197
2016.139, 300.412123, 58.955350
16368.916, 300.437352, 58.980966
4747.424, 300.291892, 58.846579
4766.736, 300.449877, 58.991948
2820.005, 300.507734, 59.044843
13095.482, 300.528600, 59.066304
3652.829, 300.563183, 59.097484
22621.941, 300.565892, 59.102485
5967.550, 300.281468, 58.841386
3989.422, 300.305051, 58.862689
23681.246, 300.441840, 58.990033
41419.249, 300.611906, 59.145754
6812.991, 300.289900, 58.851127
29761.446, 300.541200, 59.084189
8245.916, 300.367232, 58.924505
46069.831, 300.294915, 58.861560
12642.832, 300.499193, 59.046153
13550.971, 300.666134, 59.196345
4025.822, 300.377798, 58.933997
45094.651, 300.429751, 58.984274
12861.571, 300.599775, 59.136793
3969.848, 300.672783, 59.201589
2509.883, 300.527138, 59.070245
3515.337, 300.583941, 59.122289
6365.104, 300.289407, 58.855323
7104.618, 300.434815, 58.988171
12996.642, 300.464546, 59.016778
6686.205, 300.371284, 58.932931
92876.523, 300.367519, 58.937686
20092.141, 300.324568, 58.891768
4868.015, 300.582475, 59.125082
9855.205, 300.342651, 58.908307
8646.121, 300.318845, 58.887582
14669.464, 300.509343, 59.061601
19551.328, 300.532612, 59.083728
21372.024, 300.614298, 59.157482
59178.736, 300.661238, 59.202540
44829.273, 300.385651, 58.953107
19229.804, 300.411702, 58.973794
11162.128, 300.554153, 59.103215
43568.043, 300.558373, 59.109253
5596.338, 300.435244, 58.995580
19091.374, 300.327489, 58.899253
80308.358, 300.537374, 59.094385
5170.079, 300.601689, 59.148990
17933.935, 300.448716, 59.012470
1942.805, 300.517206, 59.073306
3189.364, 300.523957, 59.079697
6905.036, 300.532576, 59.088770
18959.700, 300.396802, 58.968317
11482.880, 300.358580, 58.932398
2357.238, 300.578831, 59.131876
2409.927, 300.590397, 59.142371
4326.724, 300.278154, 58.858429
12219.738, 300.367349, 58.942710
19907.778, 300.452038, 59.020604
107660.665, 300.256153, 58.852611
16270.064, 300.412761, 58.985725
19308.013, 300.475945, 59.043230
38226.649, 300.635043, 59.188246
28114.977, 300.648968, 59.200185
29150.276, 300.609454, 59.165979
4309.620, 300.268939, 58.853109
5903.421, 300.280167, 58.865352
82320.344, 300.323483, 58.909422
83980.698, 300.435997, 59.013793
26398.538, 300.282881, 58.870286
12618.805, 300.369635, 58.949315
1979.056, 300.505413, 59.071009
26925.827, 300.477194, 59.049884
2371.928, 300.270183, 58.857570
2006.204, 300.571617, 59.132775
17743.547, 300.289757, 58.878059
2789.246, 300.285600, 58.873471
25083.083, 300.424653, 59.003217
1957.418, 300.460654, 59.033317
7149.339, 300.493661, 59.064869
18236.388, 300.528094, 59.096617
14245.082, 300.311215, 58.899757
6311.077, 300.500299, 59.070641
23627.970, 300.544754, 59.113722
2777.055, 300.468379, 59.042310
2709.746, 300.250172, 58.844698
4729.123, 300.368812, 58.953295
10608.674, 300.384808, 58.968717
6316.378, 300.599578, 59.164551
44031.420, 300.311099, 58.908097
99774.990, 300.530581, 59.107624
25042.648, 300.610002, 59.176583
6012.778, 300.480269, 59.058229
3983.182, 300.492222, 59.068923
3575.364, 300.615723, 59.180228
12630.839, 300.284138, 58.881002
2386.898, 300.266947, 58.864064
15882.918, 300.468264, 59.049996
25386.082, 300.592066, 59.162734
32422.622, 300.633382, 59.201521
3522.728, 300.551939, 59.126073
10128.818, 300.577711, 59.150612
3926.623, 300.305625, 58.902767
6700.847, 300.328744, 58.925853
8245.512, 300.306103, 58.905671
22991.972, 300.404903, 58.997762
5111.749, 300.417906, 59.007172
14485.435, 300.435388, 59.023694
8873.419, 300.598084, 59.171752
12575.475, 300.621315, 59.192562
3913.434, 300.338818, 58.937501
20560.903, 300.289801, 58.894300
7849.431, 300.410711, 59.003594
8305.113, 300.540331, 59.121381
24908.340, 300.553352, 59.135628
4727.462, 300.253506, 58.860816
13496.237, 300.280113, 58.886149
3225.052, 300.472747, 59.062349
5092.472, 300.423965, 59.018053
6826.745, 300.428239, 59.023748
7180.937, 300.257454, 58.867688
66028.282, 300.297639, 58.910509
2807.517, 300.327465, 58.931223
9122.275, 300.419016, 59.016317
74980.435, 300.612228, 59.196105
49257.537, 300.245092, 58.860195
2424.529, 300.317924, 58.923404
13977.363, 300.339647, 58.944799
28790.421, 300.505708, 59.098501
37178.633, 300.575094, 59.162430
2404.740, 300.239398, 58.853396
3888.585, 300.320388, 58.929215
7576.165, 300.401749, 59.003170
5461.039, 300.526242, 59.116689
2399.866, 300.427322, 59.026679
11807.788, 300.257097, 58.872974
10382.257, 300.554017, 59.144884
32507.070, 300.591671, 59.180929
14201.953, 300.584009, 59.174093
3572.466, 300.390224, 58.995846
15220.334, 300.436714, 59.040674
2761.371, 300.259321, 58.877278
7477.319, 300.269682, 58.888714
22009.039, 300.400592, 59.010507
9157.404, 300.442193, 59.046713
44136.963, 300.573670, 59.168189
4371.391, 300.233463, 58.855292
2328.977, 300.408389, 59.015717
1993.211, 300.520082, 59.117090
16345.481, 300.527367, 59.125867
26303.668, 300.339303, 58.955736
23616.824, 300.536094, 59.135491
10223.845, 300.241559, 58.865343
32835.900, 300.493658, 59.099687
65831.055, 300.480247, 59.090304
11025.359, 300.594462, 59.188956
31313.454, 300.249502, 58.879402
2824.750, 300.272756, 58.895964
26404.424, 300.417930, 59.032250
4015.884, 300.302523, 58.925103
22669.527, 300.317677, 58.940722
13339.189, 300.349905, 58.971420
3595.999, 300.374947, 58.992016
31854.980, 300.445199, 59.058854
2001.396, 300.235583, 58.864407
13304.064, 300.238361, 58.871142
1991.343, 300.290915, 58.915889
124875.611, 300.356023, 58.981370
4063.308, 300.401398, 59.017987
11055.032, 300.404873, 59.021710
5889.790, 300.440500, 59.054530
72372.154, 300.333655, 58.962627
7121.519, 300.507897, 59.115939
49350.559, 300.269813, 58.903662
7484.932, 300.376531, 58.998247
4755.861, 300.427579, 59.045528
2811.697, 300.291037, 58.921550
7496.266, 300.365455, 58.990566
217981.538, 300.478870, 59.100236
2366.797, 300.493309, 59.105365
2395.983, 300.261572, 58.894497
2328.056, 300.534088, 59.145194
5084.707, 300.214574, 58.854504
5178.506, 300.293897, 58.927128
2693.411, 300.321377, 58.951688
44951.074, 300.321434, 58.956366
15866.444, 300.280323, 58.917889
9086.676, 300.295655, 58.931070
60745.414, 300.602926, 59.218125
9083.715, 300.227466, 58.869623
18911.909, 300.386744, 59.018229
6659.113, 300.432857, 59.058275
34842.968, 300.353551, 58.989125
1958.380, 300.442670, 59.066980
6742.040, 300.414026, 59.043776
2003.627, 300.271856, 58.912932
20846.230, 300.311843, 58.952951
2390.833, 300.449051, 59.075246
4277.928, 300.523264, 59.143251
56383.966, 300.569741, 59.190601
2366.479, 300.324371, 58.962125
3188.939, 300.585980, 59.200934
32210.911, 300.259891, 58.909552
9522.940, 300.231177, 58.880194
2805.094, 300.289080, 58.931718
169126.010, 300.324813, 58.971996
29464.442, 300.338444, 58.979320
4389.081, 300.280939, 58.926383
9055.065, 300.316804, 58.960241
5902.439, 300.358221, 58.997309
22473.398, 300.418132, 59.053779
5222.650, 300.206815, 58.859639
5232.554, 300.244500, 58.894869
3915.181, 300.333035, 58.976680
1982.995, 300.364577, 59.005478
23045.212, 300.590906, 59.213267
35239.925, 300.210557, 58.867297
3231.963, 300.423732, 59.060100
8317.496, 300.602137, 59.222937
15769.014, 300.202818, 58.865163
1980.818, 300.307001, 58.957631
38667.534, 300.339521, 58.991386
34337.217, 300.392869, 59.039199
4726.556, 300.554575, 59.183905
4359.612, 300.244597, 58.903340
3627.573, 300.287104, 58.942485
34318.235, 300.374422, 59.026467
12253.993, 300.225545, 58.887528
124195.164, 300.290596, 58.951503
8304.731, 300.432978, 59.078248
8383.129, 300.464667, 59.107056
75054.306, 300.485201, 59.130892
43865.070, 300.591285, 59.223585
17842.071, 300.275611, 58.937133
20659.358, 300.451919, 59.098433
14706.078, 300.527099, 59.166387
11410.536, 300.209046, 58.875849
7845.151, 300.330822, 58.987067
20275.743, 300.225207, 58.892221
6240.800, 300.306640, 58.966903
10814.054, 300.366790, 59.022165
12815.364, 300.377927, 59.032459
3968.180, 300.195951, 58.864306
2811.143, 300.263683, 58.927157
1971.997, 300.219627, 58.887577
4011.395, 300.561075, 59.199290
