# Source Fluxes and Coordinates
# Flux (e-/s), RA (deg), Dec (deg)
783576.164, 301.098726, 58.834909
79554.476, 301.198209, 58.922450
64468.967, 300.991031, 58.738043
4562.028, 300.953090, 58.702591
8672.216, 300.957479, 58.706582
11823.662, 301.191688, 58.918351
3173.679, 301.153321, 58.884350
53989.686, 300.944458, 58.700177
26548.298, 301.234637, 58.961183
30371.451, 301.038322, 58.785193
14830.126, 301.142259, 58.883964
4416.245, 301.165039, 58.903155
7673.417, 301.115356, 58.859637
29656.027, 301.054833, 58.807996
8566.973, 301.109606, 58.855650
5428.693, 301.016105, 58.771495
12657.165, 301.032262, 58.788302
17530.240, 301.117529, 58.866080
65542.124, 301.056085, 58.817284
4081.453, 301.088111, 58.843792
21425.332, 301.178027, 58.926988
16620.604, 300.993955, 58.763035
4440.121, 301.001583, 58.769791
3591.042, 300.941909, 58.716589
46504.460, 300.974028, 58.748809
5848.334, 301.005507, 58.774506
7654.419, 301.272353, 59.014832
67844.850, 301.293963, 59.039174
48409.633, 300.958070, 58.737624
5835.531, 301.084725, 58.849229
19041.704, 301.099905, 58.863735
12148.431, 301.031891, 58.802568
3173.453, 300.997746, 58.773259
17687.286, 301.009386, 58.785802
5857.245, 300.976138, 58.757625
18245.598, 301.062182, 58.836961
40675.972, 301.181607, 58.947886
4945.719, 300.938044, 58.725156
6870.168, 301.283583, 59.038604
28017.205, 301.011820, 58.798044
26800.511, 300.982427, 58.773044
11438.138, 301.111731, 58.888381
30553.229, 301.134949, 58.911554
100190.582, 301.202293, 58.976459
4096.473, 301.060601, 58.845815
51981.651, 300.929214, 58.730962
37586.111, 301.253414, 59.025570
56287.667, 301.167296, 58.949575
27190.902, 301.209444, 58.987045
10656.577, 301.289854, 59.057157
12909.267, 300.917570, 58.724332
17798.146, 301.002503, 58.801099
10774.656, 301.135906, 58.921293
3119.089, 301.057093, 58.849965
12043.191, 300.945281, 58.752168
14437.279, 300.981956, 58.786008
67060.359, 301.170736, 58.959031
23917.165, 301.065289, 58.865062
2242.102, 300.926969, 58.737784
2217.646, 301.118788, 58.911812
29511.942, 301.011341, 58.820157
56282.788, 301.153009, 58.947923
151005.447, 300.902294, 58.724415
9899.468, 300.942137, 58.759545
22910.711, 301.107911, 58.910648
23961.137, 301.088618, 58.894775
40772.933, 301.122346, 58.925398
9214.282, 301.252982, 59.040679
7625.868, 300.920301, 58.742121
15226.795, 300.903802, 58.730526
3724.811, 301.245669, 59.036630
3163.145, 300.897202, 58.728643
4898.945, 300.958041, 58.784917
13927.841, 300.986435, 58.812119
54407.142, 301.109912, 58.927021
30003.131, 300.888064, 58.726026
33735.708, 301.045548, 58.873063
123723.175, 301.068318, 58.896860
54141.113, 300.877241, 58.724423
16183.950, 300.940008, 58.780042
49760.373, 300.904902, 58.751781
77336.062, 300.896393, 58.745870
60026.130, 300.942907, 58.787948
55220.011, 301.105049, 58.934064
24298.306, 301.112680, 58.940739
7215.689, 300.973372, 58.814774
30635.538, 300.996369, 58.839999
19126.205, 301.202825, 59.023757
3169.046, 300.993191, 58.834765
68339.235, 301.167106, 58.994512
6350.734, 301.160345, 58.986691
20519.353, 300.882744, 58.740362
32996.292, 301.075847, 58.917449
61746.513, 301.015713, 58.865042
8021.231, 300.869596, 58.733081
4509.331, 301.107403, 58.947991
163673.057, 301.137707, 58.982182
13381.654, 300.878389, 58.743301
66303.665, 300.886856, 58.754735
11210.866, 300.961952, 58.820070
356941.647, 300.859542, 58.741176
19226.647, 301.240406, 59.073012
50110.863, 300.970105, 58.834733
2688.958, 300.920486, 58.785323
145557.763, 301.025719, 58.890262
6677.726, 300.872884, 58.747412
7199.531, 300.901214, 58.772578
8988.079, 301.067075, 58.923532
8594.492, 301.188502, 59.032431
68114.120, 301.001271, 58.871638
2678.702, 301.089198, 58.945837
30274.940, 300.955255, 58.828277
8074.944, 300.899074, 58.776076
4486.839, 300.881329, 58.760457
17127.164, 300.949084, 58.823727
2689.241, 300.985762, 58.855519
15538.287, 300.997106, 58.867099
8512.984, 301.061493, 58.925741
26274.076, 301.140995, 58.998439
6365.054, 301.221817, 59.069732
16706.609, 300.960706, 58.839833
8528.094, 300.953227, 58.837459
6318.041, 300.840704, 58.735360
7601.411, 301.213172, 59.072783
30292.196, 301.033997, 58.916463
2726.797, 301.112841, 58.984170
60801.760, 301.202351, 59.068613
123854.096, 300.862381, 58.766339
24388.243, 301.066455, 58.947621
7146.657, 300.831701, 58.734265
16208.051, 301.106826, 58.984297
150711.968, 301.022794, 58.914329
9831.612, 300.839505, 58.743351
3077.171, 300.924793, 58.820329
15070.073, 300.952620, 58.849867
8542.032, 300.853445, 58.759465
30477.266, 301.111841, 58.995164
4505.523, 300.904204, 58.806068
3154.177, 300.919093, 58.819004
3555.134, 300.846922, 58.756108
13836.127, 300.821834, 58.735610
78414.148, 300.983327, 58.889035
45467.065, 301.047103, 58.943378
117671.983, 301.131922, 59.022076
5818.141, 300.837022, 58.752964
3573.381, 300.875531, 58.788881
67800.971, 300.916587, 58.830544
4448.320, 300.978322, 58.882701
58151.531, 301.120147, 59.013087
6322.952, 300.937375, 58.846881
17162.154, 300.817548, 58.740409
5318.935, 300.944241, 58.854874
13057.323, 300.988934, 58.895717
7633.272, 300.921191, 58.837331
9397.715, 300.962506, 58.872459
3613.927, 300.818658, 58.744352
5784.955, 300.851561, 58.776618
103950.697, 300.935111, 58.858916
4977.285, 301.147711, 59.045325
6273.219, 300.861166, 58.789100
12012.091, 300.905596, 58.829434
22216.192, 301.141868, 59.043435
8925.790, 300.819114, 58.751662
52009.662, 301.193725, 59.092393
554373.400, 300.819659, 58.765435
30765.072, 301.100533, 59.008583
13165.441, 300.975514, 58.896807
21239.281, 301.075178, 58.986555
111328.704, 300.837548, 58.778745
10461.767, 301.174092, 59.076428
10735.967, 300.834264, 58.771840
8113.201, 301.063192, 58.978326
6706.811, 300.983848, 58.908101
4085.457, 301.067482, 58.982366
19335.047, 300.902161, 58.835917
3556.843, 300.807435, 58.749437
2237.648, 300.911635, 58.843781
3123.845, 300.814188, 58.755986
27860.219, 301.138539, 59.054016
4940.413, 300.886786, 58.828350
4912.562, 300.797669, 58.749698
6279.692, 300.991156, 58.925853
22605.602, 301.014974, 58.948494
33723.618, 300.923372, 58.867554
28503.515, 300.968356, 58.908284
7567.608, 300.824833, 58.776484
42164.723, 300.883416, 58.832678
51972.777, 301.058381, 58.992834
8039.988, 300.835506, 58.789073
13959.292, 301.041096, 58.975781
41065.675, 301.160226, 59.087491
65638.038, 300.819244, 58.782489
4938.354, 300.838948, 58.795708
62537.347, 300.784899, 58.752817
4840.583, 300.882985, 58.841076
32650.150, 300.874181, 58.836571
2280.309, 300.938778, 58.892000
2319.643, 301.049016, 58.991766
9436.093, 300.794296, 58.762426
7559.477, 300.958558, 58.911334
35482.317, 300.980513, 58.934180
32569.763, 301.144770, 59.081806
63749.162, 300.824727, 58.797797
7563.644, 300.920183, 58.878794
36336.154, 301.130869, 59.070334
5410.790, 300.795697, 58.766107
23341.611, 300.803624, 58.774768
81470.679, 301.022726, 58.976015
27773.691, 301.090260, 59.035153
12523.202, 300.837852, 58.807371
3566.475, 300.897017, 58.861462
19535.464, 301.012151, 58.965849
19204.428, 300.804545, 58.779838
18792.867, 300.939143, 58.900685
6741.562, 301.002426, 58.959419
31679.022, 301.077386, 59.029057
3104.216, 300.848738, 58.820573
21648.855, 301.110529, 59.058733
51680.628, 300.806059, 58.792338
26845.445, 300.974487, 58.940240
60992.280, 300.846872, 58.827385
7626.067, 300.887052, 58.861093
13100.288, 300.962129, 58.930256
17383.485, 300.776687, 58.764421
9377.543, 300.916593, 58.890857
8541.741, 300.780380, 58.768127
3511.463, 300.789964, 58.775574
86179.400, 301.020167, 58.991743
3153.691, 300.782259, 58.770842
21130.535, 300.927374, 58.906250
6715.701, 300.869599, 58.853924
8959.734, 300.947017, 58.923884
83757.593, 300.961505, 58.941343
24571.186, 301.002523, 58.975449
35630.397, 300.892802, 58.876448
29614.868, 300.821103, 58.818382
87294.595, 300.856834, 58.853257
9953.290, 300.978238, 58.958099
71941.053, 300.773422, 58.777108
5378.645, 300.882273, 58.872802
25780.343, 301.093304, 59.065071
27189.388, 301.144012, 59.110441
8999.351, 300.943587, 58.929925
13073.665, 300.883430, 58.877618
25670.671, 300.901707, 58.895595
203066.473, 301.017159, 59.006761
44487.915, 301.112390, 59.086980
106346.555, 300.741481, 58.760735
29645.463, 300.889234, 58.886689
4942.567, 300.921826, 58.912808
3563.797, 300.764543, 58.772887
27993.354, 301.091364, 59.071138
3593.248, 301.025190, 59.010414
23601.734, 300.785804, 58.796441
3988.508, 300.758717, 58.770519
5809.140, 300.769575, 58.784691
7641.654, 300.928868, 58.929916
47790.064, 301.021517, 59.016761
39631.419, 300.804189, 58.822279
8921.212, 300.928874, 58.933768
13189.484, 301.030791, 59.025393
48822.714, 301.131588, 59.119106
93127.912, 300.764455, 58.792629
7203.752, 300.792537, 58.811148
27618.868, 300.961081, 58.965610
13871.847, 300.755434, 58.779260
10318.893, 300.873792, 58.887346
66417.710, 300.743951, 58.775983
2235.527, 300.771183, 58.794013
4048.789, 300.757747, 58.783291
38687.538, 301.092586, 59.089030
20703.245, 300.777051, 58.806099
59695.568, 300.811262, 58.837981
268223.175, 300.899595, 58.922668
16762.540, 300.844881, 58.867513
4465.227, 300.862592, 58.883811
41975.154, 300.751520, 58.787318
8924.361, 300.769127, 58.800853
59322.798, 300.774499, 58.811203
10752.194, 300.887938, 58.908926
22436.210, 300.731819, 58.769643
7109.130, 300.735306, 58.772023
5410.002, 300.872111, 58.894646
7722.480, 301.077306, 59.081238
37962.219, 300.958647, 58.979269
24091.342, 300.832283, 58.864914
96859.305, 300.716377, 58.766329
53513.414, 300.832255, 58.874159
39526.259, 300.743690, 58.793764
11745.510, 301.032788, 59.053147
46040.018, 301.042832, 59.065291
51957.447, 300.953889, 58.985717
9850.134, 300.798337, 58.844052
13475.543, 300.843639, 58.885390
17049.134, 300.834639, 58.881225
4963.960, 300.722061, 58.776764
15261.807, 300.857482, 58.903124
7143.960, 300.718723, 58.778775
65005.316, 301.017897, 59.053380
40063.386, 301.053134, 59.086104
5835.447, 300.740064, 58.801035
28231.862, 300.887109, 58.938816
9869.363, 300.804995, 58.862833
2270.079, 301.042125, 59.076721
7260.886, 300.775194, 58.839899
29869.450, 300.717225, 58.789752
8015.174, 300.758497, 58.826400
12249.179, 300.761576, 58.829955
59933.739, 300.830215, 58.895772
2620.255, 300.793157, 58.859292
51817.938, 300.926296, 58.984922
19514.051, 301.048037, 59.093660
35977.473, 300.948312, 59.004931
9431.662, 300.855905, 58.920234
5365.969, 300.766218, 58.839180
10285.955, 300.737797, 58.815101
78444.253, 300.845522, 58.918004
11250.204, 300.766845, 58.845903
2199.578, 300.751521, 58.831140
13109.746, 300.983752, 59.043199
42555.325, 301.009762, 59.069129
12140.668, 300.702743, 58.790887
36587.660, 301.075207, 59.128988
2273.282, 300.807296, 58.884959
6335.860, 300.970469, 59.033503
33446.062, 300.747396, 58.834096
2673.894, 300.884831, 58.956630
50564.290, 300.914126, 58.987265
2291.173, 300.718077, 58.806527
10733.557, 300.778170, 58.863348
4032.654, 300.738154, 58.827278
34202.070, 300.958563, 59.030429
4516.239, 300.687748, 58.782495
7139.765, 300.788592, 58.874666
9807.424, 300.680733, 58.779280
2226.186, 300.963306, 59.033831
17005.000, 300.688215, 58.787694
22514.494, 300.767670, 58.859461
9909.013, 300.775319, 58.866564
6711.303, 300.808690, 58.897355
76518.007, 300.719261, 58.822311
5788.050, 300.707510, 58.806569
3587.781, 300.791227, 58.882648
4038.053, 300.804374, 58.894766
5048.864, 301.035286, 59.103857
5478.043, 300.681318, 58.783971
6720.585, 300.785085, 58.879019
32296.976, 300.846115, 58.936660
82628.451, 300.866331, 58.960054
9048.377, 301.026312, 59.097871
5792.540, 300.752086, 58.851077
31030.568, 300.852703, 58.944553
299689.713, 300.955417, 59.045064
86058.890, 300.993559, 59.075385
11567.518, 300.760880, 58.863219
15317.335, 300.938819, 59.024316
6274.986, 300.752207, 58.856543
35561.940, 300.726004, 58.837219
3166.227, 300.801577, 58.901782
60162.105, 300.871815, 58.969868
38992.871, 300.708222, 58.821574
6881.048, 300.794041, 58.897319
14929.297, 300.940000, 59.031439
31701.105, 300.767202, 58.877463
2197.301, 300.690743, 58.805649
39862.455, 300.896783, 58.997219
65218.357, 300.775028, 58.889829
7726.594, 300.884167, 58.983922
19078.465, 300.891825, 58.992572
12985.016, 300.699531, 58.818163
178334.668, 300.650199, 58.786640
197210.214, 300.749559, 58.872182
20854.129, 300.884149, 58.988775
4536.710, 300.687796, 58.809615
81011.158, 300.675078, 58.804299
9414.082, 300.779842, 58.898613
4079.428, 300.845463, 58.957191
13628.805, 300.907453, 59.015222
4498.486, 300.685384, 58.812905
26215.913, 300.662048, 58.794355
2675.649, 300.723797, 58.849421
11824.408, 300.973180, 59.076846
13447.659, 300.736744, 58.864378
12582.256, 300.828503, 58.948150
6337.951, 300.938364, 59.046608
3628.542, 300.777582, 58.901581
20777.386, 300.862984, 58.981322
3596.888, 300.666991, 58.801720
10322.704, 300.683995, 58.818188
165211.941, 300.751602, 58.890706
35402.424, 300.880856, 59.002241
26808.784, 300.704723, 58.842195
40396.345, 300.964240, 59.078018
57698.744, 300.661968, 58.807241
2254.040, 300.677025, 58.815881
4983.647, 300.986561, 59.097359
45545.228, 300.644902, 58.793209
56002.461, 300.937038, 59.058088
22224.703, 301.019367, 59.130355
28520.388, 300.761433, 58.898831
185775.231, 300.813694, 58.954206
79237.187, 300.828498, 58.965074
11149.300, 300.792633, 58.928176
12380.699, 300.992178, 59.109207
91171.639, 301.034748, 59.151752
3546.954, 300.687840, 58.834301
28578.466, 300.885854, 59.017217
12451.432, 300.772095, 58.914230
8921.934, 300.704807, 58.852290
37537.385, 300.924826, 59.054698
109422.189, 300.674114, 58.831360
21009.373, 300.755054, 58.900369
19249.719, 300.736032, 58.887774
10032.330, 301.007398, 59.130669
11209.771, 300.636156, 58.795787
65227.102, 300.837664, 58.982691
52829.084, 300.922394, 59.061068
15457.272, 300.626626, 58.791690
4531.626, 300.754477, 58.908564
4026.197, 300.697807, 58.857335
4903.748, 300.727376, 58.884771
86726.805, 300.735098, 58.897996
2274.334, 300.787894, 58.939528
46068.395, 300.684479, 58.850848
91068.293, 300.725540, 58.892038
188324.375, 300.850051, 59.004849
102997.832, 300.635300, 58.812584
27574.532, 300.672491, 58.843019
13900.153, 300.720286, 58.887353
17542.522, 300.837706, 58.992687
2277.473, 300.650313, 58.821673
3567.663, 300.643238, 58.816832
6294.011, 300.775978, 58.939364
3157.533, 300.688401, 58.859928
21246.643, 300.789153, 58.952889
7181.879, 300.800012, 58.963584
19733.637, 300.649411, 58.829830
4069.109, 300.666555, 58.845348
4526.039, 300.670460, 58.848209
3521.823, 300.839811, 59.002833
4537.828, 300.954839, 59.109690
5393.407, 300.618248, 58.804887
5834.365, 300.640640, 58.825827
40262.920, 300.780379, 58.956974
2724.836, 300.670581, 58.854391
2742.397, 300.806754, 58.978215
4071.125, 300.688095, 58.871534
5845.743, 300.917290, 59.080897
16178.464, 300.823053, 58.999034
22291.230, 300.790776, 58.971491
100444.926, 300.997520, 59.165045
3628.374, 300.704199, 58.891210
32586.088, 300.716596, 58.906788
3154.624, 300.619684, 58.814584
16055.884, 300.726118, 58.913229
25231.294, 300.826316, 59.004852
2676.308, 300.692807, 58.882288
10414.570, 300.863139, 59.037799
14052.637, 300.942067, 59.109310
6301.381, 300.602984, 58.802037
2234.838, 300.732511, 58.920334
121938.632, 300.982317, 59.152382
2740.769, 300.650704, 58.846343
9774.722, 300.606378, 58.808276
20749.041, 300.682177, 58.878135
8115.455, 300.909077, 59.082603
5002.966, 300.632442, 58.832642
5375.792, 300.737501, 58.929922
85066.984, 300.801913, 58.993764
65887.854, 300.888460, 59.070504
3126.084, 300.626027, 58.829442
44637.487, 300.794896, 58.987072
24238.068, 300.596410, 58.805128
61653.455, 300.829405, 59.020622
44416.285, 300.642227, 58.850503
17877.866, 300.669247, 58.872656
2251.054, 300.676178, 58.879932
18295.344, 300.689833, 58.894536
18490.014, 300.774568, 58.973818
4996.481, 300.679343, 58.885413
44076.603, 300.730744, 58.934246
5416.542, 300.635293, 58.845189
3600.875, 300.724362, 58.926110
39916.387, 300.764216, 58.965591
21898.243, 300.616889, 58.833448
9829.814, 300.745891, 58.949414
41952.273, 300.666386, 58.880962
16620.913, 300.639171, 58.855495
3620.988, 300.685553, 58.897192
4506.605, 300.624229, 58.841986
9004.446, 300.647798, 58.864386
3156.316, 300.710591, 58.921295
30076.751, 300.791467, 58.999252
2714.179, 300.882891, 59.078450
21053.607, 300.601658, 58.825369
32001.148, 300.655722, 58.876197
11704.240, 300.846920, 59.047509
46260.872, 300.649239, 58.870644
12652.955, 300.853856, 59.055562
5393.208, 300.580285, 58.806473
16431.701, 300.609586, 58.835319
4037.078, 300.668415, 58.888907
54040.180, 300.880925, 59.084459
36427.758, 300.964734, 59.160153
76453.207, 300.676283, 58.902479
44772.485, 300.817560, 59.029423
13428.995, 300.721003, 58.941487
5805.814, 300.672480, 58.896334
33412.808, 300.738337, 58.958496
35501.395, 300.824316, 59.036679
2662.202, 300.586776, 58.818216
9865.201, 300.634468, 58.862531
7170.762, 300.715415, 58.936363
7246.378, 300.703682, 58.927470
4005.364, 300.604266, 58.836892
5383.432, 300.781754, 58.999669
4964.253, 300.793656, 59.009775
18887.552, 300.775868, 58.995920
5433.481, 300.921695, 59.125842
66251.581, 300.575613, 58.821660
18948.378, 300.894632, 59.105703
163982.643, 300.652591, 58.891336
44108.879, 300.682773, 58.918470
2268.952, 300.569384, 58.811214
11592.895, 300.708088, 58.941556
52731.178, 300.738230, 58.971298
79387.686, 300.618947, 58.865999
13850.170, 300.626862, 58.870375
23602.721, 300.595557, 58.842191
153780.281, 300.904910, 59.126595
51976.775, 300.948649, 59.164613
13839.252, 300.660384, 58.900743
452585.154, 300.629162, 58.886427
3603.426, 300.702543, 58.939351
2271.472, 300.590158, 58.837223
15172.155, 300.582992, 58.835363
7622.676, 300.598339, 58.845881
4912.432, 300.828146, 59.055226
7301.644, 300.850866, 59.076757
8203.143, 300.888384, 59.110539
17343.752, 300.693577, 58.937443
100252.276, 300.598475, 58.857364
10703.952, 300.704716, 58.948729
2681.053, 300.579073, 58.834140
12950.984, 300.648563, 58.897783
23571.790, 300.717152, 58.962874
5877.775, 300.793672, 59.030058
2190.683, 300.557073, 58.815470
4130.606, 300.927401, 59.151665
22460.214, 300.582510, 58.842127
3120.294, 300.573097, 58.831039
36172.031, 300.802008, 59.044636
4917.869, 300.578564, 58.838680
37363.265, 300.638594, 58.897297
4428.130, 300.679809, 58.931608
7635.140, 300.605601, 58.864561
11958.084, 300.559930, 58.825113
8059.936, 300.620625, 58.879239
2223.420, 300.849724, 59.088023
23748.681, 300.938959, 59.170665
3667.724, 300.573799, 58.838041
103406.158, 300.664993, 58.926421
73216.788, 300.848930, 59.092419
19215.980, 300.676575, 58.934583
4491.224, 300.581881, 58.846891
4010.639, 300.844790, 59.086783
2251.984, 300.552368, 58.821325
4495.624, 300.598061, 58.864084
10736.742, 300.799911, 59.049187
3590.618, 300.708053, 58.965454
21894.806, 300.586820, 58.859423
3636.624, 300.741833, 58.999757
15340.842, 300.801358, 59.054770
3187.607, 300.891747, 59.134967
6686.884, 300.558503, 58.832955
41130.406, 300.566306, 58.849195
18038.167, 300.841136, 59.097435
9388.099, 300.608134, 58.885673
3627.459, 300.640736, 58.914850
25251.569, 300.783749, 59.047344
17344.729, 300.810204, 59.071663
17625.564, 300.616745, 58.896985
35889.350, 300.621434, 58.901687
3614.128, 300.580472, 58.862891
16000.375, 300.594796, 58.876915
81693.763, 300.893389, 59.151550
5392.482, 300.687137, 58.963051
6312.588, 300.529842, 58.820107
2713.147, 300.696585, 58.971639
47281.161, 300.542420, 58.836257
11218.410, 300.587997, 58.874300
47064.145, 300.665592, 58.949807
4530.619, 300.708749, 58.983713
3673.726, 300.747055, 59.018604
3564.761, 300.605695, 58.891159
7642.283, 300.704287, 58.980978
49093.093, 300.790123, 59.063188
4008.628, 300.574164, 58.863436
6835.745, 300.871870, 59.134336
7681.426, 300.577893, 58.868407
12072.889, 300.660162, 58.944061
23252.180, 300.633542, 58.922401
25731.285, 300.740053, 59.018516
9875.430, 300.591365, 58.882135
8467.427, 300.619803, 58.909479
10291.668, 300.532084, 58.830563
8871.768, 300.688832, 58.974481
5348.631, 300.582285, 58.876643
116100.955, 300.579358, 58.880874
3675.097, 300.777815, 59.056081
10275.018, 300.548634, 58.848383
17873.876, 300.557298, 58.858828
8584.083, 300.674924, 58.964580
17615.538, 300.827649, 59.104174
14988.865, 300.812352, 59.090623
70463.488, 300.539327, 58.848210
49947.908, 300.855003, 59.132114
7172.059, 300.592612, 58.891566
14714.169, 300.519887, 58.826908
5385.208, 300.525153, 58.830132
4038.556, 300.623949, 58.920757
52751.476, 300.700750, 58.993392
34408.033, 300.656350, 58.954337
12167.865, 300.745547, 59.033784
38255.554, 300.777325, 59.064061
314867.044, 300.703406, 59.009741
13549.306, 300.873923, 59.152157
8459.801, 300.592555, 58.898186
3197.257, 300.627269, 58.928863
101970.668, 300.517022, 58.837336
20910.883, 300.612574, 58.918259
4485.258, 300.715752, 59.011166
22181.829, 300.897930, 59.178214
40731.228, 300.635513, 58.941855
2263.021, 300.725025, 59.019925
7645.746, 300.531970, 58.845452
12209.172, 300.742431, 59.038582
2701.844, 300.568304, 58.878713
4564.434, 300.559314, 58.872160
16075.545, 300.615893, 58.925922
5447.598, 300.527134, 58.844175
7162.798, 300.771677, 59.067446
5486.485, 300.882950, 59.167791
4982.943, 300.543218, 58.859814
15351.779, 300.685322, 58.991418
35264.269, 300.821478, 59.116394
14658.966, 300.543654, 58.863226
28941.682, 300.710969, 59.016861
8563.640, 300.718739, 59.022697
6236.897, 300.559410, 58.878715
3163.761, 300.582888, 58.899492
5381.922, 300.680684, 58.988611
74709.407, 300.559947, 58.885189
13005.852, 300.604977, 58.920634
6244.066, 300.503746, 58.828560
3593.201, 300.548885, 58.869993
5386.377, 300.633118, 58.946814
16499.860, 300.662013, 58.976694
30325.876, 300.502760, 58.836588
18266.073, 300.522927, 58.848312
8024.195, 300.610905, 58.929401
19219.207, 300.791760, 59.094065
39744.881, 300.583002, 58.906176
12498.909, 300.536084, 58.864449
9498.087, 300.571675, 58.896070
41148.228, 300.613322, 58.936267
2699.496, 300.669024, 58.983970
4122.128, 300.653406, 58.970450
21384.641, 300.828093, 59.131857
6744.965, 300.539271, 58.868139
75435.774, 300.624010, 58.952911
41395.841, 300.740136, 59.054699
3999.574, 300.620746, 58.943173
7956.779, 300.640608, 58.963607
8571.582, 300.660217, 58.981281
2252.200, 300.896244, 59.193933
3131.006, 300.515781, 58.850167
4896.114, 300.587769, 58.915188
46034.108, 300.718367, 59.039058
35397.232, 300.765755, 59.081457
41662.943, 300.813365, 59.125022
5395.734, 300.723950, 59.042287
2688.508, 300.684772, 59.007585
40137.262, 300.637824, 58.968167
6214.165, 300.552008, 58.889045
17638.976, 300.556655, 58.894961
62535.198, 300.865017, 59.178958
5878.002, 300.515087, 58.858771
2743.781, 300.527730, 58.870718
3575.862, 300.546092, 58.888394
2210.952, 300.563581, 58.904617
16503.249, 300.608404, 58.948686
3173.236, 300.653438, 58.987965
3618.798, 300.622044, 58.960523
7552.965, 300.532021, 58.879724
7617.718, 300.585134, 58.928340
2712.599, 300.870366, 59.186292
7533.424, 300.490843, 58.842501
11349.749, 300.810871, 59.134886
59558.633, 300.708541, 59.046990
17559.141, 300.501039, 58.854879
2708.412, 300.634076, 58.976059
40391.800, 300.639350, 58.984549
24036.332, 300.538927, 58.892464
11571.074, 300.508238, 58.865393
4060.547, 300.577694, 58.928166
3134.931, 300.530351, 58.885329
39647.864, 300.734040, 59.074343
34086.375, 300.655414, 59.003772
12959.796, 300.558256, 58.915726
5826.223, 300.603316, 58.955879
26290.054, 300.672302, 59.021772
3549.711, 300.509152, 58.870276
3170.975, 300.582019, 58.937994
2729.567, 300.511459, 58.875680
9006.162, 300.710443, 59.058839
96849.592, 300.767991, 59.115291
25623.824, 300.584655, 58.947963
29395.349, 300.688617, 59.042575
31787.438, 300.654843, 59.013067
17304.498, 300.664719, 59.020463
13015.742, 300.713545, 59.063510
34519.418, 300.528077, 58.897842
2668.286, 300.644463, 59.000729
3584.012, 300.535993, 58.902952
16009.595, 300.507026, 58.880318
26770.359, 300.835810, 59.180253
4986.888, 300.787510, 59.134395
3549.479, 300.470702, 58.846152
11196.684, 300.547461, 58.917116
6282.322, 300.566829, 58.935393
6743.060, 300.622961, 58.986965
130713.439, 300.481636, 58.868157
39495.886, 300.546406, 58.921440
2251.768, 300.500999, 58.877187
6223.067, 300.591943, 58.961462
40920.282, 300.517251, 58.895965
9100.041, 300.711584, 59.071178
49238.277, 300.734543, 59.095001
5450.842, 300.837147, 59.184677
51913.029, 300.776772, 59.133723
3218.225, 300.624463, 58.993664
26688.012, 300.818642, 59.171807
5871.602, 300.456586, 58.842026
5869.218, 300.473149, 58.857531
4498.593, 300.696539, 59.061185
48734.243, 300.750226, 59.113033
22380.137, 300.544907, 58.926862
9873.748, 300.593593, 58.969661
62179.153, 300.461267, 58.857235
22899.447, 300.470364, 58.860900
4104.264, 300.573199, 58.952639
38740.257, 300.606010, 58.985469
33532.417, 300.454013, 58.847028
87064.553, 300.631314, 59.013226
12876.413, 300.490473, 58.879664
36867.378, 300.563593, 58.949626
8972.283, 300.580164, 58.963484
21841.826, 300.583305, 58.969265
8057.878, 300.620714, 59.000641
4939.215, 300.774353, 59.139167
10058.677, 300.816961, 59.178640
2678.549, 300.456432, 58.850251
2697.397, 300.547207, 58.933045
66562.295, 300.487446, 58.885090
28754.705, 300.498235, 58.893091
5849.497, 300.736991, 59.108318
16811.760, 300.835732, 59.198579
23106.701, 300.711788, 59.090666
7686.029, 300.538710, 58.933062
12433.168, 300.521378, 58.917264
35857.073, 300.446296, 58.851658
2208.656, 300.502812, 58.900042
36710.773, 300.616625, 59.008364
4534.483, 300.662718, 59.047503
65391.145, 300.722587, 59.106835
33333.773, 300.812038, 59.185354
69127.878, 300.643198, 59.034946
18776.039, 300.567170, 58.963411
2272.888, 300.529380, 58.927807
4004.984, 300.584063, 58.978182
3097.845, 300.657738, 59.048472
370703.793, 300.580270, 58.990751
10261.542, 300.444437, 58.855570
178891.497, 300.455109, 58.875102
12113.300, 300.471623, 58.880369
31576.790, 300.493730, 58.904357
68462.730, 300.520669, 58.928500
4962.987, 300.567793, 58.969622
7600.050, 300.515209, 58.922171
3555.319, 300.502758, 58.911467
5414.234, 300.532735, 58.940258
9867.925, 300.552996, 58.959509
27001.752, 300.675527, 59.071976
9392.360, 300.576644, 58.980987
27832.883, 300.764178, 59.153260
42168.913, 300.642445, 59.044936
36474.891, 300.695208, 59.092220
16324.367, 300.793092, 59.181470
4918.376, 300.530920, 58.943495
25675.213, 300.649418, 59.052610
32765.044, 300.799606, 59.189298
2638.526, 300.476131, 58.892847
25172.307, 300.477890, 58.897410
2703.856, 300.470401, 58.889417
8946.551, 300.431769, 58.857368
12105.943, 300.517682, 58.936005
37182.222, 300.543917, 58.961503
5871.694, 300.738898, 59.137024
18661.428, 300.818176, 59.209834
9384.645, 300.460927, 58.884444
2213.543, 300.590195, 59.003417
20985.952, 300.435510, 58.863607
21946.260, 300.441113, 58.869463
7141.968, 300.521061, 58.941554
5386.016, 300.651054, 59.061443
63175.509, 300.694869, 59.107621
16989.972, 300.471302, 58.900171
69156.381, 300.681285, 59.097497
71167.470, 300.736708, 59.144536
4542.011, 300.802343, 59.200568
8964.897, 300.559944, 58.981332
58528.092, 300.578178, 59.001109
2702.033, 300.458278, 58.888728
2703.611, 300.509606, 58.937985
21183.903, 300.658972, 59.076782
17819.047, 300.482478, 58.917480
10307.628, 300.722335, 59.135597
9845.425, 300.425123, 58.863294
8490.632, 300.434293, 58.873842
3192.905, 300.486907, 58.922244
12936.183, 300.417549, 58.861689
2240.284, 300.518045, 58.951138
35755.413, 300.544753, 58.978909
5840.087, 300.646540, 59.070453
12145.006, 300.455410, 58.897363
5024.822, 300.475115, 58.915356
5883.061, 300.537685, 58.973898
81932.963, 300.596179, 59.031397
32630.390, 300.627544, 59.058040
14007.935, 300.457447, 58.901621
83121.991, 300.562790, 59.002603
2277.036, 300.488395, 58.929389
6731.054, 300.590482, 59.023422
22168.401, 300.727203, 59.149075
16039.720, 300.525855, 58.965739
3143.555, 300.532977, 58.970909
26988.325, 300.614987, 59.051631
15703.580, 300.435604, 58.887036
2651.799, 300.446815, 58.896721
2218.294, 300.483495, 58.930812
10668.314, 300.439474, 58.893919
3165.579, 300.509246, 58.956322
72026.553, 300.524494, 58.975785
45925.042, 300.479304, 58.934786
29961.554, 300.652343, 59.090992
20272.417, 300.713439, 59.146699
4060.769, 300.426081, 58.883279
7164.375, 300.445089, 58.906041
7299.526, 300.776406, 59.207706
103638.345, 300.418672, 58.889622
12309.225, 300.732083, 59.169306
13952.240, 300.491110, 58.950859
24711.583, 300.582488, 59.035683
5781.869, 300.652665, 59.097791
4069.657, 300.497562, 58.956714
9827.175, 300.499575, 58.959618
31730.943, 300.672491, 59.119265
4015.679, 300.410343, 58.877872
27160.691, 300.452560, 58.918616
7624.424, 300.615584, 59.066233
9356.917, 300.448024, 58.914231
11120.015, 300.458186, 58.923396
55636.546, 300.709952, 59.155464
39723.251, 300.516752, 58.980116
4025.531, 300.597758, 59.051225
7167.310, 300.412888, 58.883372
4043.316, 300.472428, 58.936852
6265.843, 300.541368, 59.001155
4461.606, 300.787133, 59.223634
18454.806, 300.482100, 58.948490
7639.265, 300.551273, 59.011444
22655.061, 300.433167, 58.905488
44288.331, 300.398719, 58.877773
2252.574, 300.424836, 58.898122
82079.731, 300.454974, 58.933547
17512.113, 300.665091, 59.120362
11283.543, 300.386024, 58.866903
13015.305, 300.543476, 59.009907
6221.990, 300.383688, 58.863340
24060.501, 300.683689, 59.139305
5791.738, 300.492769, 58.965001
14326.205, 300.415650, 58.895870
62545.660, 300.641700, 59.105682
307176.519, 300.432532, 58.921383
4541.177, 300.419704, 58.901046
31767.324, 300.697873, 59.158664
28692.590, 300.716328, 59.176860
6240.192, 300.375543, 58.864879
4039.938, 300.489576, 58.970313
3158.120, 300.616468, 59.086983
36589.270, 300.372746, 58.869261
41900.026, 300.474169, 58.960488
12104.895, 300.417001, 58.907485
8456.633, 300.401820, 58.894102
16484.964, 300.602123, 59.079741
27359.464, 300.449845, 58.945315
20218.340, 300.407964, 58.904004
8712.977, 300.619677, 59.096465
6224.483, 300.458360, 58.952414
5833.493, 300.466532, 58.959099
16157.366, 300.399460, 58.899308
13422.772, 300.474807, 58.969233
25156.080, 300.491446, 58.986792
40171.323, 300.678124, 59.158355
65301.421, 300.525000, 59.021782
3568.324, 300.439607, 58.940552
3537.004, 300.479671, 58.976695
107106.658, 300.627791, 59.119323
16634.902, 300.732199, 59.208152
92231.860, 300.511048, 59.013606
97211.353, 300.384721, 58.897390
5376.932, 300.410205, 58.916422
40571.737, 300.369610, 58.883126
95694.352, 300.396496, 58.912039
37413.705, 300.505819, 59.008552
22683.051, 300.756159, 59.236001
28591.129, 300.359490, 58.875876
6293.543, 300.478402, 58.982746
3663.611, 300.541224, 59.038854
8014.169, 300.469586, 58.974797
23209.397, 300.484451, 58.989641
8076.625, 300.354235, 58.870817
70627.637, 300.540567, 59.045119
2675.646, 300.356407, 58.873335
2721.497, 300.592755, 59.089758
6256.307, 300.372337, 58.891093
3138.397, 300.388380, 58.904670
3121.019, 300.448183, 58.960778
3116.397, 300.647260, 59.142264
9389.983, 300.425629, 58.942255
14668.825, 300.406656, 58.926500
25430.464, 300.358514, 58.885296
4483.699, 300.572193, 59.076369
5007.607, 300.693413, 59.187167
16792.220, 300.661400, 59.159785
67241.983, 300.345852, 58.874989
67169.797, 300.371945, 58.901142
3619.707, 300.553890, 59.061433
51826.487, 300.411255, 58.940488
26853.661, 300.669249, 59.171216
24201.260, 300.713121, 59.212090
6195.671, 300.441596, 58.964687
37333.287, 300.414561, 58.944889
3186.889, 300.379253, 58.907571
36131.626, 300.401170, 58.932127
3092.548, 300.456815, 58.980206
2212.910, 300.492181, 59.011077
55063.683, 300.580629, 59.096590
28994.908, 300.588093, 59.102148
6239.302, 300.483739, 59.005468
2280.421, 300.602394, 59.112840
28113.338, 300.503803, 59.026554
7219.789, 300.549684, 59.068562
7588.785, 300.354526, 58.890712
12095.729, 300.392442, 58.926420
75573.747, 300.357491, 58.898637
6725.908, 300.537466, 59.059699
3574.834, 300.372556, 58.909234
7578.096, 300.458485, 58.988171
13102.510, 300.680050, 59.190820
12714.156, 300.635867, 59.152921
18841.291, 300.347846, 58.890033
6771.867, 300.470874, 59.002405
2674.389, 300.491546, 59.020242
2718.098, 300.495358, 59.026845
3113.841, 300.371540, 58.913819
19818.295, 300.642501, 59.163994
4976.928, 300.465125, 59.000689
29109.842, 300.501656, 59.037183
25034.957, 300.435797, 58.979896
4472.452, 300.477007, 59.013709
10516.705, 300.574107, 59.101834
19062.748, 300.575654, 59.105286
3102.616, 300.327222, 58.878163
6290.196, 300.406750, 58.951401
4512.911, 300.460053, 58.999865
8532.098, 300.342892, 58.894073
6268.102, 300.366017, 58.916087
65136.547, 300.440154, 58.991390
20389.507, 300.598766, 59.130192
8189.398, 300.528236, 59.066088
81113.594, 300.324610, 58.883641
20248.167, 300.566776, 59.103079
52856.139, 300.612067, 59.145577
5924.645, 300.473979, 59.017760
10690.959, 300.393486, 58.947466
2676.890, 300.447530, 58.996632
12752.460, 300.665343, 59.196074
15187.740, 300.339029, 58.897387
46828.077, 300.430678, 58.984663
29213.685, 300.540573, 59.084080
13602.020, 300.600120, 59.136974
12224.856, 300.526277, 59.070613
27960.944, 300.488699, 59.037381
20178.006, 300.581906, 59.124034
2237.389, 300.450843, 59.002725
3981.759, 300.491592, 59.040799
8507.628, 300.418175, 58.974694
23949.118, 300.346605, 58.912003
7137.830, 300.405503, 58.963483
21921.243, 300.462380, 59.017768
12514.252, 300.381046, 58.941953
13585.883, 300.511245, 59.062009
85352.800, 300.365646, 58.936703
56641.741, 300.558533, 59.109106
71157.455, 300.661495, 59.202517
53167.029, 300.327720, 58.899987
20714.272, 300.532543, 59.083476
15922.265, 300.613745, 59.157402
8454.633, 300.336820, 58.903915
8013.200, 300.407742, 58.968401
4473.845, 300.374709, 58.938865
13061.401, 300.387012, 58.953048
11175.716, 300.391844, 58.958452
94605.000, 300.537331, 59.094800
21828.646, 300.531776, 59.089365
25987.916, 300.370285, 58.942874
6744.763, 300.425425, 58.991976
6784.441, 300.560559, 59.115447
5326.776, 300.342060, 58.916055
41148.222, 300.395337, 58.969199
12017.330, 300.467854, 59.035193
2713.357, 300.630429, 59.179540
4865.119, 300.409612, 58.979327
2230.926, 300.500364, 59.061484
9948.191, 300.635407, 59.185892
6264.270, 300.316647, 58.893871
24530.199, 300.356092, 58.934596
20269.254, 300.451923, 59.020166
24676.271, 300.476192, 59.042836
2737.935, 300.619158, 59.171009
242284.880, 300.315198, 58.909980
6762.804, 300.312531, 58.892619
28261.107, 300.609548, 59.166057
8958.405, 300.353916, 58.931388
107482.607, 300.434966, 59.014105
3151.491, 300.304496, 58.886841
6247.282, 300.385636, 58.961919
9411.256, 300.411906, 58.986331
50094.894, 300.521595, 59.090446
4430.295, 300.339449, 58.921267
21208.721, 300.478599, 59.050118
26882.327, 300.671306, 59.226662
23644.613, 300.527448, 59.096727
15999.889, 300.330379, 58.916704
4896.240, 300.417598, 58.994871
7577.003, 300.493408, 59.064593
2240.934, 300.635284, 59.193303
16966.952, 300.311261, 58.899276
3608.923, 300.542473, 59.109478
19427.624, 300.545101, 59.113737
3140.599, 300.299993, 58.887786
2686.485, 300.306083, 58.893416
11573.040, 300.410978, 58.990874
17596.457, 300.423683, 59.003152
106941.206, 300.531099, 59.107721
9014.476, 300.610083, 59.176272
2295.678, 300.501579, 59.077169
27747.502, 300.592697, 59.163082
34195.040, 300.633735, 59.201408
3139.601, 300.299391, 58.893208
17106.945, 300.468088, 59.049846
17125.990, 300.577731, 59.150507
6319.094, 300.387139, 58.975405
12248.722, 300.675942, 59.239462
39466.805, 300.690570, 59.254737
5363.256, 300.347589, 58.939892
5410.485, 300.401934, 58.989856
12721.376, 300.664983, 59.230527
15202.751, 300.360378, 58.954016
43045.888, 300.433584, 59.023579
17331.778, 300.333209, 58.932390
48245.377, 300.403729, 58.997895
4124.242, 300.598961, 59.171985
3608.421, 300.461009, 59.047116
10339.784, 300.654484, 59.223483
21618.535, 300.553221, 59.135275
26408.121, 300.289681, 58.894646
26817.052, 300.299602, 58.904108
20938.441, 300.346691, 58.947447
2701.865, 300.509744, 59.093694
12588.495, 300.421671, 59.017372
6778.797, 300.473419, 59.062580
37957.200, 300.677100, 59.249890
2688.000, 300.533335, 59.118058
6786.147, 300.322258, 58.924899
30070.707, 300.340150, 58.944821
2697.054, 300.451723, 59.043187
37822.247, 300.507259, 59.097829
8081.573, 300.374355, 58.974645
21167.195, 300.605892, 59.187267
2184.041, 300.335465, 58.937938
8962.285, 300.430096, 59.029136
6727.240, 300.456526, 59.051520
32434.618, 300.576406, 59.162423
63913.448, 300.612110, 59.196421
11246.312, 300.647045, 59.224985
10770.025, 300.526309, 59.116624
5377.843, 300.289884, 58.899470
7139.234, 300.351397, 58.956221
25425.000, 300.402406, 59.005793
8119.330, 300.665945, 59.243783
30373.359, 300.592860, 59.180813
2313.154, 300.641741, 59.222295
25959.515, 300.673950, 59.255418
9950.877, 300.391925, 58.996458
4905.893, 300.489803, 59.085570
4442.553, 300.278175, 58.893608
4568.037, 300.338990, 58.950314
335652.774, 300.330154, 58.967314
3141.822, 300.351808, 58.960948
9715.943, 300.460120, 59.062228
14078.667, 300.656103, 59.240747
9048.456, 300.281800, 58.898852
22380.557, 300.435873, 59.040277
2720.805, 300.441960, 59.045285
9568.730, 300.527667, 59.125740
24929.681, 300.573217, 59.168006
7092.932, 300.304709, 58.922085
7179.198, 300.377223, 58.988501
6705.530, 300.442349, 59.047986
23188.617, 300.535886, 59.135302
16994.131, 300.366998, 58.981160
3598.807, 300.403279, 59.013413
4002.421, 300.472044, 59.075693
67283.580, 300.481026, 59.090217
33180.118, 300.494507, 59.099482
11107.159, 300.309625, 58.930493
12544.228, 300.389854, 59.001783
8117.762, 300.273959, 58.896541
17871.388, 300.288731, 58.911028
44211.534, 300.416954, 59.032462
6646.381, 300.441185, 59.051283
154383.311, 300.267445, 58.903253
57592.537, 300.284147, 58.916536
34415.374, 300.445399, 59.059041
29823.807, 300.316986, 58.940414
63570.641, 300.648081, 59.245152
3148.683, 300.298378, 58.922335
155159.083, 300.356106, 58.982280
8969.778, 300.402872, 59.018683
2237.410, 300.282993, 58.909914
3610.120, 300.325365, 58.949654
14705.962, 300.317422, 58.946039
19591.236, 300.425645, 59.047943
201815.158, 300.478868, 59.100462
6185.511, 300.384745, 59.007640
9581.442, 300.401347, 59.024792
4022.017, 300.372275, 58.998457
50393.786, 300.402791, 59.031845
6302.507, 300.288625, 58.921918
9882.808, 300.448905, 59.070410
35192.707, 300.649036, 59.254295
24209.517, 300.290591, 58.926623
2229.506, 300.435291, 59.057269
18374.869, 300.300587, 58.938891
46333.408, 300.321476, 58.956632
2714.011, 300.374331, 59.002183
2241.383, 300.339934, 58.970843
4059.254, 300.392208, 59.019513
45878.244, 300.605084, 59.217315
3660.328, 300.314631, 58.949575
4559.745, 300.413529, 59.041224
8996.139, 300.522218, 59.141912
21259.998, 300.574250, 59.191741
8955.983, 300.369013, 59.003182
17721.045, 300.514235, 59.138667
35788.304, 300.303366, 58.948266
2705.154, 300.460281, 59.088394
38790.030, 300.567049, 59.189653
9347.029, 300.268033, 58.913658
37682.228, 300.338402, 58.979993
4935.780, 300.505756, 59.132054
29495.070, 300.624950, 59.242501
13881.602, 300.275429, 58.921727
2666.229, 300.259632, 58.907434
4484.351, 300.320646, 58.963971
3566.888, 300.499809, 59.128638
8043.419, 300.513038, 59.142072
15146.098, 300.590842, 59.213212
10679.964, 300.374033, 59.016062
17985.022, 300.381826, 59.025947
5412.381, 300.423108, 59.060365
4076.083, 300.314752, 58.960998
12271.137, 300.595737, 59.219048
13480.178, 300.266700, 58.919319
63332.332, 300.392848, 59.038546
6285.081, 300.300457, 58.951292
66397.794, 300.602804, 59.231681
25683.029, 300.614746, 59.240136
64767.556, 300.337903, 58.990702
7643.483, 300.283603, 58.937796
14281.265, 300.286479, 58.942549
51533.344, 300.591912, 59.223625
5365.531, 300.279710, 58.935478
7169.986, 300.331835, 58.984499
2308.218, 300.387713, 59.035217
7241.655, 300.464347, 59.107380
57999.564, 300.485828, 59.130468
83893.353, 300.292107, 58.952985
11865.232, 300.452343, 59.098809
2228.402, 300.262928, 58.924466
8106.015, 300.319286, 58.977149
2254.099, 300.350868, 59.005236
8131.427, 300.447448, 59.094682
7793.879, 300.526132, 59.166461
4912.610, 300.562014, 59.198676
13625.654, 300.627218, 59.258029
10740.250, 300.367438, 59.021860
3626.501, 300.371505, 59.025359
3195.913, 300.275803, 58.937797
2711.017, 300.378376, 59.032148
