# Source Fluxes and Coordinates
# Flux (e-/s), RA (deg), Dec (deg)
14836.989, 301.054791, 58.808031
19635.961, 301.090203, 58.839071
4859.604, 301.141522, 58.884366
6015.057, 300.930618, 58.696546
9339.600, 301.031068, 58.788199
2044.401, 301.095841, 58.845311
10944.157, 301.117423, 58.866177
3200.584, 300.990147, 58.750989
2843.353, 301.151442, 58.895940
7177.148, 300.963989, 58.729720
2017.530, 301.175603, 58.918097
2426.206, 300.956550, 58.722884
57501.507, 301.056179, 58.817843
2410.765, 301.188101, 58.930959
8216.311, 301.176582, 58.923314
28880.470, 301.177980, 58.926807
3613.438, 301.161582, 58.912382
2463.661, 301.081004, 58.841390
49281.514, 300.974232, 58.749116
14488.384, 301.086843, 58.849319
3227.208, 300.989631, 58.761255
40130.435, 300.958365, 58.737476
26425.796, 301.099928, 58.864005
6067.066, 301.271023, 59.014408
64481.825, 301.293820, 59.039229
11000.372, 301.008941, 58.785858
3285.618, 301.036295, 58.810334
10030.930, 301.062812, 58.836094
18395.854, 300.973893, 58.757397
38754.766, 301.181782, 58.948012
13717.864, 301.207799, 58.970395
20121.263, 301.001910, 58.787321
10705.728, 301.283102, 59.038479
3256.680, 300.898870, 58.693873
26618.046, 301.011579, 58.798660
15461.999, 301.112462, 58.888938
30095.151, 301.135117, 58.911632
3706.063, 301.233882, 58.997267
12982.601, 300.981798, 58.773180
105092.702, 301.201819, 58.976277
3597.081, 300.894441, 58.695238
46892.396, 300.928796, 58.730906
11981.695, 300.962055, 58.758610
2009.123, 301.124703, 58.905319
19214.301, 300.974965, 58.774081
3662.839, 301.038841, 58.829628
32416.140, 301.209781, 58.987153
54489.011, 301.167174, 58.949500
36761.902, 301.253115, 59.025411
10584.233, 301.056544, 58.849846
6415.178, 300.890441, 58.700135
39746.496, 300.944530, 58.752352
1980.118, 301.050161, 58.843747
51877.037, 301.065623, 58.863246
7353.751, 301.135323, 58.921557
6433.272, 300.982257, 58.786736
64079.182, 301.170638, 58.958952
12061.908, 301.120421, 58.911822
3144.660, 300.899188, 58.713411
73853.100, 301.259918, 59.041610
139252.991, 300.902120, 58.724317
4410.909, 300.990813, 58.797650
22679.681, 301.011193, 58.820430
12806.226, 300.890659, 58.709838
51212.887, 301.152660, 58.947872
27867.297, 300.874406, 58.697406
1984.896, 300.966341, 58.779702
24301.255, 301.108694, 58.910529
15285.135, 300.940591, 58.759627
7273.118, 301.064834, 58.871527
20315.820, 301.088864, 58.894884
10281.847, 301.246303, 59.036426
10112.956, 300.903102, 58.729993
8221.222, 301.273932, 59.062353
10089.717, 300.945568, 58.769641
2433.148, 300.864092, 58.696713
10548.142, 301.264700, 59.058191
105911.363, 300.868719, 58.711944
3224.356, 300.907046, 58.737825
3263.935, 300.972769, 58.796978
63493.883, 301.111056, 58.927067
17030.419, 300.985469, 58.811687
6468.826, 301.013411, 58.835500
36219.433, 301.092620, 58.910356
35338.103, 300.887617, 58.726274
3184.987, 301.066058, 58.883888
12438.433, 300.920973, 58.757006
8082.191, 300.986630, 58.816466
6419.211, 300.863046, 58.704826
31447.258, 301.045326, 58.872712
113348.466, 301.068350, 58.896662
57237.308, 300.876759, 58.723934
24611.168, 300.940332, 58.780461
2875.189, 301.222018, 59.030232
2793.623, 301.060289, 58.886522
81234.054, 300.896197, 58.745848
40979.668, 300.905239, 58.752271
57088.540, 300.943088, 58.787890
13405.255, 300.953730, 58.794415
5987.549, 300.962198, 58.800632
47837.147, 301.104980, 58.934200
8896.847, 300.974248, 58.814780
21624.287, 301.112451, 58.941242
76024.093, 301.167800, 58.994696
35954.886, 300.994933, 58.841077
4827.201, 300.991277, 58.835410
4858.770, 301.106514, 58.939351
453688.325, 300.861498, 58.741213
4024.208, 301.047094, 58.887177
71259.685, 301.015832, 58.865220
29946.488, 301.075552, 58.917212
4086.149, 301.159378, 58.990195
2799.657, 300.854848, 58.716795
7254.621, 301.107608, 58.948251
6450.192, 301.131520, 58.968914
3719.360, 301.200491, 59.030075
5630.510, 300.896099, 58.758483
3997.249, 301.122952, 58.963589
2072.720, 301.133595, 58.972339
155303.442, 301.137550, 58.982150
74372.716, 300.885320, 58.754949
7338.738, 301.034950, 58.886357
6034.530, 301.041326, 58.892292
3236.029, 300.962441, 58.823224
11214.434, 300.904321, 58.772683
46920.516, 300.970193, 58.834656
7696.692, 301.239120, 59.072089
16389.521, 300.834059, 58.710430
129142.853, 301.026773, 58.890757
3985.553, 300.858813, 58.734656
15908.610, 301.188864, 59.032501
20467.108, 300.911037, 58.785383
4825.138, 301.067078, 58.923442
6861.767, 301.180975, 59.026364
16094.695, 300.898663, 58.774887
32933.793, 300.954784, 58.828170
64272.070, 300.999945, 58.871579
8764.574, 300.881321, 58.760666
3638.413, 300.892159, 58.769741
17733.645, 300.950145, 58.823512
1335264.445, 300.813046, 58.724552
3676.723, 301.014257, 58.881828
4847.360, 301.061940, 58.925930
27043.014, 301.140819, 58.998779
7268.824, 301.221873, 59.069650
10488.419, 301.097785, 58.960638
2024.314, 300.979018, 58.853261
12068.812, 301.062914, 58.931059
14393.257, 300.862213, 58.750642
8115.578, 300.923990, 58.806589
27376.765, 300.959152, 58.839931
8484.083, 301.198994, 59.056121
18588.622, 300.952183, 58.837067
4028.458, 300.856679, 58.749883
3273.525, 301.023812, 58.901278
3209.907, 301.034814, 58.912097
3197.449, 301.142863, 59.008940
7205.448, 300.831798, 58.731735
58360.346, 301.202427, 59.068712
113378.040, 300.863130, 58.766569
2417.654, 301.002394, 58.887019
27686.911, 301.106758, 58.984567
2459.863, 300.839390, 58.740886
139204.601, 301.023204, 58.914202
23289.911, 301.065492, 58.947758
5223.897, 300.851179, 58.753163
6518.649, 300.960973, 58.852905
10459.846, 300.896393, 58.796294
4049.176, 300.987580, 58.877855
51223.476, 301.113970, 58.995745
4048.312, 301.170988, 59.042522
2834.241, 300.882401, 58.783909
4385.764, 300.901463, 58.802466
7676.356, 300.829850, 58.740294
2404.189, 300.850879, 58.758294
2463.505, 300.873648, 58.779238
32791.960, 301.004434, 58.901014
2822.133, 300.884486, 58.791421
32819.765, 301.047148, 58.943227
109649.965, 301.131943, 59.022142
60252.075, 300.983257, 58.889303
69801.286, 300.916106, 58.830541
12523.304, 300.927629, 58.836512
3207.800, 300.823110, 58.741694
6800.265, 300.909451, 58.820611
11242.866, 300.960580, 58.867312
53442.501, 301.119722, 59.012939
6714.027, 300.847799, 58.765064
14821.017, 300.840744, 58.763341
15337.824, 300.988753, 58.895903
15988.152, 300.961316, 58.872500
7239.120, 300.873824, 58.794712
9743.940, 300.924482, 58.843779
22618.106, 301.091270, 58.994309
1993.714, 300.847622, 58.772563
1970.004, 301.016209, 58.925148
579071.651, 300.819447, 58.765531
105568.786, 300.934859, 58.859068
4424.842, 300.789510, 58.721914
9230.561, 300.794323, 58.727688
3263.876, 301.148350, 59.045330
2504.901, 301.183979, 59.077777
24649.388, 301.141725, 59.043672
32573.243, 301.100871, 59.008695
24752.560, 300.782323, 58.722947
16520.595, 300.975690, 58.896546
4369.466, 301.025862, 58.939907
4402.401, 300.816084, 58.752198
4006.553, 300.839159, 58.772678
23473.449, 301.074470, 58.986321
11498.767, 301.175705, 59.076175
88038.026, 300.838172, 58.779182
5548.736, 300.878547, 58.809251
8043.298, 301.060208, 58.974169
12019.202, 300.985812, 58.907945
3648.037, 300.961712, 58.886204
8395.199, 301.063354, 58.978321
10503.479, 301.067069, 58.982176
26200.216, 300.901014, 58.835308
8137.760, 301.040900, 58.963109
3640.034, 300.785733, 58.733130
14808.088, 300.798716, 58.746251
3262.315, 300.873049, 58.813729
41975.734, 301.138981, 59.054675
4406.985, 300.795020, 58.743716
2028.482, 300.967922, 58.900057
31966.878, 300.968829, 58.908062
33975.905, 300.923556, 58.867790
8002.672, 300.951373, 58.890099
21251.412, 301.013923, 58.948700
20727.299, 300.826794, 58.779758
26284.323, 300.883870, 58.832736
6916.973, 301.163995, 59.082388
16224.167, 301.041297, 58.975407
43187.539, 301.058727, 58.992842
2037.054, 300.820221, 58.774831
13641.406, 300.840399, 58.795339
6984.818, 300.985500, 58.924908
3222.190, 300.830523, 58.785621
5990.784, 300.764859, 58.728621
44270.488, 301.160390, 59.087601
4004.424, 300.812058, 58.772563
2821.325, 300.915041, 58.865213
44849.283, 300.818629, 58.782516
3190.961, 300.850617, 58.810660
9288.215, 300.804213, 58.770329
26931.794, 300.875818, 58.837279
27250.570, 300.980863, 58.933919
4429.994, 300.919367, 58.877436
31225.293, 301.144684, 59.081949
12152.613, 300.809050, 58.779453
81582.225, 301.023323, 58.976345
98370.689, 300.759465, 58.739068
22114.978, 300.777572, 58.751876
51074.191, 300.824212, 58.797834
41191.599, 301.040880, 58.990872
35300.190, 301.130963, 59.070373
25302.037, 300.801764, 58.775099
18304.380, 300.859861, 58.827920
17684.741, 301.004004, 58.958780
28024.687, 301.090097, 59.035272
14908.834, 300.837041, 58.806916
5284.641, 300.855127, 58.821905
12124.297, 300.940650, 58.900438
4793.039, 300.991004, 58.945298
2829.100, 300.891820, 58.858811
35882.268, 301.077487, 59.028901
2840.575, 301.095945, 59.043160
7166.247, 300.789757, 58.769273
30158.334, 300.975402, 58.939800
16661.436, 301.110452, 59.058791
61871.228, 300.846813, 58.827768
2020.822, 300.876744, 58.849053
4421.715, 300.815421, 58.794666
11666.158, 300.841612, 58.820905
3646.241, 300.855002, 58.832385
2806.971, 300.788670, 58.772110
38079.028, 300.927870, 58.904968
4400.160, 300.961952, 58.930632
10866.492, 300.742717, 58.734638
2430.058, 300.791330, 58.776306
2816.933, 300.804204, 58.788500
3557.512, 300.832460, 58.814734
5602.457, 300.991073, 58.958411
14556.914, 300.796267, 58.786388
90528.775, 301.020058, 58.991860
8842.690, 300.805627, 58.793860
41436.757, 300.980047, 58.956529
4887.869, 300.946290, 58.923306
26503.316, 301.002536, 58.975584
73001.919, 300.961220, 58.941569
13348.119, 300.892051, 58.876606
75611.189, 300.773479, 58.776592
88076.963, 300.855668, 58.853215
2415.744, 300.830070, 58.823789
57669.930, 300.743648, 58.750076
28276.906, 301.093936, 59.065053
2046.217, 300.786815, 58.788614
3180.873, 300.729284, 58.738208
46198.873, 301.112453, 59.086953
10567.995, 300.750230, 58.758451
3525.599, 300.764388, 58.770305
253431.634, 301.017966, 59.008820
6037.865, 300.826333, 58.828534
18598.193, 300.888282, 58.886583
27076.094, 300.785402, 58.796030
8824.531, 300.894028, 58.896469
2854.221, 300.767268, 58.780821
20602.243, 300.744532, 58.762265
6451.843, 300.929121, 58.930638
13698.897, 300.978142, 58.974859
46041.526, 300.804911, 58.822526
18032.330, 301.031574, 59.025505
10145.676, 301.088106, 59.075063
5982.896, 300.823387, 58.837304
19435.454, 300.939690, 58.943444
11181.437, 300.876602, 58.886798
44829.893, 300.734377, 58.760340
16869.644, 300.756012, 58.779378
40139.111, 300.766225, 58.789848
13152.098, 300.773520, 58.794540
28086.847, 300.790659, 58.812376
31845.242, 300.960842, 58.965562
3645.489, 301.095980, 59.083755
8523.422, 300.919628, 58.927063
30878.465, 301.061302, 59.055749
12061.059, 300.718258, 58.746921
75642.922, 300.743760, 58.775894
2830.643, 300.742759, 58.771115
2404.894, 300.887384, 58.901622
34974.051, 301.092560, 59.089135
296055.506, 300.899344, 58.922144
35613.772, 300.810042, 58.837213
7152.429, 300.877307, 58.895672
3631.626, 300.778162, 58.805609
262934.664, 300.709027, 58.753855
5147.292, 300.943073, 58.956546
63829.378, 300.774764, 58.811940
18163.900, 301.077802, 59.081068
19305.595, 300.730503, 58.770041
12309.414, 300.841731, 58.871561
2446.692, 300.751615, 58.788588
39762.892, 300.821787, 58.855489
37552.432, 300.958750, 58.979450
121608.463, 300.714626, 58.765528
6351.007, 300.833105, 58.865956
2858.326, 300.890829, 58.917106
7202.839, 300.750618, 58.793222
45897.858, 300.732556, 58.779838
2382.012, 300.865962, 58.899561
6837.891, 300.907463, 58.938934
2403.609, 300.721938, 58.769678
53983.151, 300.832320, 58.874117
38827.478, 300.743422, 58.793831
3698.672, 300.855606, 58.892499
5213.125, 300.808562, 58.852100
8011.682, 300.823146, 58.864244
12570.771, 300.843952, 58.885254
46104.497, 300.954048, 58.985677
11702.658, 301.032490, 59.053388
36419.067, 301.042183, 59.065536
19701.040, 300.797513, 58.844402
19724.343, 300.837413, 58.881274
1990.954, 300.856079, 58.898227
4391.545, 300.889701, 58.930470
2464.482, 300.815430, 58.863754
5196.153, 300.980843, 59.013236
17178.201, 300.714547, 58.777070
2824.505, 300.943613, 58.981628
21011.249, 300.858909, 58.908959
63836.029, 301.017574, 59.053340
2500.748, 301.083271, 59.108853
10112.759, 301.043419, 59.076188
3620.425, 300.791774, 58.848275
4747.403, 300.799828, 58.855908
46477.438, 301.052456, 59.086106
8005.328, 300.758004, 58.820070
19467.555, 300.886884, 58.938502
18033.194, 300.684471, 58.756231
3628.655, 300.958699, 59.001221
4403.837, 300.743295, 58.808544
5988.175, 300.707889, 58.779049
29694.140, 300.717236, 58.789724
15737.672, 300.761180, 58.829590
6958.690, 300.689010, 58.763804
58765.386, 300.830458, 58.895958
11970.495, 300.822299, 58.886332
6477.695, 300.999785, 59.045505
4822.836, 300.738283, 58.810552
9612.844, 300.740571, 58.814083
12857.096, 300.786160, 58.855413
4076.089, 300.824915, 58.889379
55182.462, 300.925701, 58.984823
26124.747, 301.047642, 59.093507
2011.311, 300.695703, 58.773209
14400.616, 300.771163, 58.844264
9636.081, 300.806118, 58.875662
2457.258, 300.956414, 59.009530
30066.950, 300.948239, 59.005348
84205.879, 300.845552, 58.917628
12439.362, 300.738559, 58.818429
4378.352, 300.828636, 58.901414
3212.712, 300.807273, 58.881222
2813.891, 300.743322, 58.824088
2003.928, 300.800444, 58.876348
5747.646, 300.984205, 59.043913
13596.452, 300.883925, 58.956540
9158.546, 300.685059, 58.776083
23608.272, 300.688346, 58.782459
5232.384, 300.891861, 58.963022
6897.794, 300.970247, 59.033848
2416.779, 300.769542, 58.853040
48860.438, 300.914214, 58.987507
9352.848, 301.019394, 59.080358
8743.545, 300.753517, 58.841673
19678.644, 300.666157, 58.764162
8422.285, 300.922474, 58.996094
38569.676, 300.959329, 59.030817
4054.899, 300.693431, 58.788880
38542.196, 300.766736, 58.858595
10000.628, 300.775872, 58.866797
14112.499, 301.024919, 59.090546
8428.003, 300.781483, 58.871509
40860.382, 300.979900, 59.053831
69858.635, 300.718895, 58.822319
11322.993, 301.044624, 59.112091
11534.272, 301.035689, 59.104321
3236.105, 300.683454, 58.785644
49387.420, 300.867625, 58.957926
17437.297, 301.026361, 59.097585
14325.165, 300.805075, 58.899477
4434.895, 300.752102, 58.851155
42797.498, 300.791403, 58.888996
324497.219, 300.955123, 59.044942
4446.664, 300.675581, 58.783284
16102.014, 300.939420, 59.023669
90279.833, 300.993264, 59.075577
2428.195, 300.766274, 58.866028
8405.681, 300.775903, 58.875627
3240.546, 300.758491, 58.859945
2406.603, 300.795951, 58.894918
10807.900, 300.828201, 58.927389
6063.206, 300.702260, 58.813273
26366.339, 300.726320, 58.836624
57873.591, 300.871694, 58.970032
4477.263, 300.878774, 58.972145
6065.231, 301.015523, 59.095357
48541.749, 300.768324, 58.877059
2792.609, 300.652195, 58.768141
29958.557, 300.707520, 58.820751
4823.020, 300.733504, 58.842839
42740.029, 300.816784, 58.921486
14648.649, 300.940417, 59.031361
6864.932, 300.810818, 58.913620
4456.779, 300.674237, 58.790806
38865.616, 300.896857, 58.996979
19006.653, 300.862885, 58.964656
15448.778, 300.885048, 58.984234
4486.258, 300.642950, 58.764300
26812.911, 300.891372, 58.992518
5757.994, 301.031689, 59.115384
141865.420, 300.653826, 58.785503
184400.726, 300.749597, 58.872260
5647.040, 300.651191, 58.773546
14139.205, 300.688044, 58.808915
18122.934, 300.697184, 58.817208
2845.228, 300.707795, 58.824758
4027.661, 300.746587, 58.860483
7580.833, 300.676835, 58.798086
65471.860, 300.772774, 58.890390
15223.792, 300.711391, 58.831497
21132.290, 300.883897, 58.988995
11472.222, 300.764367, 58.881930
16453.729, 301.022366, 59.115721
59901.458, 300.675201, 58.804884
42716.410, 300.735570, 58.863092
16627.362, 300.907910, 59.015231
32411.242, 300.661954, 58.794131
2825.956, 300.900135, 59.007523
3606.630, 300.659235, 58.789642
62022.897, 300.967923, 59.077384
11620.909, 300.634352, 58.770212
4546.050, 300.710517, 58.839093
3985.491, 300.759589, 58.884308
12597.526, 300.828665, 58.948352
37175.471, 300.678119, 58.813465
19902.730, 300.863459, 58.981117
7569.310, 300.937616, 59.046560
5590.486, 300.700272, 58.833261
4438.122, 300.779689, 58.904996
3262.973, 300.713157, 58.844896
46484.889, 300.881230, 59.002080
29276.488, 300.703495, 58.841623
134532.382, 300.751330, 58.890764
3592.838, 300.626230, 58.768652
21614.405, 300.627284, 58.772830
38415.756, 300.663487, 58.807506
3635.050, 300.724278, 58.859196
15631.018, 300.765646, 58.899086
53570.481, 300.937123, 59.058156
84343.178, 300.640142, 58.792117
11220.374, 300.670912, 58.815229
9214.063, 300.800023, 58.932570
5336.519, 300.985572, 59.098371
19942.188, 301.018894, 59.130119
117496.342, 300.675243, 58.831277
9686.218, 300.653806, 58.802770
156286.265, 300.813422, 58.954448
73330.130, 300.828165, 58.965087
13573.885, 300.992123, 59.109385
36025.675, 300.885924, 59.016649
40629.038, 300.618690, 58.779005
38560.264, 300.925164, 59.054749
32435.371, 300.733058, 58.884346
2407.034, 300.690137, 58.841079
6843.598, 300.704434, 58.855636
3642.005, 300.709448, 58.859731
15416.034, 301.007247, 59.130736
4862.500, 300.667671, 58.824105
9292.456, 300.736701, 58.887535
61191.888, 300.837777, 58.982818
113964.165, 300.603989, 58.776535
2417.227, 300.656306, 58.815021
49320.019, 300.923301, 59.060872
7608.336, 300.682325, 58.841142
21245.579, 300.626397, 58.792889
3252.491, 300.702410, 58.860670
35437.188, 300.736455, 58.896250
90953.477, 300.726780, 58.891844
6417.898, 300.649251, 58.815739
10469.586, 300.749742, 58.907420
32835.453, 300.684679, 58.851245
8453.676, 300.706016, 58.868487
192002.430, 300.850339, 59.005059
24311.165, 300.838792, 58.992477
4840.371, 300.610161, 58.783872
2442.020, 300.717091, 58.880886
11301.220, 300.742914, 58.906334
94941.793, 300.635654, 58.812784
3243.024, 300.708251, 58.874058
2082.228, 300.622156, 58.795971
3330.984, 300.649521, 58.821407
8436.729, 300.721032, 58.887591
16521.957, 300.776788, 58.938757
2854.922, 300.944062, 59.087966
4422.630, 300.654109, 58.827734
16975.990, 300.789461, 58.952769
2025.062, 300.683139, 58.856333
2041.921, 300.840523, 58.998804
40794.716, 300.607596, 58.793454
9332.845, 300.799484, 58.963858
12063.849, 300.659313, 58.837484
21939.024, 300.730896, 58.904288
11967.409, 300.669850, 58.848176
13339.617, 300.648850, 58.829519
7280.494, 300.919809, 59.074395
6013.551, 300.699219, 58.876466
3216.175, 300.688335, 58.866465
13618.482, 300.619202, 58.805978
4863.014, 300.598569, 58.787102
2422.028, 300.640624, 58.824557
14490.686, 300.655819, 58.841561
4024.506, 300.936246, 59.093095
35434.528, 300.779606, 58.956900
21934.534, 300.803772, 58.978951
6015.678, 300.659473, 58.845368
21113.390, 300.702443, 58.886141
10054.164, 300.917546, 59.081604
15641.877, 300.618992, 58.813104
8946.437, 300.884038, 59.053225
14180.847, 300.823246, 58.999202
18025.962, 300.724994, 58.912759
35470.258, 300.826227, 59.004812
7665.332, 300.712427, 58.900828
20529.947, 300.941702, 59.109296
6852.143, 300.634065, 58.830675
8011.949, 300.701254, 58.891965
4883.616, 300.863235, 59.037783
5207.436, 300.661336, 58.855851
49996.501, 300.681727, 58.877832
17832.797, 300.714961, 58.905991
3635.193, 300.763271, 58.948367
6045.168, 300.640869, 58.838632
14578.711, 300.908447, 59.082611
2044.198, 300.668432, 58.864661
79517.329, 300.802483, 58.992900
4010.327, 300.621665, 58.823678
2376.122, 300.674135, 58.872783
70958.840, 300.888466, 59.070639
2379.714, 300.670351, 58.869352
39480.852, 300.795401, 58.987072
5608.435, 300.776170, 58.967688
2449.573, 300.707087, 58.905002
59102.532, 300.829621, 59.020661
4103.659, 300.619310, 58.827091
42387.401, 300.642407, 58.850857
2812.221, 300.669084, 58.871977
7210.166, 300.699306, 58.900601
44569.970, 300.731798, 58.934160
41995.969, 300.764730, 58.965780
2795.374, 300.599782, 58.814023
6539.038, 300.688311, 58.895544
2437.996, 300.755732, 58.956150
14165.940, 300.772713, 58.974091
3955.206, 300.624867, 58.839926
18464.545, 300.640632, 58.856567
1987.591, 300.833306, 59.028681
31407.342, 300.666283, 58.881694
23222.753, 300.565742, 58.789631
8889.551, 300.648619, 58.864208
3239.810, 300.616459, 58.835052
2430.725, 300.956101, 59.141824
26106.495, 300.601045, 58.824924
26904.402, 300.650282, 58.870397
25571.145, 300.655196, 58.876068
8017.302, 300.668497, 58.886689
20712.262, 300.790598, 58.998791
10073.447, 300.815091, 59.019637
6484.499, 300.846729, 59.048806
65064.213, 300.678091, 58.901934
3181.610, 300.559167, 58.788330
50235.422, 300.880878, 59.084318
4799.696, 300.630203, 58.856552
2044.440, 300.920219, 59.117861
16061.191, 300.637422, 58.864491
32434.247, 300.738942, 58.958633
37822.530, 300.817214, 59.029665
34524.169, 300.824546, 59.036823
6846.634, 300.727894, 58.949249
166835.368, 300.652654, 58.891113
8377.508, 300.783225, 58.999563
4458.248, 300.555662, 58.794201
19185.224, 300.776068, 58.995389
11220.989, 300.921667, 59.126163
21122.753, 300.562286, 58.803597
18377.524, 300.582892, 58.821038
2445.900, 300.628920, 58.861347
11212.363, 300.756094, 58.978831
29955.801, 300.895654, 59.106603
48513.187, 300.682839, 58.918530
2849.670, 300.602391, 58.841497
8830.736, 300.811838, 59.032208
55021.737, 300.737975, 58.970961
13587.214, 300.705141, 58.939431
39852.415, 300.572060, 58.821531
7310.634, 300.674847, 58.913287
145619.172, 300.905016, 59.126569
4037.503, 300.661462, 58.901672
14463.737, 300.689766, 58.928258
11605.546, 300.554618, 58.806409
5610.410, 300.634302, 58.878139
9690.702, 300.598622, 58.846309
16924.637, 300.851008, 59.076466
42904.865, 300.615515, 58.866588
7766.149, 300.888510, 59.110450
394463.553, 300.627712, 58.886518
2859.729, 300.578967, 58.831033
78615.271, 300.599391, 58.857260
4005.237, 300.695705, 58.937613
6849.271, 300.793570, 59.026557
7222.346, 300.624920, 58.874512
28364.121, 300.717442, 58.962696
6199.879, 300.928357, 59.148426
16787.175, 300.701834, 58.947637
1978.306, 300.547436, 58.804874
3263.839, 300.534637, 58.794676
5681.293, 300.885196, 59.113021
5200.053, 300.541738, 58.802220
118470.948, 300.665815, 58.926753
3297.667, 300.926638, 59.151451
22103.008, 300.582009, 58.842125
6049.564, 300.594047, 58.852098
2796.744, 300.534274, 58.797943
6444.030, 300.549208, 58.812675
16038.419, 300.553124, 58.817738
47400.744, 300.801764, 59.045962
2013.760, 300.720909, 58.968567
20526.303, 300.602855, 58.865897
3652.763, 300.707985, 58.958683
12780.161, 300.538738, 58.806592
5660.820, 300.565876, 58.830466
5948.637, 300.679414, 58.934867
15382.724, 300.925056, 59.157456
63375.212, 300.848749, 59.092505
8007.168, 300.827443, 59.070855
30319.556, 300.689161, 58.948183
2386.438, 300.557765, 58.826548
5222.122, 300.573678, 58.841981
3678.318, 300.844152, 59.086824
26693.594, 300.528461, 58.803559
14142.708, 300.586807, 58.859617
20137.936, 300.800580, 59.054725
14621.858, 300.891036, 59.135140
2390.216, 300.697483, 58.960084
24766.517, 300.547253, 58.827542
4397.239, 300.555027, 58.832543
2878.023, 300.748519, 59.009442
9585.226, 300.556155, 58.837365
8058.787, 300.593440, 58.871534
2826.240, 300.607347, 58.883373
20644.283, 300.841916, 59.097923
9585.625, 300.558534, 58.840332
5629.858, 300.589871, 58.868559
32156.157, 300.622221, 58.902212
7652.557, 300.659946, 58.933564
22952.512, 300.565382, 58.849257
23374.107, 300.617217, 58.896784
2833.590, 300.640868, 58.916207
19873.779, 300.783313, 59.047273
26855.055, 300.809964, 59.071948
18733.677, 300.703747, 58.976714
3705.571, 300.697202, 58.969372
3979.631, 300.776198, 59.041023
65084.664, 300.893151, 59.151436
4814.461, 300.590688, 58.874804
4023.613, 300.850457, 59.110414
51752.601, 300.790014, 59.063098
24975.601, 300.543624, 58.837272
3233.732, 300.615198, 58.899775
33195.300, 300.741368, 59.018022
19739.838, 300.579592, 58.870225
3239.904, 300.585043, 58.872784
2014.382, 300.685952, 58.964264
2024.713, 300.714739, 58.990551
21748.541, 300.870646, 59.134251
4486.416, 300.551944, 58.843539
4001.548, 300.605913, 58.892759
4001.893, 300.508365, 58.805043
13317.163, 300.660166, 58.943680
2830.606, 300.674508, 58.956049
13149.031, 300.627098, 58.916615
24624.967, 300.664661, 58.950350
3627.906, 300.629918, 58.919358
11691.966, 300.675405, 58.964364
2020.710, 300.756498, 59.035897
95199.781, 300.579397, 58.881406
3578.391, 300.617584, 58.910923
2015.813, 300.706273, 58.991113
23611.407, 300.812685, 59.090852
2479.661, 300.809369, 59.085598
18321.853, 300.827766, 59.104105
23486.344, 300.901366, 59.171558
2054.071, 300.592818, 58.890808
21217.191, 300.520626, 58.827846
2405.474, 300.528202, 58.832569
6420.144, 300.561450, 58.863422
2780.863, 300.502109, 58.810346
5237.207, 300.556475, 58.860665
19963.042, 300.583988, 58.887334
14391.815, 300.619956, 58.919806
35281.747, 300.656203, 58.954335
13401.168, 300.745081, 59.033122
31880.061, 300.777567, 59.064083
47156.636, 300.492465, 58.807353
41458.150, 300.539103, 58.849167
2426.816, 300.524459, 58.833510
7314.122, 300.692523, 58.987231
13284.814, 300.613302, 58.918349
8351.889, 300.620189, 58.923825
6842.614, 300.710230, 59.004804
13026.478, 300.736301, 59.029358
9292.764, 300.509460, 58.823641
33800.625, 300.636667, 58.942590
7252.796, 300.873042, 59.152621
5635.904, 300.527962, 58.840700
6799.857, 300.696907, 58.995555
14314.028, 300.742827, 59.038251
2392.587, 300.561358, 58.872198
2770.430, 300.623210, 58.929020
1987.520, 300.596618, 58.905557
307031.339, 300.702853, 59.009806
46559.229, 300.825452, 59.117016
27579.221, 300.672210, 58.979223
12124.780, 300.771615, 59.067945
12668.660, 300.883168, 59.168215
4864.273, 300.537117, 58.854466
3233.436, 300.572252, 58.887493
25614.163, 300.711363, 59.017450
4427.200, 300.544007, 58.863786
4401.233, 300.549158, 58.868484
2838.733, 300.613467, 58.926878
12874.293, 300.717351, 59.022573
4864.642, 300.486349, 58.811951
5526.871, 300.537555, 58.859444
11025.525, 300.846447, 59.139863
10442.396, 300.650089, 58.964115
8136.121, 300.556901, 58.880060
24288.062, 300.661370, 58.976611
5220.656, 300.768485, 59.071755
51196.815, 300.558902, 58.885562
19191.564, 300.583597, 58.906533
9175.265, 300.654716, 58.969784
61264.329, 300.612439, 58.935791
6097.424, 300.804726, 59.107100
95122.813, 300.488210, 58.827527
6033.178, 300.513328, 58.843366
9276.944, 300.540014, 58.868843
4863.422, 300.784706, 59.090035
40059.359, 300.740369, 59.054679
39348.681, 300.792602, 59.101379
21608.560, 300.827799, 59.132077
16164.242, 300.660362, 58.981346
7618.685, 300.668474, 58.988149
10810.961, 300.565760, 58.894947
4835.879, 300.568985, 58.898312
40969.721, 300.718545, 59.038560
1988.719, 300.699406, 59.018360
51583.058, 300.764505, 59.080524
3177.711, 300.514295, 58.850495
45115.100, 300.622951, 58.953448
28048.469, 300.812967, 59.124921
2437.085, 300.729974, 59.048252
2826.037, 300.478898, 58.820470
36378.339, 300.637231, 58.968352
9246.905, 300.556858, 58.894945
4414.180, 300.549537, 58.888039
10793.977, 300.599425, 58.934728
7268.475, 300.846430, 59.157799
8408.471, 300.560006, 58.900346
3634.119, 300.615700, 58.949674
62298.476, 300.865164, 59.179094
4017.288, 300.820854, 59.136635
2016.252, 300.472298, 58.821704
4018.749, 300.587790, 58.928139
6025.354, 300.466399, 58.819430
49187.769, 300.494936, 58.848334
2417.201, 300.545046, 58.891366
20640.217, 300.811518, 59.135056
1977.698, 300.602399, 58.944742
55514.763, 300.708566, 59.047075
7267.347, 300.526077, 58.878475
46120.115, 300.639757, 58.984636
36744.066, 300.604402, 58.953009
3230.141, 300.651335, 58.992396
9287.121, 300.506922, 58.862243
15260.013, 300.528915, 58.885196
6092.206, 300.535675, 58.891140
12414.871, 300.539692, 58.894391
3993.775, 300.769324, 59.102819
30178.436, 300.467008, 58.831266
41533.176, 300.733758, 59.074481
27533.808, 300.655412, 59.003665
2795.446, 300.838494, 59.166320
12535.679, 300.462984, 58.828014
3642.129, 300.457623, 58.822349
4393.249, 300.507774, 58.868031
4428.753, 300.491985, 58.854639
27166.890, 300.672662, 59.021328
12471.348, 300.483820, 58.850206
5628.251, 300.473872, 58.840983
5651.769, 300.664979, 59.014994
8346.088, 300.602919, 58.959817
14236.219, 300.710633, 59.058465
98750.943, 300.767797, 59.115141
4392.896, 300.509069, 58.876892
6048.212, 300.635065, 58.992112
17275.538, 300.584574, 58.947566
15747.685, 300.664530, 59.020560
24827.251, 300.688825, 59.042677
7737.536, 300.714431, 59.064468
10019.949, 300.454977, 58.828948
32338.165, 300.527820, 58.897969
7718.668, 300.702405, 59.054174
19718.360, 300.653396, 59.012489
22516.321, 300.591832, 58.961480
10486.727, 300.547941, 58.917384
8479.414, 300.555750, 58.925406
6016.503, 300.477713, 58.853749
13582.276, 300.614177, 58.979697
23266.087, 300.816753, 59.163048
53427.194, 300.776881, 59.133290
27043.451, 300.835277, 59.180353
2382.686, 300.449355, 58.828467
6055.772, 300.496232, 58.872467
8400.372, 300.608330, 58.976277
15486.761, 300.438815, 58.824678
44955.811, 300.735048, 59.094866
5750.986, 300.711819, 59.071086
8098.184, 300.837439, 59.184692
6017.222, 300.515857, 58.893205
35878.710, 300.818620, 59.172005
2442.736, 300.489645, 58.870389
3165.550, 300.491764, 58.872980
4817.268, 300.542230, 58.919276
4811.388, 300.461127, 58.846179
57141.945, 300.479204, 58.867193
43751.101, 300.749778, 59.113228
16835.216, 300.591113, 58.969547
2445.101, 300.726039, 59.089398
39015.705, 300.606660, 58.985447
8390.483, 300.646994, 59.019510
25548.584, 300.464299, 58.854990
81455.886, 300.632069, 59.013051
9286.832, 300.437813, 58.831394
6060.385, 300.680870, 59.051527
39270.662, 300.564034, 58.949355
5243.102, 300.622374, 58.999847
3193.138, 300.543153, 58.927617
2048.753, 300.456101, 58.850159
3640.333, 300.471325, 58.864196
13462.900, 300.816314, 59.178641
28652.493, 300.489796, 58.885192
23764.857, 300.497466, 58.893681
6862.738, 300.582275, 58.968374
2387.777, 300.504110, 58.896462
8501.107, 300.449230, 58.847883
9244.335, 300.547703, 58.938525
25265.837, 300.710950, 59.090684
16565.041, 300.447923, 58.851495
37531.249, 300.616464, 59.008356
38280.509, 300.811977, 59.185530
66903.891, 300.643162, 59.035051
66018.019, 300.722072, 59.107027
10900.543, 300.745625, 59.128391
15257.491, 300.446115, 58.856836
10020.141, 300.451513, 58.862661
6492.009, 300.769325, 59.149082
2854.293, 300.804695, 59.181590
3251.569, 300.475460, 58.883218
61605.419, 300.520636, 58.928476
323376.394, 300.579990, 58.990572
144376.154, 300.455703, 58.875064
2474.016, 300.778454, 59.160170
2447.774, 300.451887, 58.866366
27676.096, 300.764174, 59.153143
2447.007, 300.434857, 58.852002
33836.215, 300.695481, 59.092226
36364.181, 300.642333, 59.045128
25385.699, 300.649735, 59.052289
8577.547, 300.783825, 59.172035
27499.633, 300.477221, 58.896945
10800.435, 300.526304, 58.941548
21758.490, 300.799512, 59.189336
25172.077, 300.543849, 58.960915
4823.864, 300.563863, 58.978008
5227.169, 300.518429, 58.936895
2408.351, 300.438768, 58.864463
2014.923, 300.508020, 58.928540
3213.080, 300.555525, 58.971629
23507.904, 300.645980, 59.056967
2894.559, 300.410711, 58.840202
39019.863, 300.697958, 59.107409
10137.745, 300.430780, 58.861686
9246.622, 300.726108, 59.130111
5587.731, 300.480316, 58.907003
58816.499, 300.577854, 59.001004
56917.083, 300.681099, 59.097349
57729.539, 300.736911, 59.144310
8004.081, 300.801556, 59.199839
11216.534, 300.507334, 58.936886
2459.943, 300.614403, 59.033324
2790.681, 300.469584, 58.904545
10415.823, 300.605034, 59.028523
2099.279, 300.745279, 59.154499
2842.517, 300.774873, 59.181545
2415.081, 300.402365, 58.843179
4103.490, 300.491951, 58.926105
10069.014, 300.441804, 58.881819
9260.136, 300.457533, 58.896920
11180.467, 300.479711, 58.918176
14814.514, 300.484499, 58.921562
21776.225, 300.737943, 59.154548
7219.722, 300.464942, 58.905913
83146.889, 300.596734, 59.031529
34068.899, 300.627330, 59.058199
79102.970, 300.563300, 59.002808
7570.040, 300.590313, 59.023501
22722.865, 300.727264, 59.149036
2482.486, 300.434247, 58.881514
28912.552, 300.662361, 59.092502
41178.932, 300.395275, 58.850138
23264.510, 300.436414, 58.886704
11813.165, 300.447143, 58.895985
10232.536, 300.708419, 59.133864
45930.117, 300.734564, 59.159985
13122.656, 300.614640, 59.051147
31696.066, 300.515197, 58.963867
6021.335, 300.402885, 58.859670
105807.555, 300.521540, 58.977571
3261.238, 300.551325, 58.995345
28176.917, 300.653102, 59.090730
40023.224, 300.478656, 58.934609
16602.875, 300.713010, 59.146755
4378.481, 300.417543, 58.878086
3218.147, 300.763706, 59.195619
13236.207, 300.417216, 58.882174
22716.494, 300.490858, 58.951103
6510.420, 300.702959, 59.141477
107773.820, 300.417061, 58.888873
5660.576, 300.487494, 58.946396
16554.140, 300.732048, 59.169354
6530.110, 300.774975, 59.207823
30558.662, 300.453042, 58.918618
8480.149, 300.616694, 59.065907
30226.974, 300.672594, 59.119078
3247.198, 300.381158, 58.851055
7677.499, 300.651699, 59.098856
53391.791, 300.710389, 59.155468
52974.631, 300.401695, 58.876447
16950.025, 300.482938, 58.948969
2036.679, 300.385738, 58.858721
5289.940, 300.590050, 59.048670
51778.289, 300.456844, 58.932761
6931.970, 300.527682, 58.994397
2385.094, 300.600248, 59.060127
2427.460, 300.624263, 59.081635
2410.136, 300.495686, 58.965156
6472.499, 300.510007, 58.978635
2874.036, 300.628620, 59.086024
3620.213, 300.463528, 58.937858
21511.846, 300.683735, 59.139369
284776.980, 300.432704, 58.921266
6943.450, 300.663072, 59.120472
3693.340, 300.479886, 58.954148
61692.656, 300.641332, 59.106000
9581.090, 300.409063, 58.892903
6853.727, 300.427129, 58.909588
4067.765, 300.419162, 58.902243
3656.208, 300.501829, 58.978781
19451.937, 300.370483, 58.861064
4011.290, 300.376802, 58.864743
38040.996, 300.696220, 59.159683
27044.523, 300.716684, 59.176836
9319.996, 300.618340, 59.087194
4407.837, 300.461800, 58.944994
4814.996, 300.362525, 58.854016
12377.381, 300.394477, 58.885196
38908.562, 300.474686, 58.960361
58078.789, 300.481770, 58.970136
5251.583, 300.362193, 58.858416
4831.689, 300.716899, 59.182904
25254.511, 300.406774, 58.903429
16156.158, 300.400891, 58.899286
2428.921, 300.598001, 59.078613
23419.482, 300.491199, 58.986116
46295.951, 300.349120, 58.858706
7587.231, 300.410134, 58.910662
40693.080, 300.677908, 59.158211
8032.050, 300.369551, 58.876669
63436.672, 300.525028, 59.021755
111411.659, 300.628175, 59.119257
7390.743, 300.732724, 59.207877
2089.068, 300.595517, 59.083418
16438.328, 300.342031, 58.856225
2806.806, 300.421879, 58.925907
16690.212, 300.591035, 59.081619
17330.537, 300.353627, 58.866284
118110.705, 300.383220, 58.897960
84922.594, 300.397896, 58.912195
117473.927, 300.509248, 59.011652
4861.181, 300.638809, 59.124447
1959.176, 300.651446, 59.135940
25347.585, 300.366539, 58.880723
6861.307, 300.380829, 58.891728
32858.048, 300.483838, 58.990643
4008.836, 300.712101, 59.194909
2022.727, 300.375729, 58.888890
66160.043, 300.541250, 59.045059
6440.131, 300.637441, 59.128620
6888.732, 300.658908, 59.148776
2044.549, 300.358238, 58.874139
8815.245, 300.467482, 58.977255
20474.550, 300.344681, 58.866767
12434.886, 300.554387, 59.057207
12903.445, 300.695173, 59.186862
2070.523, 300.728028, 59.212774
3535.508, 300.446959, 58.958724
6807.868, 300.440862, 58.955438
65072.689, 300.346486, 58.874090
2811.373, 300.360529, 58.882635
4014.458, 300.399872, 58.919301
3217.793, 300.572183, 59.077351
21840.958, 300.661228, 59.160389
11180.225, 300.688121, 59.183752
1984.330, 300.462167, 58.977650
20464.740, 300.503012, 59.018804
14106.385, 300.357344, 58.886319
2813.204, 300.479765, 58.995837
2433.306, 300.654517, 59.154524
30323.784, 300.669895, 59.171532
4177.821, 300.715376, 59.209292
26288.605, 300.414917, 58.939581
4045.559, 300.511687, 59.025581
3213.437, 300.521593, 59.034372
2842.133, 300.616690, 59.121016
7675.725, 300.331171, 58.861202
14419.096, 300.349180, 58.881026
2054.559, 300.447864, 58.967781
2029.244, 300.579411, 59.088199
3657.451, 300.443071, 58.965902
13733.876, 300.402518, 58.931070
10498.270, 300.712877, 59.212508
4836.042, 300.460863, 58.983392
29219.700, 300.504028, 59.026108
3303.964, 300.688732, 59.190448
52109.399, 300.579432, 59.096959
24038.028, 300.587672, 59.102477
17673.098, 300.326694, 58.864593
33322.331, 300.413218, 58.945686
25704.906, 300.609175, 59.124413
24463.134, 300.618995, 59.132296
17187.277, 300.472739, 59.002256
14385.189, 300.373407, 58.908285
3647.116, 300.402254, 58.934039
6377.178, 300.605464, 59.120510
17554.581, 300.334966, 58.875084
72762.729, 300.357511, 58.898204
4065.130, 300.643049, 59.154344
9338.771, 300.457297, 58.987406
5251.677, 300.645329, 59.158989
16158.659, 300.679979, 59.190948
50134.920, 300.322012, 58.869100
25250.078, 300.347555, 58.889799
4774.444, 300.363200, 58.903584
17392.222, 300.634617, 59.152999
7605.755, 300.313449, 58.859752
30049.583, 300.340364, 58.886626
3253.606, 300.405444, 58.944828
7214.453, 300.416149, 58.954505
9527.184, 300.509898, 59.040294
9346.008, 300.643609, 59.163355
16670.848, 300.574095, 59.101569
2409.597, 300.370563, 58.915027
411276.121, 300.305259, 58.874302
16364.824, 300.326304, 58.877975
5207.871, 300.364423, 58.910557
18534.564, 300.500185, 59.036646
18218.765, 300.437231, 58.980174
2026.891, 300.397162, 58.943018
20509.261, 300.563805, 59.097457
51050.227, 300.612396, 59.145429
3641.450, 300.364451, 58.914592
26487.183, 300.529602, 59.070507
6910.986, 300.377409, 58.928102
8150.275, 300.528612, 59.066427
48119.346, 300.323901, 58.882787
19946.039, 300.566725, 59.102647
27291.725, 300.441766, 58.989977
2403.361, 300.382864, 58.934815
4779.970, 300.362584, 58.918292
3989.908, 300.386456, 58.940211
47876.374, 300.430724, 58.984524
49858.405, 300.537821, 59.083859
19330.865, 300.600262, 59.136702
5232.470, 300.331181, 58.890282
4814.312, 300.336001, 58.895461
7616.469, 300.392611, 58.947281
5201.922, 300.463690, 59.011516
9809.098, 300.675750, 59.204813
4769.444, 300.488908, 59.035673
15840.753, 300.665002, 59.196361
15101.750, 300.546310, 59.090353
6845.559, 300.630483, 59.165657
26586.835, 300.341394, 58.906792
10431.199, 300.384587, 58.944355
19479.857, 300.510864, 59.061930
14170.206, 300.582053, 59.125310
46694.217, 300.310682, 58.883005
57241.253, 300.558926, 59.109198
71991.899, 300.661226, 59.202326
128423.955, 300.363607, 58.935967
19101.206, 300.613312, 59.157110
5138.828, 300.646630, 59.185684
6557.054, 300.555200, 59.103731
2007.899, 300.690501, 59.225413
8801.479, 300.435154, 58.996100
18199.603, 300.327550, 58.899625
22895.750, 300.384869, 58.952297
15302.008, 300.409093, 58.973895
109942.468, 300.534356, 59.095205
6387.907, 300.319496, 58.892396
6028.598, 300.457672, 59.018472
9962.452, 300.532368, 59.089003
10100.043, 300.374998, 58.944860
5556.005, 300.500737, 59.060053
23788.270, 300.397226, 58.968428
5631.713, 300.517992, 59.076380
24724.799, 300.452295, 59.020358
11193.024, 300.490769, 59.054166
6883.586, 300.334249, 58.912388
9247.464, 300.301039, 58.882110
13614.306, 300.365942, 58.942567
18995.273, 300.476435, 59.043482
10482.933, 300.634027, 59.185920
11170.831, 300.386847, 58.962227
27104.302, 300.610050, 59.166063
79942.359, 300.282356, 58.872092
2862.941, 300.320768, 58.900629
145180.235, 300.320005, 58.909119
82528.739, 300.435996, 59.014290
3974.503, 300.653082, 59.204455
6435.485, 300.356017, 58.935296
27725.848, 300.424807, 59.003254
15797.717, 300.469021, 59.040775
11279.918, 300.632792, 59.189521
16204.514, 300.477879, 59.049722
2827.856, 300.379736, 58.958833
8351.238, 300.405450, 58.984167
23447.881, 300.671358, 59.226730
11678.084, 300.653673, 59.211643
12112.480, 300.312804, 58.900036
30219.783, 300.544706, 59.113667
4453.383, 300.472088, 59.046987
6453.801, 300.306949, 58.896511
98112.575, 300.530940, 59.107513
3567.933, 300.369681, 58.955504
8038.115, 300.573717, 59.142205
2454.364, 300.505917, 59.080360
3206.857, 300.286748, 58.880425
9855.626, 300.609890, 59.176305
2018.549, 300.342007, 58.931732
10591.914, 300.477751, 59.058579
29893.819, 300.592657, 59.163183
2462.838, 300.602307, 59.169681
5600.465, 300.308556, 58.903170
19079.164, 300.467736, 59.049767
40347.140, 300.633189, 59.201181
21818.437, 300.665486, 59.230421
14177.891, 300.577210, 59.150726
2829.549, 300.286299, 58.884406
3651.927, 300.302511, 58.899773
6488.665, 300.621865, 59.191721
38615.028, 300.431898, 59.023627
10557.212, 300.597858, 59.172216
32499.716, 300.404852, 58.998100
20023.033, 300.396819, 58.990809
3641.202, 300.430161, 59.019867
8477.886, 300.654214, 59.223904
25639.036, 300.266943, 58.875929
25992.649, 300.288952, 58.894318
40709.867, 300.507689, 59.097798
3699.371, 300.544229, 59.125334
19120.342, 300.552827, 59.135510
2874.950, 300.558376, 59.137934
6436.979, 300.273227, 58.878902
8521.300, 300.280193, 58.886181
3628.191, 300.434812, 59.027432
6805.965, 300.439243, 59.031754
9566.012, 300.317790, 58.923557
2042.892, 300.636918, 59.212970
5604.319, 300.326588, 58.931843
15779.065, 300.339518, 58.945054
13984.860, 300.380057, 58.982604
4308.110, 300.410161, 59.008959
31324.087, 300.576300, 59.162064
5357.497, 300.647267, 59.224196
70637.655, 300.611400, 59.196704
2039.046, 300.272823, 58.884305
43187.015, 300.298177, 58.913345
7645.470, 300.369915, 58.974542
35760.749, 300.592723, 59.180917
8857.529, 300.391656, 58.995896
3231.747, 300.415812, 59.017392
4530.737, 300.554210, 59.144835
12868.119, 300.303611, 58.917690
6448.649, 300.372102, 58.979989
18213.012, 300.436457, 59.040929
8794.021, 300.319541, 58.934456
27778.051, 300.442245, 59.047819
65599.946, 300.575889, 59.170193
4088.054, 300.311204, 58.926266
3629.658, 300.468516, 59.069965
12185.652, 300.527978, 59.125871
63747.699, 300.649279, 59.244059
2056.567, 300.255888, 58.876346
47016.543, 300.319332, 58.940632
17461.032, 300.339262, 58.955801
5620.411, 300.402013, 59.012484
2415.556, 300.446602, 59.052225
12170.151, 300.536099, 59.135227
8379.131, 300.277047, 58.898949
3633.222, 300.369295, 58.982514
72249.956, 300.480745, 59.089693
237785.463, 300.480992, 59.100199
2792.056, 300.258800, 58.881753
2448.223, 300.326786, 58.944542
39167.044, 300.417669, 59.031503
1993.671, 300.456761, 59.063648
5206.171, 300.309449, 58.931979
135753.930, 300.356402, 58.981223
15140.919, 300.301379, 58.926565
36405.596, 300.445330, 59.059040
7232.834, 300.581589, 59.180548
9464.883, 300.328968, 58.951376
12862.790, 300.367868, 58.986817
11560.872, 300.287304, 58.914441
11218.434, 300.350112, 58.971462
2052.192, 300.401638, 59.017995
54612.963, 300.335007, 58.962274
4021.880, 300.541756, 59.148006
5675.194, 300.624010, 59.222291
5744.064, 300.643329, 59.240100
19788.370, 300.419768, 59.039099
4024.851, 300.589245, 59.192732
61225.695, 300.268787, 58.903842
1989.306, 300.319204, 58.946440
4401.762, 300.340675, 58.966672
2912.961, 300.595298, 59.198978
2058.706, 300.250989, 58.884237
4369.952, 300.427867, 59.047566
2433.318, 300.606737, 59.209397
6817.507, 300.261196, 58.896436
68583.423, 300.322252, 58.956959
4892.603, 300.394788, 59.019826
2895.692, 300.407362, 59.031060
20593.877, 300.281107, 58.917817
2441.304, 300.298525, 58.933827
4502.581, 300.335304, 58.967841
1992.907, 300.347773, 58.978475
8483.592, 300.444635, 59.068743
31619.759, 300.605650, 59.216959
7559.464, 300.251391, 58.892907
11282.919, 300.383195, 59.014450
8096.330, 300.425856, 59.054724
12880.468, 300.307962, 58.947725
2007.384, 300.364555, 58.998114
57459.129, 300.569688, 59.190562
8383.638, 300.263648, 58.908851
5629.671, 300.581323, 59.198642
2036.319, 300.632736, 59.244935
161734.778, 300.324434, 58.972048
41806.066, 300.336808, 58.980228
4031.447, 300.493760, 59.122999
22922.745, 300.624190, 59.242878
4032.519, 300.241704, 58.893023
5229.534, 300.415191, 59.052310
25056.532, 300.590860, 59.213478
30954.345, 300.373231, 59.017406
3332.401, 300.423382, 59.060210
10090.765, 300.231276, 58.885881
131874.135, 300.291863, 58.952084
17805.955, 300.595636, 59.219170
2044.747, 300.250654, 58.903670
5992.143, 300.266585, 58.919068
23675.829, 300.381051, 59.026439
4027.488, 300.261379, 58.916330
44287.599, 300.392215, 59.039091
25678.353, 300.614998, 59.240146
40906.566, 300.338863, 58.991471
9706.016, 300.537813, 59.170632
82865.776, 300.587815, 59.223688
64523.862, 300.602004, 59.231704
6835.327, 300.268880, 58.925534
6009.042, 300.422030, 59.066156
70318.986, 300.222784, 58.891315
160697.331, 300.480250, 59.131184
16861.335, 300.525997, 59.166217
10328.425, 300.351566, 59.006546
14537.896, 300.451206, 59.098900
8443.955, 300.318564, 58.977083
7260.854, 300.372160, 59.025554
3231.313, 300.572119, 59.207416
7728.971, 300.274859, 58.937950
12120.022, 300.366459, 59.022553
28486.355, 300.388597, 59.047602
8893.537, 300.376734, 59.032396
7210.429, 300.557733, 59.196900
3618.037, 300.361226, 59.020488
20133.001, 300.570148, 59.213658
6418.324, 300.280081, 58.947853
14205.518, 300.302305, 58.969388
6817.373, 300.319799, 58.984231
13984.031, 300.398593, 59.058094
2808.656, 300.434975, 59.089961
15844.543, 300.550465, 59.196145
6855.119, 300.289891, 58.958313
26832.516, 300.373612, 59.037814
5619.429, 300.453006, 59.110736
2406.449, 300.539046, 59.188639
4401.424, 300.218834, 58.895993
2812.248, 300.230943, 58.906749
5968.601, 300.324130, 58.993349
25782.763, 300.585643, 59.234517
2009.213, 300.221784, 58.899164
3182.448, 300.250979, 58.926242
2028.286, 300.339884, 59.007915
33039.346, 300.362623, 59.032262
4808.731, 300.495234, 59.150350
16056.327, 300.310097, 58.982369
2388.090, 300.315831, 58.986610
