# Source Fluxes and Coordinates
# Flux (e-/s), RA (deg), Dec (deg)
28535.163, 301.240593, 58.954474
941908.788, 301.099040, 58.834893
159858.764, 301.198088, 58.920962
10602.621, 300.990049, 58.731950
82706.625, 300.992337, 58.737718
20652.607, 300.958679, 58.706324
9722.162, 301.332692, 59.042730
19210.995, 300.954234, 58.702606
2620.102, 301.138346, 58.870478
49975.794, 300.944768, 58.700639
26290.730, 301.235159, 58.961144
46497.598, 301.036360, 58.786385
5724.950, 301.349765, 59.063301
14509.762, 301.025951, 58.775491
9210.245, 301.110835, 58.854947
4425.544, 301.164971, 58.902872
3976.167, 301.115447, 58.859120
17563.910, 301.141897, 58.883872
4005.577, 300.980986, 58.738490
23417.447, 301.055389, 58.808081
2199.932, 301.005746, 58.763366
10134.510, 301.117441, 58.866474
2179.831, 300.989311, 58.750989
2662.880, 301.130827, 58.878600
58570.531, 301.056515, 58.817495
4422.830, 301.011970, 58.774787
3587.680, 301.032823, 58.793673
25795.697, 301.177854, 58.926710
2174.422, 300.989632, 58.756649
13100.876, 300.993884, 58.763370
20100.529, 301.038456, 58.802421
6126.883, 301.075887, 58.836522
42842.131, 300.973965, 58.749023
68396.408, 301.294114, 59.039144
11095.565, 301.084982, 58.849206
36703.159, 300.958795, 58.737746
20457.822, 301.099781, 58.864066
22813.689, 301.061981, 58.835833
55385.801, 301.009858, 58.787116
4790.034, 300.988384, 58.769349
9682.965, 300.993297, 58.773707
42651.192, 301.182243, 58.947732
9982.486, 300.936745, 58.725738
3504.333, 301.223940, 58.983232
8348.018, 300.977782, 58.764033
11862.036, 301.283267, 59.038537
9159.534, 301.206165, 58.970302
22099.813, 301.011532, 58.798142
16311.856, 301.111442, 58.888539
32971.781, 301.134732, 58.911345
75710.835, 301.296244, 59.056806
2212.361, 300.956933, 58.748246
26297.842, 300.981874, 58.773396
95554.164, 301.202370, 58.976312
52865.255, 300.928840, 58.730919
4024.849, 301.153518, 58.929993
3465.831, 301.124787, 58.905039
37736.026, 301.253348, 59.025470
59782.807, 301.167113, 58.949393
24702.392, 301.209014, 58.987018
7024.856, 300.977867, 58.777830
15799.346, 301.056449, 58.849714
20728.675, 301.135657, 58.921170
7800.352, 300.980769, 58.780753
16616.761, 300.944645, 58.752517
65953.740, 301.170671, 58.959162
10991.337, 300.982255, 58.786394
155459.203, 300.902934, 58.723971
17302.824, 301.065124, 58.865008
32873.756, 301.011369, 58.820146
40034.922, 301.128725, 58.925231
54098.855, 301.152800, 58.947944
4103.934, 301.259016, 59.040304
14894.733, 300.941106, 58.759510
19431.939, 301.108058, 58.910542
22502.393, 301.088313, 58.894728
11132.223, 301.246895, 59.036318
3073.707, 301.156202, 58.954781
7810.197, 300.951771, 58.772694
10053.720, 300.902537, 58.729976
5183.342, 300.958252, 58.781093
3082.635, 300.944609, 58.769224
29487.372, 300.986251, 58.811126
2164.381, 300.886804, 58.717020
4968.171, 301.264800, 59.058167
6154.921, 301.012769, 58.835718
56870.933, 301.109883, 58.926732
106792.024, 300.882106, 58.725038
3914.983, 301.090116, 58.908174
2697.154, 300.987631, 58.816572
34419.557, 301.045556, 58.873089
114900.315, 301.068417, 58.896736
2599.671, 300.927139, 58.763849
11795.817, 300.941317, 58.780043
54427.706, 300.904557, 58.752036
20088.954, 301.208486, 59.023583
159284.068, 300.889114, 58.744196
63474.766, 300.943042, 58.787816
10859.031, 300.974812, 58.814184
50118.661, 301.104608, 58.934108
23906.771, 301.112553, 58.940894
4401.373, 301.229972, 59.045803
63724.158, 301.167171, 58.994450
53780.402, 300.990920, 58.840178
5745.266, 301.047617, 58.887201
4365.014, 300.918445, 58.771444
66512.110, 301.016136, 58.865120
31857.485, 301.075670, 58.917274
3485.086, 301.173869, 59.002083
6951.325, 301.132129, 58.968969
11422.796, 301.107354, 58.947897
163765.272, 301.137877, 58.982125
106082.125, 300.885137, 58.755777
7450.242, 301.035687, 58.886083
4855.177, 301.032718, 58.883160
6627.516, 300.936631, 58.798117
5709.457, 301.120742, 58.964316
25495.225, 301.240170, 59.073036
48909.745, 300.970018, 58.834691
374077.773, 300.858380, 58.741610
137706.398, 301.026855, 58.890820
17422.653, 301.067505, 58.923251
6143.252, 301.182611, 59.026395
15892.036, 301.188854, 59.032330
2664.436, 300.878599, 58.753396
5646.951, 300.917488, 58.790700
4806.791, 301.001984, 58.865976
35561.724, 300.954639, 58.828326
70674.403, 300.999925, 58.871298
11404.623, 300.898990, 58.775996
17983.922, 300.949621, 58.823482
16071.116, 300.850818, 58.734233
3477.449, 300.909916, 58.787599
21324.578, 301.140634, 58.998461
7531.380, 301.221755, 59.069537
11371.143, 301.061432, 58.927136
28053.493, 300.959678, 58.840523
34498.475, 301.040690, 58.916113
15219.877, 300.858092, 58.750810
2653.524, 300.902464, 58.788922
3462.758, 301.053254, 58.925253
14491.590, 300.952547, 58.837216
11746.510, 301.003837, 58.885820
4848.571, 301.213228, 59.072940
5678.548, 300.880994, 58.776192
60423.310, 301.202304, 59.068659
3065.039, 300.997577, 58.881872
136908.230, 300.863372, 58.766693
2200.734, 300.885896, 58.782634
16043.208, 300.987841, 58.877258
21629.307, 301.065480, 58.947466
3490.743, 300.904351, 58.800782
142759.085, 301.022994, 58.914252
19997.238, 301.106537, 58.984745
5222.663, 300.922714, 58.820151
5356.618, 300.906266, 58.805740
30033.223, 301.111780, 58.995255
18659.657, 300.847375, 58.757979
12233.837, 301.004276, 58.901069
35974.648, 301.046887, 58.943009
113548.819, 301.132047, 59.021972
50948.999, 300.961903, 58.869769
60956.592, 300.983234, 58.889321
61281.252, 301.120214, 59.012983
16509.982, 300.836405, 58.755622
3472.500, 300.898740, 58.810879
56940.964, 300.916456, 58.830561
6563.528, 300.923359, 58.834807
25830.354, 300.987572, 58.895541
29336.317, 300.817001, 58.740887
7377.436, 300.857886, 58.776445
4783.145, 300.866733, 58.784164
603195.883, 300.820578, 58.765477
6615.361, 300.849963, 58.770148
2193.604, 300.860984, 58.780130
3523.491, 300.845399, 58.766695
13038.191, 300.933467, 58.848796
30491.513, 300.907720, 58.828328
5220.640, 300.988065, 58.900243
95886.789, 300.935801, 58.858769
6973.399, 300.858889, 58.786685
36352.607, 300.817602, 58.750831
4794.614, 300.925932, 58.846744
22817.811, 301.141455, 59.043384
7038.480, 300.837565, 58.768528
32747.472, 301.101111, 59.008342
47994.788, 301.193732, 59.092179
4427.382, 301.026349, 58.940201
17767.024, 300.882297, 58.812202
36634.166, 300.905128, 58.835706
11339.725, 300.975344, 58.896541
16504.159, 301.074526, 58.986246
13788.217, 301.175000, 59.076606
93815.734, 300.837884, 58.779559
3128.150, 300.980621, 58.903156
7949.583, 301.063061, 58.978451
7971.475, 301.066827, 58.982061
3082.060, 300.969796, 58.894786
8756.303, 300.800132, 58.745736
2674.366, 300.906183, 58.840377
11265.928, 300.814044, 58.759439
5675.200, 300.926919, 58.861802
41515.925, 301.138995, 59.054647
8248.205, 300.875945, 58.816671
3473.214, 300.888076, 58.826999
3892.116, 300.842464, 58.788041
4404.350, 300.883957, 58.826928
25401.262, 301.014467, 58.948309
17026.021, 300.804016, 58.756927
37121.589, 300.968751, 58.908135
2592.285, 300.796765, 58.749240
47092.728, 300.883434, 58.831845
38673.172, 300.923339, 58.867636
29001.806, 301.077274, 59.006055
48317.182, 301.058782, 58.992839
40214.487, 300.793617, 58.753069
3079.112, 300.986745, 58.924811
3981.961, 300.868208, 58.818083
14491.273, 301.041030, 58.975649
10503.103, 300.873434, 58.824931
4039.785, 301.157869, 59.079816
4357.655, 300.789409, 58.747582
18175.241, 300.841243, 58.796466
4351.681, 300.826840, 58.783396
6546.214, 300.836937, 58.792542
9133.579, 300.856747, 58.811233
39444.904, 301.160428, 59.087522
3431.395, 300.816821, 58.775415
12223.251, 300.900983, 58.854483
54713.315, 300.818294, 58.782812
3960.960, 300.924461, 58.876085
13528.289, 300.824898, 58.788538
2180.929, 300.956341, 58.905323
12686.237, 300.875868, 58.837318
33896.816, 300.980621, 58.934050
30021.690, 301.144928, 59.081792
31873.537, 301.130709, 59.070386
11761.867, 300.809423, 58.780013
77814.919, 301.022745, 58.976035
23689.306, 300.803226, 58.775056
26138.005, 300.838481, 58.807614
29813.299, 301.090190, 59.035181
3973.833, 300.968472, 58.923708
15696.725, 300.775809, 58.751674
44076.265, 300.823589, 58.798035
2683.031, 300.940178, 58.900796
12693.172, 301.002628, 58.959141
3036.046, 301.066172, 59.015907
8707.100, 300.809661, 58.785609
28793.639, 301.076986, 59.029075
13800.382, 301.110479, 59.058602
10060.747, 300.945225, 58.910531
6204.576, 300.816617, 58.793818
25298.046, 300.974854, 58.939952
6111.559, 300.812938, 58.791562
71085.253, 300.847529, 58.827357
3937.530, 300.861902, 58.836035
3918.571, 301.036820, 58.994515
38641.089, 300.780178, 58.767615
3051.744, 300.924003, 58.893371
27597.859, 300.960858, 58.930073
3908.090, 300.841391, 58.821140
10035.458, 300.935489, 58.910774
78014.833, 301.020189, 58.991850
12640.780, 300.868223, 58.850682
9508.660, 300.918241, 58.895604
9665.051, 300.793710, 58.783262
4758.274, 300.810595, 58.798708
23352.155, 300.927305, 58.906770
7037.880, 300.946485, 58.923239
78336.951, 300.961478, 58.941404
22186.178, 301.002428, 58.975545
2687.643, 300.861659, 58.846554
15339.014, 300.891490, 58.876334
3098.656, 300.895845, 58.880333
19102.392, 300.801687, 58.796809
92218.705, 300.856998, 58.853271
72695.634, 300.773865, 58.776525
4849.748, 300.825494, 58.819399
7473.390, 300.830919, 58.824290
28247.029, 300.907703, 58.895735
11860.802, 300.976934, 58.958439
32757.144, 301.093083, 59.064746
33559.048, 301.143959, 59.110498
4491.241, 301.153587, 59.116964
36865.749, 301.098194, 59.071231
2617.498, 300.841084, 58.838661
22371.333, 300.749701, 58.758521
6491.981, 300.900842, 58.894230
203868.634, 301.016995, 59.006955
41446.091, 301.112221, 59.087046
4358.010, 300.843489, 58.843054
2600.099, 300.865655, 58.862360
31778.308, 300.886897, 58.886514
2207.475, 300.807180, 58.812134
29309.533, 300.785554, 58.796211
2200.794, 300.820768, 58.826694
2219.582, 300.832840, 58.837671
10447.681, 300.772911, 58.785605
2157.853, 300.789331, 58.800747
9592.140, 300.845483, 58.852590
31448.439, 300.744192, 58.762479
3993.010, 300.899723, 58.903378
18349.985, 300.920856, 58.926051
10977.736, 300.978370, 58.975146
40817.146, 301.022227, 59.016839
44021.956, 300.804212, 58.822219
6151.579, 300.875481, 58.882186
22965.424, 301.031288, 59.025529
36139.795, 300.857910, 58.870234
10923.671, 300.792958, 58.811919
28558.339, 300.735426, 58.761231
29959.788, 300.961796, 58.965623
50836.524, 301.131581, 59.119150
94043.595, 300.767467, 58.792507
23548.493, 300.742975, 58.768882
15793.789, 300.851308, 58.867507
83845.718, 300.743091, 58.775861
16526.605, 300.755146, 58.780829
5641.022, 300.876116, 58.891518
275360.113, 300.899530, 58.922332
41243.964, 301.092513, 59.089145
75208.248, 300.776050, 58.811195
2599.824, 300.921239, 58.932857
23065.724, 300.875875, 58.895602
3963.634, 300.777402, 58.805272
38633.652, 300.809561, 58.837185
2204.916, 300.751586, 58.783635
7456.916, 300.886911, 58.909407
8856.326, 301.078220, 59.081257
13061.096, 300.730797, 58.769126
18750.410, 300.751570, 58.788588
4392.290, 300.841792, 58.870333
39227.469, 300.958617, 58.979271
22923.800, 300.866779, 58.897588
16094.882, 300.779901, 58.819976
48256.717, 300.718935, 58.766214
9576.895, 300.776568, 58.815433
2617.922, 300.728364, 58.772464
3540.716, 300.843067, 58.878922
4758.885, 300.737715, 58.784100
40873.418, 300.743673, 58.793168
52163.832, 300.832512, 58.874151
12574.483, 300.878877, 58.914230
13232.851, 301.032437, 59.052848
5294.888, 301.104931, 59.116336
3474.556, 300.773485, 58.818450
2166.948, 300.754869, 58.801126
2187.693, 300.770471, 58.815186
52302.780, 300.953946, 58.985722
16303.248, 300.843948, 58.885001
35935.528, 301.042539, 59.065573
17383.877, 300.797037, 58.844218
17971.209, 300.722253, 58.778923
6535.511, 300.793300, 58.841704
6248.994, 300.836163, 58.880938
2224.712, 300.767799, 58.821503
62999.467, 301.017806, 59.053355
4938.370, 301.083289, 59.108692
8690.545, 300.850927, 58.900766
50861.954, 301.052824, 59.085409
3922.966, 300.759315, 58.819544
3060.790, 300.791852, 58.849956
22379.704, 300.886802, 58.938680
6121.884, 300.957782, 59.000961
45496.651, 300.718620, 58.790008
3530.557, 300.729755, 58.795991
3500.964, 300.821313, 58.880579
6547.615, 300.849517, 58.906602
65463.806, 300.830681, 58.896236
3543.895, 300.702152, 58.775497
3058.800, 300.762392, 58.830205
52983.950, 300.926535, 58.984918
43574.795, 300.948328, 59.004492
23016.920, 301.047511, 59.093356
9168.202, 300.739843, 58.814701
6975.689, 300.955776, 59.011587
2588.276, 300.835067, 58.902195
5688.319, 300.870619, 58.935042
14844.464, 300.770574, 58.845765
9571.983, 300.718488, 58.799169
3505.133, 300.798645, 58.870810
74097.985, 300.845254, 58.917903
2636.289, 300.728689, 58.808023
6108.228, 300.790417, 58.864996
6542.987, 300.893307, 58.958707
5662.321, 300.743701, 58.823785
7800.444, 300.691056, 58.777741
8327.347, 300.984691, 59.043555
2197.066, 300.808970, 58.885416
6057.576, 300.858561, 58.930564
6606.766, 300.970524, 59.032863
35414.722, 301.075458, 59.128958
6965.680, 300.772704, 58.854904
5688.151, 300.884159, 58.956013
46918.545, 300.913940, 58.987382
2157.045, 300.764536, 58.850177
4308.457, 300.825375, 58.905183
55362.544, 300.960481, 59.030873
3549.165, 301.019004, 59.080149
2665.300, 300.703177, 58.794804
5597.675, 300.816115, 58.897476
8950.620, 301.043622, 59.104900
8862.719, 300.681409, 58.778082
2599.449, 300.687878, 58.783053
38537.126, 300.852120, 58.936543
22807.544, 300.767322, 58.859732
12321.342, 300.775595, 58.866229
6160.045, 301.023331, 59.090629
4386.843, 300.731557, 58.827166
3506.548, 300.825990, 58.913102
23062.199, 300.858940, 58.944304
4862.289, 300.749228, 58.844007
65143.149, 300.718840, 58.822405
14115.400, 301.035440, 59.104484
17601.581, 301.026921, 59.097865
4835.569, 300.687540, 58.790318
20887.332, 300.752861, 58.851130
36644.680, 300.867638, 58.957057
309724.808, 300.955352, 59.045154
24381.753, 300.990883, 59.067835
5276.162, 301.042556, 59.112467
4858.496, 300.691167, 58.795402
3056.204, 300.819044, 58.911082
8709.972, 300.786505, 58.883916
88837.527, 300.993385, 59.075314
6556.736, 300.743899, 58.847314
4360.175, 300.675249, 58.783015
15607.682, 301.058116, 59.131060
6609.637, 300.939035, 59.024225
38272.294, 300.726619, 58.837108
2241.535, 300.856467, 58.950868
50577.466, 300.708215, 58.820577
65898.307, 300.872008, 58.970074
6162.621, 300.864983, 58.960855
5575.425, 300.699681, 58.811375
6106.515, 300.798439, 58.902176
41720.527, 300.767995, 58.877426
18002.563, 300.939079, 59.031448
71776.777, 300.659845, 58.785047
12222.194, 300.863439, 58.965079
18781.738, 300.884469, 58.984246
41519.701, 300.896467, 58.997284
26227.494, 300.891628, 58.992543
11890.812, 300.698612, 58.816971
78999.274, 300.772895, 58.889890
11366.662, 300.687194, 58.809293
33355.270, 300.711792, 58.832197
178973.957, 300.750033, 58.872241
22085.370, 300.884010, 58.988828
15195.518, 300.764897, 58.882838
9536.859, 300.808344, 58.922021
67975.215, 300.674982, 58.804323
5221.980, 300.747607, 58.866492
29439.800, 300.662469, 58.793883
15912.378, 300.907683, 59.015088
3470.741, 300.918549, 59.023134
3055.669, 300.760004, 58.881080
24019.800, 300.829212, 58.947950
6142.689, 300.797184, 58.916174
19337.987, 300.973116, 59.076892
3986.694, 300.688590, 58.817841
13958.238, 300.735850, 58.863495
6520.245, 300.689944, 58.820628
19337.578, 300.864677, 58.981841
33617.592, 300.647019, 58.787004
5697.413, 300.677041, 58.812016
3479.190, 300.714298, 58.844875
142943.946, 300.751284, 58.890476
44120.580, 300.880470, 59.002194
22751.024, 300.704165, 58.841734
35478.469, 300.964099, 59.078027
6155.196, 300.670942, 58.810017
2606.029, 300.696615, 58.833505
8691.398, 301.029310, 59.135567
11747.545, 300.655529, 58.798634
27423.209, 300.763597, 58.899694
40684.346, 300.662551, 58.807416
20538.946, 301.019396, 59.129841
52701.053, 300.645084, 58.793679
10821.134, 300.732248, 58.869866
221400.005, 300.813982, 58.954649
54493.154, 300.937266, 59.058193
2639.201, 300.793811, 58.927272
3012.495, 300.673108, 58.817403
69612.733, 300.828191, 58.965171
3962.537, 300.882727, 59.009164
15778.118, 300.991774, 59.109201
7835.003, 300.711462, 58.855480
90819.698, 301.034694, 59.151956
41622.284, 300.633473, 58.791514
17369.497, 300.774766, 58.915898
33756.491, 300.885578, 59.017111
10484.719, 300.664080, 58.814572
40744.204, 300.925054, 59.054858
88063.702, 300.674374, 58.830689
5664.073, 300.756149, 58.900447
2170.245, 300.642784, 58.797767
3944.273, 300.670266, 58.822300
10571.350, 301.007755, 59.130737
19998.448, 300.693331, 58.847580
19123.802, 300.737256, 58.887500
4382.650, 300.837272, 58.977011
5234.240, 300.648987, 58.807087
67549.380, 300.837816, 58.982561
2622.357, 300.682462, 58.837716
3912.276, 300.708333, 58.862624
52682.129, 300.923016, 59.060782
10484.704, 300.702517, 58.860754
9564.476, 300.631690, 58.798519
154239.687, 300.729264, 58.894050
3939.909, 300.661191, 58.824686
5709.682, 300.683833, 58.845618
43018.625, 300.685468, 58.851083
5267.504, 300.634378, 58.802146
5670.681, 300.724632, 58.884901
186983.677, 300.850369, 59.004797
8270.351, 300.649194, 58.817023
19036.295, 300.739241, 58.900823
123214.218, 300.636532, 58.813263
6499.837, 300.655421, 58.824749
18919.588, 300.838088, 58.992550
2650.568, 300.914474, 59.059753
2160.749, 300.671207, 58.840342
5230.368, 300.705082, 58.871813
13404.943, 300.715517, 58.881657
11742.526, 300.777320, 58.938950
21872.592, 300.789518, 58.952604
10437.138, 300.668457, 58.843627
12730.337, 300.800242, 58.963748
31607.806, 300.671825, 58.848632
18796.295, 300.649385, 58.829868
4787.492, 300.701160, 58.877922
5694.555, 300.611775, 58.798724
5740.006, 300.718505, 58.898378
36166.967, 300.780598, 58.956640
9648.519, 300.656412, 58.841779
7376.238, 300.681997, 58.864770
3522.545, 300.729731, 58.908371
17796.097, 300.797363, 58.971487
2582.619, 300.631770, 58.821427
17106.645, 300.726989, 58.912567
3143.104, 300.916031, 59.081548
12467.326, 300.823686, 58.999680
33409.479, 300.826485, 59.004882
109365.376, 300.997361, 59.165236
13380.787, 300.653903, 58.849432
18986.884, 300.942139, 59.109273
30781.635, 300.745900, 58.934219
41349.442, 300.600426, 58.803981
3061.057, 300.862337, 59.037654
22977.326, 300.682505, 58.877940
16243.737, 300.714529, 58.905770
110019.461, 300.981736, 59.152454
75824.015, 300.801756, 58.993251
10242.955, 300.908802, 59.083180
6505.460, 300.619291, 58.822581
61281.884, 300.888675, 59.070632
12166.170, 300.602910, 58.809434
7836.863, 300.669840, 58.869870
44964.123, 300.794830, 58.987268
63388.924, 300.829774, 59.020734
2167.193, 300.876187, 59.059313
50512.190, 300.641177, 58.851740
37272.316, 300.731216, 58.934434
43454.908, 300.764292, 58.965659
12593.763, 300.688007, 58.895085
2192.527, 300.698551, 58.903124
3936.189, 300.709609, 58.914478
9693.151, 300.772512, 58.974248
30557.860, 300.666351, 58.881549
11464.971, 300.860065, 59.055190
7413.584, 300.651674, 58.867389
13970.476, 300.647699, 58.864229
5831.790, 300.955302, 59.142266
26425.102, 300.984904, 59.172436
31310.370, 300.600815, 58.824788
6065.644, 300.848360, 59.048608
24535.194, 300.649868, 58.870894
23011.076, 300.790943, 58.999292
27797.615, 300.654568, 58.876115
3998.868, 300.815433, 59.019919
4778.359, 300.708662, 58.924261
50988.873, 300.880806, 59.084281
58050.178, 300.677987, 58.902196
34151.829, 300.964429, 59.159919
3063.196, 300.590262, 58.819938
33785.559, 300.738924, 58.958491
36284.053, 300.817564, 59.029705
37608.967, 300.824501, 59.036902
5233.861, 300.657444, 58.883220
4349.377, 300.672902, 58.897337
3949.833, 300.728981, 58.948723
591887.817, 300.635558, 58.888076
3176.176, 300.697509, 58.921668
80558.726, 300.576677, 58.820665
13755.580, 300.775898, 58.995760
4867.750, 300.920685, 59.126094
3066.060, 300.622344, 58.855752
4343.667, 300.756420, 58.978849
2641.643, 300.664321, 58.895152
9113.437, 300.728497, 58.955543
23739.540, 300.894692, 59.106709
3061.547, 300.947495, 59.152417
3957.392, 300.930696, 59.139006
42603.058, 300.683097, 58.918660
2167.476, 300.703522, 58.933960
6555.292, 300.626519, 58.865771
57351.261, 300.737629, 58.971026
2203.702, 300.747790, 58.977313
8325.610, 300.588777, 58.834143
21396.080, 300.662963, 58.904623
7313.589, 300.676460, 58.915423
145317.944, 300.904806, 59.126559
51649.889, 300.948520, 59.164564
14523.127, 300.599353, 58.846855
72830.741, 300.721077, 58.963543
16309.070, 300.851036, 59.076581
40807.293, 300.616270, 58.866504
21480.157, 300.887177, 59.111468
5286.188, 300.681793, 58.924182
13842.716, 300.579518, 58.831682
9216.466, 300.793909, 59.026676
3550.408, 300.665095, 58.909636
25693.400, 300.693839, 58.937298
18176.736, 300.685085, 58.930333
9608.136, 300.650394, 58.898931
63452.843, 300.598777, 58.857053
16037.390, 300.675058, 58.923016
37486.678, 300.586652, 58.844346
2120.612, 300.626323, 58.877989
7366.212, 300.677531, 58.925644
39615.479, 300.802812, 59.044310
2175.282, 300.954891, 59.179710
3950.420, 300.600151, 58.861072
2602.385, 300.613448, 58.873384
90399.370, 300.665108, 58.926661
2656.258, 300.925697, 59.156741
23615.522, 300.938395, 59.170690
11293.511, 300.564395, 58.830610
65240.938, 300.848821, 59.092474
3543.286, 300.913765, 59.147487
6652.591, 300.600424, 58.865787
7817.089, 300.551619, 58.821636
14343.506, 300.674310, 58.935032
6110.538, 300.674446, 58.938599
13090.076, 300.586989, 58.859379
15439.961, 300.801394, 59.054716
8854.336, 300.890904, 59.135326
4829.633, 300.558799, 58.833314
36888.442, 300.812738, 59.071336
3052.683, 300.579430, 58.852531
3518.445, 300.626960, 58.897604
4353.767, 300.644308, 58.914560
3110.850, 300.910568, 59.155207
2635.073, 300.707844, 58.973810
9544.931, 300.712142, 58.980027
19491.112, 300.841858, 59.097926
21024.406, 300.566081, 58.848946
18139.910, 300.617520, 58.896699
37311.030, 300.622057, 58.902303
24289.830, 300.782774, 59.047369
21213.325, 300.937156, 59.186783
4822.840, 300.690899, 58.963667
10513.745, 300.703553, 58.975901
69786.121, 300.893315, 59.151462
23438.835, 300.582370, 58.867451
3091.062, 300.693136, 58.966880
129097.591, 300.581102, 58.880312
4804.091, 300.537023, 58.828076
41371.656, 300.790220, 59.063191
25173.977, 300.740295, 59.018165
13305.506, 300.871263, 59.134521
23642.762, 300.542313, 58.837151
3508.588, 300.624801, 58.910529
27182.106, 300.665008, 58.949899
9204.284, 300.606298, 58.896823
9189.293, 300.659974, 58.943597
3128.772, 300.638942, 58.925035
4841.661, 300.562030, 58.857039
53754.898, 300.861206, 59.131871
12405.959, 300.675606, 58.964087
4411.170, 300.809236, 59.085950
18172.217, 300.827137, 59.103825
15588.349, 300.812561, 59.090998
2616.046, 300.894769, 59.163376
2555.732, 300.589143, 58.888342
5685.855, 300.625520, 58.922521
4011.226, 300.574264, 58.875979
19680.168, 300.519765, 58.827855
29631.918, 300.655981, 58.954599
13137.820, 300.692844, 58.986787
10591.355, 300.744833, 59.033186
34356.209, 300.777072, 59.064184
4372.106, 300.600587, 58.901954
35014.800, 300.539082, 58.849438
3488.063, 300.696768, 58.992569
13081.105, 300.872579, 59.152926
2582.765, 300.522565, 58.833719
5721.174, 300.820195, 59.105923
33739.439, 300.828217, 59.116302
5675.271, 300.512722, 58.827054
4404.411, 300.613753, 58.918735
18155.418, 300.742847, 59.038516
2170.013, 300.768709, 59.060189
3049.221, 300.778530, 59.068681
21645.414, 300.897345, 59.178064
5709.440, 300.683151, 58.983637
28639.392, 300.635379, 58.942274
292324.193, 300.702851, 59.009866
7825.949, 300.525968, 58.842686
8347.985, 300.771637, 59.067744
7183.095, 300.882747, 59.168076
2644.237, 300.512906, 58.831198
23807.245, 300.798194, 59.094141
10835.918, 300.525893, 58.848867
23079.248, 300.710989, 59.017431
11754.283, 300.534717, 58.856203
4388.600, 300.542950, 58.863152
5264.191, 300.603388, 58.918314
7419.338, 300.716598, 59.021948
2689.936, 300.549317, 58.869173
64168.801, 300.558211, 58.884368
6068.328, 300.641284, 58.955488
7445.226, 300.648889, 58.964341
14774.111, 300.653960, 58.969606
16363.017, 300.661819, 58.976536
2168.624, 300.521074, 58.846451
23952.567, 300.583845, 58.906843
11325.400, 300.595912, 58.916382
5291.689, 300.617735, 58.938120
31450.184, 300.611316, 58.935832
7413.216, 300.539818, 58.868410
3947.481, 300.715059, 59.028741
7356.141, 300.511980, 58.844874
44975.271, 300.740200, 59.055259
13897.335, 300.827269, 59.131995
8286.735, 300.533140, 58.865902
12329.674, 300.659939, 58.981565
3466.972, 300.500909, 58.836520
35707.961, 300.514288, 58.851070
37516.431, 300.718294, 59.038616
2177.532, 300.603419, 58.931617
67112.028, 300.638329, 58.968159
29401.735, 300.765547, 59.081760
32529.995, 300.813130, 59.125086
39123.257, 300.623356, 58.953632
13899.931, 300.646589, 58.973375
4359.001, 300.502483, 58.841790
22311.035, 300.556469, 58.895165
58108.387, 300.865099, 59.178933
10482.357, 300.537086, 58.879204
42319.402, 300.560597, 58.902970
3951.324, 300.776427, 59.097259
2632.170, 300.546645, 58.888864
3080.344, 300.630412, 58.965425
6469.497, 300.501047, 58.848200
4381.427, 300.660142, 58.994394
6519.546, 300.494789, 58.843950
9641.397, 300.546720, 58.893094
3072.460, 300.618404, 58.957602
16337.847, 300.811264, 59.134967
4024.635, 300.870413, 59.186522
2666.411, 300.706117, 59.039603
21305.246, 300.483429, 58.839643
63112.938, 300.708071, 59.046963
5219.437, 300.516814, 58.869048
49275.251, 300.638565, 58.984837
6533.675, 300.490636, 58.846861
17409.744, 300.539414, 58.893902
11306.174, 300.631300, 58.976820
24828.909, 300.852305, 59.178174
3447.853, 300.485851, 58.842932
4338.786, 300.546914, 58.899578
2242.209, 300.544239, 58.897203
36844.442, 300.734188, 59.074533
38816.855, 300.655112, 59.003840
2583.211, 300.820207, 59.150416
51671.204, 300.669844, 59.021328
2654.332, 300.492696, 58.856383
3959.787, 300.502494, 58.865230
31265.592, 300.480326, 58.850747
13690.473, 300.710522, 59.058620
91007.733, 300.767968, 59.115215
10535.773, 300.714747, 59.064279
4913.539, 300.472214, 58.841585
5642.967, 300.637385, 58.993722
23675.719, 300.689307, 59.042522
10436.371, 300.514472, 58.882896
3950.234, 300.541922, 58.906529
3899.908, 300.702354, 59.053026
42627.750, 300.526834, 58.898126
15668.159, 300.584593, 58.948332
3022.721, 300.498089, 58.868088
4348.721, 300.574255, 58.937759
38110.166, 300.835374, 59.179987
12778.838, 300.654074, 59.013196
11390.967, 300.548221, 58.917174
3549.381, 300.471196, 58.847240
6904.380, 300.609250, 58.975540
3099.104, 300.629522, 58.993980
5289.279, 300.510438, 58.886428
9741.945, 300.711503, 59.071148
45391.066, 300.734651, 59.094921
33091.897, 300.819137, 59.171914
2583.523, 300.461265, 58.842877
53706.502, 300.776639, 59.133678
3984.939, 300.516764, 58.894450
2681.263, 300.836687, 59.185068
9805.649, 300.840617, 59.190066
11258.670, 300.474616, 58.857382
19176.730, 300.560047, 58.938594
4788.994, 300.460736, 58.846443
37816.440, 300.750011, 59.113000
43929.596, 300.465709, 58.855467
13434.856, 300.593500, 58.969661
47891.533, 300.478806, 58.866941
37616.424, 300.606330, 58.985427
90389.036, 300.632041, 59.013288
4429.362, 300.527663, 58.912417
8352.254, 300.644831, 59.019717
3980.153, 300.510555, 58.897045
41654.941, 300.563626, 58.949366
14512.330, 300.815875, 59.178488
36484.054, 300.450348, 58.850098
16489.596, 300.556513, 58.945029
36234.473, 300.490000, 58.884906
5695.881, 300.618782, 58.999640
21563.029, 300.835200, 59.198420
7382.170, 300.541531, 58.932353
12628.663, 300.580862, 58.967854
6536.251, 300.528422, 58.920052
6653.770, 300.574407, 58.963010
13412.989, 300.479459, 58.877839
21072.554, 300.496806, 58.893902
2178.827, 300.606053, 58.992896
16764.890, 300.711262, 59.090671
6091.489, 300.666695, 59.049889
39535.422, 300.616548, 59.008520
39293.598, 300.811262, 59.185476
68368.670, 300.643211, 59.034915
59522.412, 300.721497, 59.106715
15321.142, 300.501734, 58.905052
10556.967, 300.568508, 58.963663
14749.912, 300.598891, 58.992538
12768.973, 300.763973, 59.143268
6571.432, 300.785131, 59.162474
24985.172, 300.682166, 59.071436
4378.838, 300.467765, 58.874745
78759.413, 300.520643, 58.928380
3085.368, 300.600863, 58.997060
2662.017, 300.546342, 58.947760
437980.174, 300.579423, 58.992288
5705.224, 300.744629, 59.128943
7828.196, 300.452501, 58.863562
174635.680, 300.454997, 58.874997
7036.815, 300.753432, 59.139620
6521.336, 300.471371, 58.884362
2628.622, 300.568233, 58.972905
34628.092, 300.695196, 59.092075
24514.786, 300.764305, 59.153297
7813.640, 300.601358, 59.005031
10403.150, 300.491079, 58.905498
8728.230, 300.543220, 58.953552
5192.269, 300.551469, 58.959132
43627.598, 300.642188, 59.045185
32710.732, 300.649379, 59.052046
12377.095, 300.783426, 59.171839
5303.175, 300.438253, 58.857185
34643.588, 300.477904, 58.896899
6971.664, 300.433312, 58.854481
24763.984, 300.799101, 59.189068
31287.459, 300.519063, 58.936362
21092.125, 300.544020, 58.960993
9593.234, 300.565860, 58.980479
19442.868, 300.817908, 59.210034
9632.711, 300.440098, 58.865809
2202.809, 300.787559, 59.181092
2584.732, 300.433199, 58.861026
9228.187, 300.725890, 59.129928
4413.849, 300.531032, 58.951970
5292.610, 300.556915, 58.975983
17501.055, 300.449376, 58.883093
67657.848, 300.681262, 59.097341
61290.957, 300.736962, 59.144216
37599.661, 300.797681, 59.201314
6035.584, 300.497749, 58.923955
8753.430, 300.626283, 59.041918
10078.193, 300.471866, 58.901330
6923.551, 300.507369, 58.932375
3932.707, 300.542881, 58.965767
23736.129, 300.697137, 59.107951
48064.092, 300.769726, 59.174955
7437.101, 300.485349, 58.913094
11736.877, 300.509615, 58.937191
2151.112, 300.432201, 58.864911
7021.521, 300.489589, 58.919380
8318.541, 300.522928, 58.951974
3089.072, 300.539013, 58.966484
3072.305, 300.437518, 58.876606
31419.982, 300.463334, 58.902830
3556.106, 300.414261, 58.856129
7848.788, 300.541714, 58.973574
6955.971, 300.438610, 58.881230
6512.842, 300.526308, 58.961072
3039.514, 300.484911, 58.924005
3031.564, 300.501510, 58.939143
85585.923, 300.596441, 59.031440
9161.758, 300.445501, 58.890972
14728.403, 300.501400, 58.942330
32281.466, 300.627896, 59.058133
28773.339, 300.727160, 59.149290
27478.643, 300.436808, 58.886530
3074.568, 300.469119, 58.911898
83079.020, 300.563195, 59.002804
3085.493, 300.581103, 59.014930
16102.186, 300.588563, 59.022772
2166.483, 300.735248, 59.154875
10150.863, 300.708824, 59.133490
2670.173, 300.642363, 59.073724
13641.356, 300.615513, 59.050898
3504.780, 300.406332, 58.859855
8312.070, 300.427381, 58.881052
66762.952, 300.525024, 58.975745
5656.626, 300.410209, 58.866590
12612.987, 300.576394, 59.019163
4389.866, 300.420303, 58.875695
28216.967, 300.444666, 58.902703
3478.508, 300.469410, 58.921149
2642.343, 300.643632, 59.080506
31504.002, 300.652277, 59.091382
4790.822, 300.432447, 58.889547
38548.632, 300.478698, 58.934836
7448.406, 300.543976, 58.993160
10663.044, 300.713227, 59.146831
5164.195, 300.406599, 58.868294
3063.514, 300.449279, 58.907845
7443.197, 300.471716, 58.929882
6076.235, 300.663184, 59.105272
3115.189, 300.673686, 59.113892
3524.452, 300.415413, 58.878543
2210.896, 300.560914, 59.011617
18906.350, 300.731354, 59.169222
11018.685, 300.775449, 59.208235
4410.108, 300.789738, 59.219992
4350.066, 300.481913, 58.941419
21455.181, 300.491522, 58.951186
4829.068, 300.515636, 58.971904
4367.060, 300.530015, 58.984690
5619.956, 300.393693, 58.861163
101276.695, 300.417311, 58.888981
9101.740, 300.427277, 58.892959
29716.215, 300.453082, 58.918580
10944.117, 300.598621, 59.051116
13550.507, 300.615044, 59.065990
9618.984, 300.619675, 59.069918
20560.234, 300.672660, 59.119400
3090.928, 300.784058, 59.218051
30545.857, 300.483623, 58.948451
2626.873, 300.535066, 58.992528
55058.102, 300.709537, 59.155435
2180.118, 300.445723, 58.911013
2640.852, 300.702461, 59.146067
40281.957, 300.517282, 58.980401
6560.795, 300.778727, 59.217178
7403.827, 300.412024, 58.884019
4372.740, 300.682220, 59.130515
5215.446, 300.386756, 58.862966
21315.333, 300.423790, 58.899753
13987.468, 300.518688, 58.985662
30455.996, 300.526925, 58.993370
32684.993, 300.397972, 58.877071
16077.925, 300.404111, 58.882402
2225.734, 300.420264, 58.894367
29475.411, 300.458192, 58.931852
4347.067, 300.625650, 59.083321
11867.775, 300.451548, 58.927668
3570.695, 300.390227, 58.868804
19544.282, 300.683813, 59.139473
311298.791, 300.433259, 58.921659
9090.407, 300.613392, 59.075722
59068.377, 300.641838, 59.105744
3101.563, 300.662283, 59.120808
3089.395, 300.462609, 58.937943
8333.588, 300.404447, 58.886488
2185.839, 300.498681, 58.972599
9215.449, 300.456102, 58.935881
4824.208, 300.714702, 59.170468
5222.343, 300.477776, 58.955842
57512.054, 300.477004, 58.960738
32360.806, 300.697787, 59.158764
17757.431, 300.426414, 58.909805
9665.904, 300.501562, 58.979232
5657.133, 300.407921, 58.893536
90931.788, 300.405603, 58.901730
6106.641, 300.513382, 58.990352
3657.085, 300.587784, 59.057757
28237.347, 300.716148, 59.176914
33114.755, 300.381599, 58.871736
2263.818, 300.618917, 59.086405
35779.643, 300.626616, 59.096601
7776.897, 300.576396, 59.050782
3917.316, 300.602733, 59.074146
5625.988, 300.385260, 58.876079
3060.097, 300.673334, 59.139775
2557.002, 300.372653, 58.868630
3471.525, 300.399551, 58.894088
3068.618, 300.458267, 58.953234
13512.650, 300.472592, 58.969442
3069.063, 300.610516, 59.093053
51839.931, 300.487865, 58.988622
43507.601, 300.677909, 59.158308
4374.020, 300.374370, 58.878316
6937.695, 300.441395, 58.940366
24035.060, 300.723284, 59.198846
4377.672, 300.378717, 58.882912
66152.429, 300.525253, 59.021786
114770.870, 300.628124, 59.119286
4069.348, 300.748340, 59.221240
19579.216, 300.457236, 58.958600
8848.748, 300.732054, 59.208149
90088.486, 300.385586, 58.897190
5321.369, 300.696666, 59.176445
140895.672, 300.508837, 59.011251
5284.753, 300.681334, 59.164522
53175.903, 300.365155, 58.881565
51401.783, 300.401231, 58.913359
13410.103, 300.365143, 58.877615
4415.660, 300.392242, 58.901618
11309.926, 300.358526, 58.873865
2228.736, 300.443106, 58.949408
2230.606, 300.562948, 59.059576
2648.282, 300.724470, 59.206404
66638.464, 300.541055, 59.044937
19485.321, 300.754894, 59.236266
10107.635, 300.460849, 58.969745
2179.990, 300.615646, 59.110846
11815.630, 300.405907, 58.921319
6535.241, 300.527226, 59.031791
2205.664, 300.629155, 59.123830
14732.066, 300.388204, 58.906962
96175.977, 300.346551, 58.877072
29379.094, 300.392222, 58.911324
3630.980, 300.553894, 59.057661
2198.557, 300.485312, 58.995635
16238.921, 300.570688, 59.076789
3097.310, 300.445077, 58.961270
3918.663, 300.499227, 59.010608
8701.750, 300.510189, 59.021302
11767.619, 300.578055, 59.083359
7100.306, 300.693353, 59.188159
21716.627, 300.445449, 58.965774
8297.913, 300.516109, 59.027837
15008.803, 300.660887, 59.160179
33893.677, 300.669713, 59.171333
2678.706, 300.716102, 59.208987
16256.768, 300.749251, 59.241124
42588.117, 300.375738, 58.900718
9221.198, 300.358868, 58.885646
122518.098, 300.359706, 58.899219
3543.283, 300.502118, 59.016545
10963.176, 300.578998, 59.088533
2661.604, 300.396818, 58.920301
28270.428, 300.414020, 58.939475
2188.907, 300.408327, 58.931834
6983.539, 300.546250, 59.061129
7064.975, 300.712644, 59.212543
30054.767, 300.504398, 59.025656
2150.198, 300.529922, 59.046521
30529.157, 300.587942, 59.102031
3053.933, 300.597877, 59.108027
3107.951, 300.602251, 59.112623
9663.944, 300.402252, 58.930774
47836.607, 300.579658, 59.096821
4802.457, 300.355204, 58.888342
57124.982, 300.411229, 58.945589
2194.067, 300.397130, 58.928497
6984.623, 300.429159, 58.958584
2257.340, 300.575924, 59.093127
14350.730, 300.373037, 58.909330
11230.753, 300.458082, 58.987301
17608.270, 300.679659, 59.190836
16607.817, 300.472879, 59.002719
2167.604, 300.617961, 59.133274
3489.794, 300.608069, 59.125080
8759.819, 300.407796, 58.943553
16782.352, 300.635679, 59.153216
18532.935, 300.347475, 58.889916
7852.364, 300.333515, 58.878563
10411.421, 300.390843, 58.930777
7845.796, 300.612929, 59.134612
2614.768, 300.570964, 59.096147
17683.160, 300.605564, 59.129905
11810.158, 300.618145, 59.140403
5286.952, 300.648490, 59.167335
16261.925, 300.574061, 59.101823
17785.840, 300.705845, 59.222487
10894.270, 300.340549, 58.888353
24818.847, 300.368306, 58.916801
4780.891, 300.416445, 58.956673
16914.568, 300.343981, 58.894188
7012.372, 300.464977, 59.002556
9556.355, 300.642130, 59.164531
27677.221, 300.498751, 59.036804
32108.408, 300.416347, 58.962642
5688.537, 300.433583, 58.975512
20170.062, 300.437507, 58.980851
20418.780, 300.361481, 58.910616
35673.048, 300.442341, 58.990188
6518.177, 300.483583, 59.022253
4772.963, 300.490406, 59.029607
6962.620, 300.522657, 59.059503
12652.636, 300.563308, 59.097941
16597.230, 300.528732, 59.066081
4436.406, 300.590007, 59.122834
52922.775, 300.611601, 59.146177
62554.713, 300.325089, 58.883534
5676.172, 300.374004, 58.925871
26440.281, 300.377999, 58.931620
10397.742, 300.399853, 58.950415
16687.014, 300.566326, 59.103273
23353.208, 300.331954, 58.889968
24096.043, 300.392521, 58.946974
12632.158, 300.527187, 59.070200
19272.209, 300.599506, 59.136600
13014.881, 300.403632, 58.956890
26718.692, 300.540606, 59.084173
8730.948, 300.635577, 59.168865
93532.535, 300.661990, 59.201254
6128.531, 300.367256, 58.923665
44836.422, 300.429928, 58.984538
4377.582, 300.334680, 58.894676
8776.744, 300.511529, 59.057884
34820.138, 300.616665, 59.158025
5631.521, 300.344882, 58.906177
11374.504, 300.349585, 58.913300
16537.207, 300.462728, 59.016750
12870.453, 300.504782, 59.055551
48538.316, 300.506911, 59.061708
12878.224, 300.581892, 59.125154
81096.405, 300.365793, 58.936793
16210.783, 300.554292, 59.103637
50298.799, 300.558405, 59.109293
21307.091, 300.514415, 59.067971
16395.574, 300.532206, 59.083704
3947.092, 300.431491, 58.991206
4877.824, 300.435081, 58.994689
5189.618, 300.462715, 59.021000
29006.225, 300.327372, 58.899168
4348.790, 300.343594, 58.912198
31730.477, 300.376781, 58.944279
14903.092, 300.386383, 58.952579
81112.183, 300.537592, 59.094598
27399.712, 300.704157, 59.243654
7025.065, 300.409673, 58.974781
6992.203, 300.531082, 59.088672
6538.775, 300.567561, 59.120475
34613.093, 300.396864, 58.968910
2625.744, 300.346034, 58.918690
15302.405, 300.358511, 58.932566
20151.279, 300.477118, 59.043138
11698.910, 300.340201, 58.916725
21821.314, 300.452473, 59.020354
16125.748, 300.543333, 59.103980
30503.387, 300.609538, 59.166114
4811.770, 300.392103, 58.965433
12750.378, 300.365335, 58.942568
9518.922, 300.310176, 58.892514
99393.371, 300.435775, 59.014104
2616.388, 300.624312, 59.179017
16531.869, 300.412232, 58.986966
173687.209, 300.318378, 58.909593
2202.499, 300.303827, 58.887451
47756.517, 300.473123, 59.049848
6985.490, 300.489142, 59.058576
31257.321, 300.544954, 59.113080
26556.216, 300.672203, 59.227095
6970.635, 300.420579, 58.996674
27713.888, 300.527448, 59.096593
7314.980, 300.637516, 59.194404
2607.333, 300.311813, 58.896279
11360.661, 300.467123, 59.040334
19990.191, 300.424556, 59.003263
54608.100, 300.304402, 58.901066
7771.558, 300.453391, 59.030442
5172.090, 300.329655, 58.916039
18646.658, 300.352977, 58.939781
14101.289, 300.610263, 59.175658
2667.350, 300.300455, 58.890036
19158.595, 300.481965, 59.059219
101411.397, 300.530958, 59.107642
5747.993, 300.393041, 58.977660
64367.834, 300.435248, 59.023168
2621.565, 300.516306, 59.090616
3058.154, 300.325439, 58.916140
24864.944, 300.592428, 59.162992
3974.124, 300.366604, 58.954896
31505.524, 300.633236, 59.201513
12853.975, 300.665415, 59.230414
39465.851, 300.405934, 58.997557
16687.545, 300.675826, 59.239643
33454.920, 300.690253, 59.254731
4417.918, 300.503080, 59.081882
9222.642, 300.577513, 59.150846
9596.159, 300.571437, 59.147482
7531.385, 300.598710, 59.172277
2215.426, 300.347564, 58.942037
20260.986, 300.474715, 59.062162
2168.064, 300.492745, 59.075852
5758.379, 300.359209, 58.954006
5676.666, 300.385681, 58.978939
9496.129, 300.351604, 58.948820
31446.729, 300.358169, 58.960686
10951.829, 300.428286, 59.019776
4312.003, 300.439493, 59.028876
9996.665, 300.458336, 59.047092
26778.290, 300.552898, 59.135316
2210.480, 300.412761, 59.004663
7867.390, 300.446805, 59.037196
19753.991, 300.290330, 58.894639
38017.251, 300.676702, 59.249864
3999.052, 300.450066, 59.042930
2128.758, 300.285903, 58.892327
25047.922, 300.340549, 58.944774
3079.087, 300.487947, 59.078383
34365.811, 300.507868, 59.098825
53180.325, 300.575403, 59.162818
4793.420, 300.333772, 58.937316
8235.428, 300.429009, 59.026902
63288.277, 300.611778, 59.196593
6254.310, 300.646224, 59.223886
4343.906, 300.317144, 58.923388
6568.936, 300.402572, 59.003456
6481.511, 300.498464, 59.092221
7391.854, 300.392221, 58.996030
30215.588, 300.592526, 59.181041
5205.926, 300.651985, 59.232778
8368.444, 300.554533, 59.145524
2211.215, 300.295645, 58.908361
33710.102, 300.298044, 58.913206
21090.955, 300.655970, 59.241003
22646.376, 300.673180, 59.255544
5635.609, 300.287196, 58.901878
2589.091, 300.318652, 58.929614
15068.323, 300.436832, 59.040639
4381.484, 300.354400, 58.965291
13102.127, 300.442886, 59.047840
19495.049, 300.573827, 59.167831
3896.843, 300.361421, 58.972946
14057.981, 300.536733, 59.134952
8934.040, 300.527232, 59.126116
3888.442, 300.319113, 58.935578
13516.636, 300.307946, 58.926217
29802.805, 300.338270, 58.955332
64754.316, 300.481097, 59.090330
241116.955, 300.480538, 59.100247
5774.115, 300.275718, 58.898483
2226.427, 300.385053, 58.997892
7834.844, 300.390625, 59.004995
32859.036, 300.417758, 59.032224
64213.297, 300.315340, 58.941141
31796.883, 300.445431, 59.058910
63037.469, 300.647714, 59.245124
18245.981, 300.309312, 58.934139
137276.859, 300.355569, 58.981688
8286.738, 300.346700, 58.968658
4006.084, 300.401695, 59.017950
62668.426, 300.334801, 58.962327
8257.941, 300.302197, 58.930461
43772.940, 300.320262, 58.950364
11387.647, 300.529902, 59.139246
117630.704, 300.266482, 58.903082
7379.176, 300.349177, 58.975661
35437.525, 300.408549, 59.032060
4807.956, 300.391231, 59.015683
9596.941, 300.417863, 59.042118
31003.349, 300.648548, 59.254247
90406.730, 300.278764, 58.921608
13893.441, 300.299042, 58.934341
46916.595, 300.321216, 58.956638
10455.208, 300.491364, 59.110983
5237.714, 300.358722, 58.989214
5264.928, 300.374000, 59.003195
35248.997, 300.605240, 59.217247
11339.345, 300.393160, 59.022809
19813.168, 300.574673, 59.191814
185563.374, 300.324841, 58.971166
9552.765, 300.407697, 59.039305
40399.572, 300.301352, 58.948009
12630.175, 300.313007, 58.952808
12609.688, 300.290818, 58.933961
16118.194, 300.375596, 59.014569
14648.101, 300.453588, 59.086345
9487.916, 300.282342, 58.928879
27171.301, 300.337529, 58.979349
37358.097, 300.623776, 59.243070
29960.053, 300.566620, 59.190060
39663.945, 300.381836, 59.024298
25325.787, 300.590467, 59.213051
6120.362, 300.342640, 58.985001
2149.313, 300.351282, 58.991810
12309.285, 300.423390, 59.060413
5705.931, 300.414870, 59.052782
6512.621, 300.495316, 59.127884
14145.646, 300.595184, 59.219493
3077.153, 300.293861, 58.942382
40588.030, 300.341223, 58.990196
6553.029, 300.441661, 59.079751
7875.570, 300.427798, 59.068559
23462.902, 300.614798, 59.240113
33928.948, 300.393292, 59.038740
11698.856, 300.414568, 59.057367
45459.824, 300.602931, 59.231499
4776.007, 300.546818, 59.178546
5646.344, 300.398038, 59.042823
21477.810, 300.593353, 59.223125
4738.848, 300.302656, 58.955706
4682.915, 300.488891, 59.128460
