# Source Fluxes and Coordinates
# Flux (e-/s), RA (deg), Dec (deg)
26500.050, 301.358684, 59.043846
42825.005, 300.968899, 58.696185
1088396.917, 301.100560, 58.833864
5920.891, 301.326288, 59.016514
7185.049, 301.202859, 58.907570
451956.448, 301.207063, 58.921210
7652.004, 301.274925, 58.972059
2542.330, 301.013349, 58.737747
17033.341, 300.976127, 58.708635
28568.108, 301.292670, 58.993436
22614.176, 301.264458, 58.968948
6732.102, 301.277916, 58.979378
33814.615, 301.034331, 58.765438
7065.518, 301.046608, 58.773666
3206.427, 301.220744, 58.930147
61437.639, 301.242468, 58.953926
2542.482, 301.158903, 58.877092
10834.637, 301.091903, 58.819370
18808.526, 300.990255, 58.732375
76845.233, 300.992575, 58.737636
16718.469, 300.954134, 58.702362
24349.296, 300.958303, 58.706751
2535.968, 301.082836, 58.817548
3349.264, 301.133989, 58.863896
8431.628, 301.139746, 58.870826
53364.667, 300.944752, 58.700240
60394.117, 301.036580, 58.786045
2907.959, 301.149012, 58.880730
27098.374, 301.234511, 58.961062
8746.640, 301.010180, 58.759036
2131.597, 300.963046, 58.718095
11665.981, 301.166289, 58.903788
27042.963, 301.140319, 58.883979
26542.839, 301.055350, 58.807795
11901.929, 301.096457, 58.844250
12910.211, 301.110066, 58.855457
7162.619, 301.115095, 58.859249
4107.605, 300.997189, 58.752921
2132.408, 301.001234, 58.756739
7520.508, 301.006364, 58.764097
61186.660, 301.057129, 58.817332
11665.676, 301.116861, 58.865827
6662.411, 301.131221, 58.878361
2097.302, 301.078814, 58.831533
6395.013, 301.304282, 59.034894
2093.115, 300.952940, 58.721481
27250.215, 301.177805, 58.926802
37373.022, 300.992415, 58.762190
9901.178, 300.998297, 58.766236
5848.333, 301.062607, 58.824111
5472.154, 301.293053, 59.030070
2885.606, 301.025158, 58.789872
50226.261, 300.974143, 58.748958
3707.304, 300.926020, 58.702630
43989.431, 300.958772, 58.737476
5947.267, 301.272078, 59.014635
15483.791, 301.085543, 58.849315
69408.920, 301.294136, 59.039101
28624.583, 301.099644, 58.864035
76276.354, 301.304098, 59.048492
2052.468, 301.148019, 58.908795
16407.752, 301.009361, 58.785952
18052.556, 301.062395, 58.836062
5015.631, 300.932442, 58.718905
4970.378, 300.925681, 58.714136
5435.445, 300.937898, 58.725263
2477.955, 300.963001, 58.746788
42860.991, 301.181680, 58.947712
2086.259, 300.991719, 58.775078
15188.092, 301.283329, 59.038420
8877.639, 301.206222, 58.970179
6058.470, 301.318528, 59.069514
7944.835, 300.976307, 58.763947
4593.141, 300.996773, 58.783062
25544.618, 301.112179, 58.888614
28548.613, 301.011390, 58.798299
27770.223, 300.981509, 58.773130
37456.929, 301.134845, 58.911786
58438.842, 300.929375, 58.730814
98105.719, 301.202341, 58.976219
3364.175, 300.966991, 58.760137
74144.563, 301.137102, 58.919244
22760.131, 301.125049, 58.905941
3310.933, 300.941316, 58.739153
7059.906, 301.068953, 58.856444
58804.258, 301.167268, 58.949476
43452.206, 300.983281, 58.784085
6201.968, 300.996532, 58.792644
36323.553, 301.209750, 58.986996
37800.827, 301.253348, 59.025347
16386.930, 301.056875, 58.849799
20289.658, 300.913003, 58.722093
3780.488, 301.269760, 59.039576
22085.532, 300.945195, 58.753415
58294.682, 301.170778, 58.959057
2951.577, 301.121824, 58.912299
2906.396, 300.917353, 58.728136
62356.321, 300.893580, 58.711190
2506.817, 300.935596, 58.745651
7103.496, 300.959575, 58.768141
29410.175, 301.065120, 58.864696
39717.607, 301.011001, 58.820044
135710.594, 300.902177, 58.724375
52203.921, 301.152632, 58.947788
3331.194, 300.914406, 58.732292
21044.056, 301.108624, 58.910594
3351.934, 300.910856, 58.730944
16390.460, 300.940250, 58.759104
18226.528, 301.088573, 58.894893
8914.892, 301.246553, 59.036480
14906.317, 300.956339, 58.777356
13783.563, 300.903214, 58.730249
8814.655, 300.973326, 58.796757
13319.806, 301.216411, 59.015360
23445.973, 300.986567, 58.811815
2910.374, 300.996199, 58.817345
7533.245, 301.012326, 58.835300
55061.477, 301.109846, 58.926702
42628.961, 300.887950, 58.726280
19021.682, 300.942568, 58.774565
10823.559, 300.961478, 58.791716
4607.906, 301.005159, 58.832110
2920.880, 300.987837, 58.816110
34317.904, 300.895013, 58.736008
30547.887, 301.045524, 58.872556
111301.321, 301.068504, 58.896668
2509.416, 300.927704, 58.764737
23833.192, 300.941211, 58.780262
47519.333, 300.876949, 58.724341
3250.285, 300.868965, 58.715363
7502.297, 301.020438, 58.852564
52660.231, 300.904806, 58.751707
58615.610, 300.943259, 58.788191
5393.705, 300.884785, 58.731057
75944.809, 300.896503, 58.745788
2097.149, 301.034711, 58.865975
52619.437, 301.104847, 58.934377
7927.172, 300.974653, 58.814576
27883.922, 301.111689, 58.940680
70015.757, 301.167442, 58.994460
5381.401, 300.916762, 58.766857
32741.627, 300.995097, 58.840828
7090.881, 300.944989, 58.793692
25774.121, 300.914927, 58.770005
16714.432, 300.882443, 58.739927
6311.855, 301.047272, 58.887444
7139.920, 300.983559, 58.831220
26389.096, 301.076217, 58.917325
4152.703, 300.860385, 58.720566
60923.883, 301.015824, 58.864920
7481.317, 300.950980, 58.803872
8688.543, 300.898376, 58.757723
14699.547, 301.107361, 58.948057
2972.015, 300.957970, 58.812514
2524.778, 300.972855, 58.827162
18004.707, 300.878728, 58.743353
4122.319, 300.987733, 58.841197
7426.806, 300.900955, 58.764008
149442.791, 301.137743, 58.982065
68792.020, 300.886582, 58.754856
10030.857, 301.034129, 58.886140
4101.798, 300.872776, 58.740241
26794.553, 301.240535, 59.073064
4525.263, 300.926933, 58.792110
44425.316, 300.970197, 58.834835
126293.013, 301.026378, 58.890638
15132.623, 301.189115, 59.032214
374088.312, 300.857841, 58.741180
7980.181, 301.067181, 58.923162
2514.194, 300.845738, 58.723605
6318.067, 301.040649, 58.901119
8840.241, 301.047111, 58.908230
4586.668, 300.870513, 58.748301
3383.795, 300.848638, 58.728656
22054.574, 300.897141, 58.775686
28653.463, 300.954742, 58.827857
65743.442, 300.999956, 58.871727
27578.615, 300.949562, 58.823591
13245.918, 300.879586, 58.760555
7860.519, 300.874522, 58.756210
2518.017, 300.850238, 58.733431
3353.506, 301.014592, 58.882507
2948.653, 301.062039, 58.926180
18721.589, 301.140850, 58.998429
6701.846, 300.975511, 58.849234
20298.087, 300.840174, 58.728100
4620.406, 300.978564, 58.852637
25949.099, 300.959955, 58.840364
5816.550, 300.866369, 58.756240
4642.587, 300.842280, 58.736033
26279.693, 300.951754, 58.837414
3839.833, 300.968536, 58.850074
4125.949, 300.883452, 58.774292
2099.933, 300.916361, 58.804949
109952.578, 300.863022, 58.766335
2094.554, 300.931830, 58.819816
56783.538, 301.202250, 59.068592
4501.302, 301.006705, 58.890223
14978.945, 300.923984, 58.819125
23561.822, 301.066002, 58.947380
14073.469, 300.826390, 58.730460
145729.433, 301.023224, 58.914326
7563.666, 300.851246, 58.754007
7457.119, 300.912882, 58.810778
3740.558, 300.992301, 58.881442
17347.170, 301.106091, 58.984637
3365.743, 300.879516, 58.780274
28555.696, 301.111999, 58.995086
115712.525, 300.813329, 58.736862
5005.835, 300.829010, 58.738744
2960.399, 300.943029, 58.843870
4172.112, 300.848355, 58.759409
4911.813, 300.905455, 58.812061
2127.842, 300.976441, 58.875269
42999.172, 301.047040, 58.942886
115881.165, 301.132099, 59.022347
17042.270, 300.960378, 58.866730
59358.421, 300.983365, 58.889245
9981.114, 300.840129, 58.758427
56707.661, 301.119615, 59.012989
49416.503, 300.916315, 58.830595
26197.456, 300.989537, 58.895069
4167.559, 301.097218, 58.989831
23177.173, 300.963181, 58.872646
5388.644, 300.941900, 58.853342
10005.778, 301.036020, 58.937698
14541.015, 300.836926, 58.761954
4639.191, 300.841423, 58.767324
4143.387, 300.917440, 58.836355
5904.424, 300.847616, 58.773616
91280.421, 300.935587, 58.858510
7852.024, 301.076973, 58.980968
5870.144, 300.904782, 58.826217
3344.538, 300.975600, 58.890808
13548.226, 300.814752, 58.747393
29644.951, 301.141893, 59.043648
9270.029, 300.906538, 58.830875
10515.441, 301.026658, 58.939944
55774.046, 301.193630, 59.092237
592086.860, 300.820260, 58.765694
31163.578, 301.100989, 59.008641
7438.050, 300.810050, 58.744791
20923.842, 300.974951, 58.896251
24928.984, 301.074848, 58.986526
20294.070, 301.175181, 59.076337
3261.427, 300.987611, 58.907732
31953.313, 301.085313, 58.998062
130361.302, 300.835043, 58.778404
3730.842, 301.036707, 58.952691
12647.771, 301.063512, 58.978366
16295.899, 301.067341, 58.982064
43231.310, 300.801701, 58.745031
2058.221, 300.852325, 58.788558
23408.839, 300.901648, 58.835450
6677.459, 300.974265, 58.900812
4161.426, 300.909696, 58.841749
8732.237, 301.041604, 58.963155
4144.606, 300.987058, 58.912974
40007.472, 301.139267, 59.054606
2519.824, 300.914263, 58.852605
33664.716, 301.014439, 58.947829
34688.407, 300.885007, 58.832682
3010.210, 300.904833, 58.847221
44866.946, 300.923323, 58.867828
33405.541, 300.968324, 58.908367
5373.924, 300.850470, 58.799623
21432.775, 301.041437, 58.975384
5802.981, 301.075391, 59.004047
11203.677, 300.818895, 58.773756
4181.312, 300.832638, 58.785181
2531.427, 300.949864, 58.891252
12529.826, 300.985481, 58.924142
9399.548, 301.027126, 58.961702
44522.192, 301.058901, 58.992922
2482.590, 300.860546, 58.810567
7510.909, 300.931552, 58.876227
66276.783, 300.819078, 58.782707
3286.662, 300.906269, 58.853227
5069.510, 300.840043, 58.795492
41794.728, 301.160139, 59.087662
2489.179, 300.803562, 58.763305
6299.806, 300.843165, 58.799929
6609.030, 300.900989, 58.854135
14554.716, 300.875751, 58.837521
38573.522, 300.980590, 58.933859
6323.703, 300.787470, 58.756524
11970.927, 300.837667, 58.802519
32165.803, 301.144920, 59.081920
35716.424, 301.130955, 59.070273
31728.612, 300.802689, 58.774912
31113.138, 300.807047, 58.779465
3302.158, 300.843643, 58.809160
83340.154, 301.022970, 58.975817
33211.217, 300.776149, 58.751477
2520.956, 300.966040, 58.920945
31345.145, 301.090012, 59.035399
24788.881, 300.940123, 58.900694
11288.075, 300.837720, 58.807523
4542.672, 300.815045, 58.786843
51743.549, 300.823315, 58.798995
2517.356, 300.924509, 58.886761
5022.885, 301.002517, 58.959428
33868.735, 301.077396, 59.028965
6645.238, 300.945433, 58.909881
15161.060, 301.110249, 59.058874
65044.869, 300.847150, 58.827804
35459.876, 300.973440, 58.939260
4621.624, 300.763789, 58.747494
2956.905, 300.794066, 58.777332
9177.145, 300.930566, 58.902078
20487.100, 300.960889, 58.930257
4597.574, 300.785734, 58.771960
7450.949, 300.888075, 58.864467
2506.576, 300.934893, 58.907061
83523.176, 301.019914, 58.991948
9173.863, 300.805790, 58.793763
6214.518, 300.882349, 58.864133
22501.819, 301.002705, 58.975600
2923.710, 301.111819, 59.071239
28927.244, 300.926342, 58.906962
76580.771, 300.961327, 58.941482
6682.172, 300.769353, 58.764433
5425.625, 300.917593, 58.899464
9158.800, 300.892348, 58.876752
2142.242, 300.882619, 58.868300
2519.917, 300.781691, 58.777704
4554.337, 300.797845, 58.793028
90928.869, 300.856827, 58.853055
6219.059, 300.909507, 58.895240
11752.086, 300.978148, 58.958226
21588.450, 300.767865, 58.769947
70831.717, 300.773336, 58.777061
10669.268, 300.828522, 58.823756
8002.965, 301.077137, 59.048840
29950.664, 301.093603, 59.065143
6195.386, 300.842511, 58.837037
2082.677, 300.903447, 58.891531
4130.490, 300.922944, 58.910349
28500.463, 301.143790, 59.110470
6728.990, 301.153258, 59.116772
3752.618, 300.781140, 58.781829
44886.592, 300.866027, 58.862204
56637.564, 300.777695, 58.786842
5857.143, 300.862077, 58.857535
21338.789, 300.749657, 58.757516
4201.624, 300.818805, 58.818557
48694.754, 301.112389, 59.087169
186636.588, 301.017221, 59.006883
22973.673, 300.888422, 58.886272
7934.351, 300.868073, 58.868861
45704.823, 300.783258, 58.797436
3361.636, 301.025226, 59.010936
2078.223, 300.790934, 58.802429
21512.912, 300.891938, 58.895899
45591.966, 301.022697, 59.016866
75346.701, 300.737376, 58.760765
39833.594, 300.756798, 58.779280
6213.695, 300.873318, 58.879622
14680.572, 300.977998, 58.975072
2509.775, 300.895111, 58.899558
34866.195, 300.795026, 58.812926
54302.716, 300.804992, 58.822266
19826.819, 301.031726, 59.025690
7919.782, 300.747491, 58.769460
47969.104, 301.131685, 59.119058
37126.096, 300.766055, 58.789894
9634.054, 300.773561, 58.794612
7024.886, 300.862165, 58.876616
13678.638, 300.919257, 58.927089
25471.521, 300.960779, 58.965610
302651.167, 300.899528, 58.922144
71778.406, 300.743318, 58.776103
4196.866, 300.794919, 58.817072
43608.989, 301.092485, 59.089352
16250.693, 300.777673, 58.805782
39499.092, 300.809964, 58.837452
22610.382, 300.732408, 58.769404
2487.089, 300.753090, 58.785812
68156.179, 300.773948, 58.811482
16773.125, 301.077351, 59.081170
2114.614, 300.887632, 58.908933
13378.444, 300.751257, 58.789057
33303.110, 300.958960, 58.979352
123009.330, 300.715178, 58.765960
6253.510, 300.784494, 58.822134
11700.434, 300.862868, 58.896014
63538.674, 300.833308, 58.874019
17374.012, 300.823653, 58.862824
38506.204, 300.839710, 58.880973
3326.813, 300.872765, 58.906757
2539.650, 300.743739, 58.789502
18110.928, 301.032643, 59.052512
42142.786, 300.743856, 58.793487
51423.996, 300.954268, 58.985681
3364.085, 300.729055, 58.777881
3863.793, 301.103838, 59.116464
26932.538, 300.843248, 58.885900
5822.587, 300.879439, 58.915864
36912.476, 301.042489, 59.065571
12885.595, 300.795637, 58.843791
11234.352, 300.719159, 58.775244
9547.691, 300.889548, 58.929879
2899.348, 300.881360, 58.924739
3329.438, 300.866035, 58.912970
62626.211, 301.017818, 59.053402
7665.020, 301.083472, 59.108672
8780.247, 300.777317, 58.833959
3350.335, 300.836279, 58.887231
44752.460, 301.052882, 59.085452
43510.180, 301.024085, 59.060896
10551.712, 301.042333, 59.076264
21590.798, 300.711110, 58.777413
26382.599, 300.886799, 58.938614
2960.627, 300.957896, 59.000819
5400.414, 300.731450, 58.796628
68132.309, 300.830853, 58.895055
3361.048, 301.061478, 59.096099
5457.490, 300.822737, 58.882299
8661.432, 300.802621, 58.865489
33592.907, 300.717728, 58.790040
2104.629, 301.032574, 59.072547
18036.416, 300.760865, 58.829859
4173.887, 300.959371, 59.009098
54421.954, 300.926316, 58.984969
32833.720, 300.969355, 59.022786
48694.813, 301.048710, 59.094692
4144.939, 300.770362, 58.840982
32380.920, 300.948342, 59.004920
3318.297, 300.839138, 58.904506
5802.946, 300.812053, 58.880578
4574.223, 300.785696, 58.857739
7070.253, 300.768955, 58.843463
36314.698, 300.860298, 58.928731
7945.311, 300.791294, 58.865106
69146.726, 300.845194, 58.918007
26078.103, 300.867048, 58.936247
4562.892, 300.688344, 58.772015
8308.256, 300.694618, 58.779694
10475.355, 300.983612, 59.043835
38863.379, 301.075512, 59.128988
3687.475, 300.762565, 58.844946
4209.192, 300.811602, 58.890714
9226.103, 300.969797, 59.034043
7901.909, 300.741707, 58.827908
54267.024, 300.914041, 58.987520
3816.616, 300.732964, 58.820674
12463.691, 301.066158, 59.122724
3801.080, 300.777554, 58.861681
2104.908, 300.789840, 58.872911
2483.372, 300.722392, 58.812820
2115.004, 300.760810, 58.849040
28683.793, 300.958623, 59.030314
7425.386, 301.048920, 59.110160
18359.226, 300.856877, 58.939320
30863.157, 300.767018, 58.859044
8290.393, 300.783295, 58.871949
14610.123, 300.774784, 58.865685
4128.183, 300.694982, 58.792638
10574.065, 301.023163, 59.089961
69769.347, 300.718881, 58.822723
2094.953, 300.739505, 58.835507
2930.372, 300.782478, 58.875091
3758.719, 300.802826, 58.893079
11907.467, 301.035792, 59.104191
3756.066, 300.792568, 58.884307
24248.517, 301.026247, 59.097709
3824.179, 301.041675, 59.109199
13670.055, 300.811070, 58.903188
42967.472, 300.867950, 58.957799
4949.702, 300.712474, 58.815924
303514.536, 300.955325, 59.045130
84102.188, 300.993765, 59.075304
6704.730, 300.675022, 58.783241
5434.233, 300.757085, 58.858932
2099.081, 300.770477, 58.870964
8443.588, 300.938977, 59.024075
10805.198, 300.751237, 58.855272
6675.281, 300.761330, 58.863914
7460.827, 300.795588, 58.896561
63528.032, 300.872024, 58.970135
32406.365, 300.726225, 58.836637
2153.046, 300.741780, 58.848042
40515.699, 300.708030, 58.821708
45155.642, 300.766885, 58.876901
20958.858, 300.940086, 59.031286
10005.998, 301.038542, 59.118192
3263.476, 300.677901, 58.792421
9485.518, 300.814314, 58.919357
9374.539, 300.929781, 59.022921
17115.215, 300.885037, 58.984174
81659.139, 300.894017, 58.995149
2062.319, 300.849514, 58.951316
6760.170, 301.030883, 59.115402
2555.552, 300.737273, 58.850013
68171.175, 300.775219, 58.890355
8795.503, 300.862483, 58.964732
2930.093, 300.688267, 58.806498
77093.651, 300.658662, 58.784732
11665.776, 300.697808, 58.817251
10002.324, 300.790323, 58.900553
2126.550, 300.940911, 59.035877
148238.865, 300.749922, 58.871822
2561.677, 300.873660, 58.976670
23502.970, 300.883837, 58.988659
5861.829, 300.688212, 58.809151
12760.700, 300.714292, 58.833367
4971.812, 300.690251, 58.812688
2475.603, 300.670605, 58.795848
53939.295, 300.674131, 58.803882
4148.625, 300.806506, 58.919712
4116.647, 300.793514, 58.909500
21418.738, 300.907415, 59.015112
25324.535, 300.662820, 58.794105
19324.645, 300.830274, 58.947913
3294.619, 300.694416, 58.822187
5467.751, 300.679402, 58.809099
4588.959, 300.710368, 58.838232
4205.768, 300.655450, 58.788433
3351.039, 300.737260, 58.862886
5069.442, 300.792402, 58.912810
9609.337, 300.972735, 59.076969
19548.032, 300.805768, 58.927661
64006.437, 300.645981, 58.785750
4155.775, 300.666082, 58.799420
3297.688, 300.772719, 58.897588
20498.547, 300.863260, 58.981483
50185.784, 300.880487, 59.002108
5818.784, 300.717131, 58.849414
10813.156, 300.722811, 58.855080
147409.295, 300.751310, 58.890629
3764.087, 300.961794, 59.071829
27060.524, 300.703621, 58.841107
2083.969, 300.767417, 58.896985
35615.761, 300.964378, 59.078141
3341.329, 300.657071, 58.798880
46105.004, 300.661596, 58.807613
4543.840, 300.681739, 58.822663
57410.454, 300.937109, 59.058134
23246.835, 301.019132, 59.130165
7514.950, 300.683503, 58.825924
3314.027, 300.819980, 58.949879
79564.076, 300.640573, 58.791995
150641.706, 300.814306, 58.954267
2859.129, 300.694414, 58.837174
12668.427, 300.992281, 59.109157
2512.264, 300.653445, 58.800956
27603.639, 300.687302, 58.834905
71990.202, 300.828190, 58.965024
65313.551, 301.033947, 59.151379
25609.266, 300.885639, 59.017159
47442.523, 300.925341, 59.054762
32386.036, 300.690642, 58.843072
22823.186, 300.738538, 58.886721
5056.241, 300.661597, 58.814323
86399.463, 300.674183, 58.830811
2927.683, 300.714021, 58.864110
2132.384, 300.723433, 58.871570
9220.729, 301.007345, 59.130807
2921.262, 300.653341, 58.809721
7430.348, 300.666860, 58.824737
2860.363, 300.661611, 58.818140
57896.056, 300.837688, 58.982843
48462.971, 300.922943, 59.060700
23335.972, 300.752179, 58.908198
7511.332, 300.624578, 58.789177
36445.632, 300.721119, 58.880819
2085.839, 300.865788, 59.006711
12887.282, 300.627011, 58.792298
2115.865, 300.668296, 58.827629
2534.320, 300.702661, 58.860310
17112.842, 300.648920, 58.815575
28852.495, 300.691873, 58.855558
57792.491, 300.736208, 58.896992
11190.516, 300.638753, 58.806883
31552.419, 300.684951, 58.851211
75119.697, 300.726544, 58.891596
5761.945, 300.742160, 58.900336
184285.795, 300.850570, 59.005100
6209.021, 300.626581, 58.797078
2100.255, 300.765403, 58.923098
103805.637, 300.635572, 58.812607
45581.971, 300.803144, 58.963694
21519.360, 300.837677, 58.992942
4587.257, 300.966155, 59.107367
3763.923, 300.739345, 58.902500
10393.008, 300.776893, 58.939327
25851.636, 300.789401, 58.953490
8461.196, 300.670553, 58.847624
64901.690, 300.608547, 58.794987
34299.306, 300.753921, 58.926034
3782.071, 300.882141, 59.039865
10053.719, 300.649413, 58.830486
3713.439, 300.708054, 58.882312
3289.089, 300.656718, 58.838250
2891.634, 300.937131, 59.092484
5371.786, 300.632304, 58.817090
5411.349, 300.659788, 58.842750
5045.178, 300.675572, 58.856780
7929.030, 300.679739, 58.860869
8406.706, 300.684988, 58.865243
2200.604, 300.729268, 58.904738
7422.436, 300.769831, 58.944119
34367.168, 300.779651, 58.956966
2469.134, 300.805311, 58.977822
3299.618, 300.631926, 58.820726
5835.078, 300.654807, 58.842122
3356.063, 300.762743, 58.940826
11722.646, 300.917281, 59.081813
2103.675, 301.004231, 59.158388
7888.797, 300.607923, 58.802951
13229.307, 300.619557, 58.813955
3367.751, 300.706007, 58.891504
20883.357, 300.822680, 58.999235
36157.022, 300.826592, 59.004748
15422.164, 300.726381, 58.912903
15335.496, 300.704953, 58.894505
18178.998, 300.942498, 59.108963
7576.890, 300.862904, 59.037669
115029.523, 300.982276, 59.152542
11611.212, 300.611186, 58.813240
33282.658, 300.713906, 58.906397
23463.435, 300.908809, 59.082696
32620.671, 300.681681, 58.878511
71215.210, 300.889058, 59.070699
67439.216, 300.802261, 58.993593
13243.740, 300.638431, 58.841426
57129.499, 300.794754, 58.987225
3733.814, 300.633167, 58.836001
4563.813, 300.727269, 58.922075
2114.165, 300.876786, 59.059283
5040.637, 300.633906, 58.839285
59779.317, 300.829191, 59.020577
28156.782, 300.990541, 59.164819
36034.561, 300.641884, 58.850504
2940.868, 300.744684, 58.941398
5786.015, 300.666024, 58.872525
45581.076, 300.730688, 58.934303
38309.682, 300.764664, 58.965719
4552.963, 300.696927, 58.902250
7970.772, 300.687573, 58.895239
2052.605, 300.759734, 58.959543
12188.658, 300.772298, 58.974133
16231.896, 300.648727, 58.863959
34618.646, 300.666247, 58.881432
2978.901, 300.640436, 58.855364
3296.052, 300.631397, 58.848867
7936.863, 300.730309, 58.939870
4210.161, 300.878329, 59.073085
24639.602, 300.602332, 58.825095
4147.372, 300.612303, 58.832692
7441.147, 300.700650, 58.913276
3778.818, 300.978726, 59.164079
21306.357, 300.649781, 58.870199
23206.428, 300.790906, 58.999073
32127.006, 300.655023, 58.876737
53727.309, 300.880675, 59.084078
4972.729, 300.605144, 58.830197
6691.708, 300.672872, 58.892262
60013.407, 300.678416, 58.901667
2510.500, 300.747267, 58.959518
23514.907, 300.616926, 58.844096
22944.992, 300.632743, 58.857867
35119.493, 300.964516, 59.160020
2897.178, 300.606502, 58.833779
34661.974, 300.739021, 58.958623
40262.150, 300.817817, 59.029757
4964.303, 300.575339, 58.807291
13396.523, 300.715398, 58.936281
37002.973, 300.824372, 59.036752
35069.766, 300.732754, 58.954807
6622.740, 300.744128, 58.962813
1979.851, 300.607146, 58.837016
11381.119, 300.582473, 58.817924
20973.767, 300.775948, 58.995350
6882.039, 300.921971, 59.125609
10068.839, 300.567890, 58.807226
9144.887, 300.679845, 58.908455
11217.407, 300.693560, 58.921166
17872.912, 300.755704, 58.978137
3327.730, 300.643898, 58.875283
2153.041, 300.582628, 58.820617
154832.674, 300.652665, 58.891744
17600.394, 300.894891, 59.106116
6639.128, 300.662427, 58.895532
44041.018, 300.683469, 58.918234
7067.198, 300.569543, 58.813270
2070.116, 300.610479, 58.850560
2546.891, 300.704965, 58.937161
49902.458, 300.737754, 58.971134
3335.247, 300.813499, 59.036170
34595.660, 300.572373, 58.821484
21158.835, 300.600977, 58.846431
146044.921, 300.904918, 59.126528
49655.927, 300.948684, 59.164549
2107.490, 300.662096, 58.900964
2080.640, 300.770243, 59.001588
7884.835, 300.692570, 58.932342
16174.642, 300.851004, 59.076606
24134.863, 300.886323, 59.112100
3308.142, 300.590634, 58.840554
41443.571, 300.615622, 58.867006
3806.661, 300.794468, 59.026726
364648.852, 300.628059, 58.886511
6229.348, 300.681897, 58.926341
8333.385, 300.694578, 58.938074
49752.520, 300.600023, 58.856641
6269.929, 300.673823, 58.920103
17321.947, 300.623597, 58.876556
4616.111, 300.705342, 58.949335
23558.393, 300.717426, 58.962902
5807.996, 300.928106, 59.151037
9455.441, 300.652159, 58.902980
9716.476, 300.583412, 58.842316
28826.474, 300.802063, 59.044531
4965.065, 300.560101, 58.822280
2084.136, 300.577350, 58.837598
102846.846, 300.665878, 58.926512
10878.249, 300.679632, 58.934937
31824.896, 300.938176, 59.170290
2119.721, 300.599615, 58.861073
11675.124, 300.603398, 58.866651
8698.876, 300.638669, 58.896963
2500.833, 300.743809, 58.992702
67491.774, 300.849061, 59.092469
5999.078, 300.925121, 59.156702
2503.596, 300.564942, 58.830245
7532.970, 300.844753, 59.086717
11366.590, 300.825895, 59.071526
6150.221, 300.699538, 58.959078
13398.887, 300.588414, 58.860006
4163.179, 300.727848, 58.986920
11423.951, 300.800567, 59.054458
14692.641, 300.890691, 59.135870
2109.839, 300.684180, 58.948280
17011.564, 300.547019, 58.826864
4164.715, 300.538701, 58.817934
3752.247, 300.556032, 58.833031
4217.843, 300.715150, 58.978167
4617.075, 300.738733, 58.999689
53061.958, 300.869121, 59.123793
2939.544, 300.865213, 59.117766
26976.412, 300.565867, 58.848567
8708.434, 300.590805, 58.869941
26364.057, 300.716134, 58.985945
23599.711, 300.810818, 59.072034
9312.665, 300.841768, 59.097985
3307.797, 300.631777, 58.907401
9189.599, 300.705541, 58.975121
26040.977, 300.782816, 59.047553
22346.055, 300.616961, 58.896728
37727.282, 300.621728, 58.902288
66472.327, 300.893339, 59.151450
6263.888, 300.572894, 58.858561
55031.620, 300.790228, 59.063055
6642.125, 300.855138, 59.116848
28369.708, 300.543529, 58.836969
16264.337, 300.871874, 59.134558
9976.590, 300.548874, 58.841705
51734.275, 300.571108, 58.865162
9261.834, 300.660472, 58.944025
2095.483, 300.589802, 58.878627
22325.068, 300.739756, 59.018373
2090.924, 300.580045, 58.870693
3749.837, 300.639218, 58.925074
27285.982, 300.664094, 58.949874
15996.430, 300.700260, 58.983494
34839.154, 300.836362, 59.108128
2504.155, 300.670013, 58.955954
38895.822, 300.675185, 58.964928
16640.136, 300.529576, 58.830215
13679.958, 300.556493, 58.856543
100014.628, 300.579165, 58.881504
3357.193, 300.652778, 58.942501
2534.473, 300.729349, 59.013162
16502.137, 300.812889, 59.090684
5452.333, 300.914403, 59.180357
2535.729, 300.539178, 58.840457
9165.052, 300.620649, 58.916661
19128.194, 300.624311, 58.921588
2967.758, 300.744460, 59.027462
14851.546, 300.827280, 59.103800
20355.437, 300.591470, 58.891653
2908.645, 300.666588, 58.959423
12241.708, 300.745449, 59.032961
34347.494, 300.777537, 59.063908
4134.980, 300.533785, 58.838914
3814.910, 300.687063, 58.979192
6730.914, 300.520585, 58.827737
41997.833, 300.538678, 58.849168
27797.023, 300.656404, 58.954456
11296.775, 300.693130, 58.986815
12535.910, 300.696821, 58.991765
2123.244, 300.628881, 58.929079
9124.324, 300.634030, 58.934400
3312.802, 300.638050, 58.937197
4210.261, 300.660959, 58.958769
2160.462, 300.826922, 59.108870
8040.657, 300.613937, 58.918445
9169.733, 300.820417, 59.105761
46947.674, 300.635442, 58.941990
22393.397, 300.508994, 58.824753
16523.770, 300.898116, 59.178184
17048.800, 300.742399, 59.038503
2493.080, 300.750893, 59.045191
2528.310, 300.656357, 58.960095
295973.081, 300.703044, 59.009891
15596.612, 300.771443, 59.067675
14271.070, 300.883275, 59.167966
7552.235, 300.581048, 58.893604
2101.414, 300.730137, 59.028687
5883.810, 300.615385, 58.925790
45342.708, 300.712884, 59.017979
2923.993, 300.792978, 59.086793
35682.449, 300.648475, 58.959452
19420.193, 300.522022, 58.843881
2910.124, 300.528806, 58.848333
4188.890, 300.530685, 58.851399
2512.550, 300.555617, 58.873024
2089.722, 300.621788, 58.933238
5404.965, 300.626081, 58.938000
9197.396, 300.717823, 59.022429
4952.820, 300.501296, 58.824912
13350.966, 300.650503, 58.964693
4667.614, 300.846610, 59.139708
2520.548, 300.580924, 58.898487
6666.196, 300.547373, 58.869854
22204.531, 300.583899, 58.906479
12166.171, 300.661964, 58.976760
48615.178, 300.558568, 58.885309
4670.361, 300.760597, 59.066204
7839.896, 300.541600, 58.868839
36934.631, 300.612743, 58.936315
7103.042, 300.750777, 59.059198
3280.922, 300.637183, 58.956477
25683.216, 300.827479, 59.131937
57255.205, 300.489447, 58.829547
2090.460, 300.512661, 58.843212
42444.293, 300.740071, 59.054900
6256.802, 300.506741, 58.840195
18373.122, 300.659820, 58.981747
3413.015, 300.669945, 58.989382
3377.108, 300.512852, 58.846710
7507.318, 300.532539, 58.865697
60073.461, 300.622989, 58.953467
45887.624, 300.717896, 59.038903
9670.448, 300.725112, 59.042844
35323.051, 300.765257, 59.081546
35393.125, 300.812955, 59.124901
7908.251, 300.514458, 58.851249
2478.741, 300.730248, 59.048094
9540.611, 300.566424, 58.901432
35456.572, 300.638094, 58.968543
17062.521, 300.557539, 58.895008
20384.032, 300.860822, 59.169959
3010.046, 300.845863, 59.158062
57192.544, 300.864902, 59.179018
6657.619, 300.566858, 58.906871
2084.476, 300.835345, 59.149748
10018.491, 300.499703, 58.848194
10393.755, 300.648163, 58.985090
16378.288, 300.811252, 59.134642
3798.612, 300.479183, 58.835330
47873.484, 300.638375, 58.984618
47626.487, 300.708292, 59.047032
5444.658, 300.606037, 58.953301
36320.837, 300.531480, 58.887991
2500.893, 300.553647, 58.905234
6599.494, 300.827373, 59.155143
4154.631, 300.515435, 58.871709
22144.604, 300.536802, 58.894014
45722.937, 300.733802, 59.074483
3307.333, 300.473878, 58.833747
35153.714, 300.655100, 59.003738
6241.304, 300.491958, 58.853062
3317.164, 300.549107, 58.905424
32954.809, 300.672679, 59.021724
3374.607, 300.597326, 58.951855
9596.496, 300.483665, 58.849360
17864.467, 300.471180, 58.841068
12169.007, 300.710443, 59.058334
5351.656, 300.466723, 58.835225
2537.884, 300.510566, 58.875170
2495.902, 300.597415, 58.955465
32598.753, 300.689532, 59.042702
83719.090, 300.767911, 59.115218
14240.306, 300.586007, 58.948214
41550.472, 300.528122, 58.897755
21433.408, 300.654066, 59.012389
15453.726, 300.664385, 59.020333
3407.068, 300.702643, 59.053926
5004.864, 300.570913, 58.935145
10028.760, 300.548870, 58.917507
7850.086, 300.611882, 58.974801
22307.206, 300.835362, 59.180448
29657.763, 300.471762, 58.852887
10013.654, 300.837776, 59.184503
11438.043, 300.711281, 59.071398
47221.992, 300.734628, 59.094973
58164.846, 300.776443, 59.133689
17091.290, 300.841958, 59.191052
29996.211, 300.818336, 59.171966
38857.849, 300.750255, 59.112922
2480.997, 300.462704, 58.847678
62830.003, 300.478351, 58.867138
4627.668, 300.570339, 58.948006
3791.148, 300.592537, 58.968846
29613.786, 300.464582, 58.855470
36167.849, 300.605974, 58.985471
7084.545, 300.470525, 58.860706
86264.382, 300.631903, 59.013540
9507.880, 300.450839, 58.843087
44995.008, 300.562467, 58.949603
2525.981, 300.643975, 59.018764
26428.771, 300.690397, 59.063515
13417.471, 300.456847, 58.850112
9193.019, 300.541661, 58.927546
3806.083, 300.575712, 58.958736
18046.581, 300.815861, 59.178686
9076.747, 300.794130, 59.158583
19943.537, 300.836771, 59.198600
35965.412, 300.489766, 58.885326
2924.085, 300.525673, 58.915169
9190.059, 300.558149, 58.945764
13801.782, 300.581363, 58.968081
2069.798, 300.617582, 58.998890
2127.568, 300.547904, 58.936898
4588.063, 300.587818, 58.973200
3340.009, 300.484815, 58.879233
56722.822, 300.454802, 58.858551
26641.591, 300.497069, 58.893915
27904.393, 300.711818, 59.090835
24915.452, 300.446979, 58.851171
9581.894, 300.596946, 58.988411
42876.120, 300.616334, 59.007855
69049.312, 300.643809, 59.034877
4983.843, 300.528471, 58.926420
72186.593, 300.722088, 59.107217
28432.942, 300.812198, 59.185463
6753.024, 300.522969, 58.922166
10485.286, 300.568724, 58.963677
2076.584, 300.587873, 58.981754
10429.408, 300.804881, 59.180619
10475.717, 300.745208, 59.128070
409019.205, 300.579936, 58.992298
194685.847, 300.455466, 58.875342
67317.542, 300.520658, 58.928260
4960.756, 300.544744, 58.947169
2518.698, 300.488688, 58.896456
6716.175, 300.589221, 58.989937
10773.361, 300.453023, 58.867150
2446.869, 300.561139, 58.964584
8706.160, 300.751235, 59.139578
43988.635, 300.777966, 59.166731
51503.974, 300.641180, 59.045164
27832.398, 300.695272, 59.092008
28466.110, 300.763664, 59.153160
2909.221, 300.542956, 58.951222
34556.654, 300.649104, 59.052315
40942.487, 300.503620, 58.922686
12644.352, 300.783782, 59.172315
28540.956, 300.477272, 58.896509
16843.862, 300.592156, 59.000601
20789.631, 300.799458, 59.189068
24545.908, 300.804343, 59.193768
2108.452, 300.428234, 58.849154
12499.660, 300.517815, 58.936415
40556.310, 300.543437, 58.961757
2062.157, 300.605953, 59.015163
15561.606, 300.818344, 59.209827
2927.887, 300.437410, 58.862022
3389.834, 300.738813, 59.137056
3263.978, 300.506727, 58.927455
7013.285, 300.433086, 58.861029
8684.274, 300.437996, 58.865864
13410.878, 300.725971, 59.129959
2901.851, 300.476358, 58.901500
5817.220, 300.481044, 58.907489
69451.075, 300.681169, 59.097393
63233.816, 300.736948, 59.144316
2526.194, 300.426682, 58.856800
7042.163, 300.453425, 58.882009
27764.084, 300.697444, 59.107622
2575.678, 300.773011, 59.173526
2080.930, 300.501636, 58.928013
2102.855, 300.652832, 59.065793
5927.813, 300.801111, 59.200404
47041.706, 300.416922, 58.858853
2465.421, 300.437039, 58.875397
2524.319, 300.561490, 58.989601
6656.745, 300.490902, 58.926498
57330.882, 300.439083, 58.887142
2463.436, 300.469736, 58.907752
4183.118, 300.422707, 58.866570
10374.612, 300.553055, 58.986145
9064.178, 300.566972, 58.998116
87860.944, 300.596597, 59.031536
5863.089, 300.475181, 58.915869
36637.145, 300.627635, 59.057953
15916.941, 300.591256, 59.023628
96688.771, 300.561782, 59.002749
9120.032, 300.578246, 59.012527
29016.020, 300.726822, 59.149220
25210.669, 300.464613, 58.910760
7102.028, 300.427630, 58.876436
2131.599, 300.434425, 58.881183
3783.452, 300.526029, 58.965474
5046.194, 300.661218, 59.089182
4615.470, 300.530326, 58.971335
17055.663, 300.414044, 58.866612
10416.468, 300.458905, 58.907280
30380.399, 300.614670, 59.051478
8899.756, 300.708515, 59.134031
17892.122, 300.451266, 58.901363
35168.374, 300.653578, 59.090934
8379.396, 300.524014, 58.969656
2534.266, 300.632984, 59.070018
58164.917, 300.524517, 58.975796
3807.226, 300.705903, 59.136796
18983.398, 300.434554, 58.892300
21416.622, 300.445139, 58.904824
31352.346, 300.478759, 58.934865
16697.621, 300.712052, 59.146648
2534.349, 300.563792, 59.011434
5045.158, 300.569744, 59.016464
18621.711, 300.590922, 59.037850
24414.047, 300.394104, 58.861896
2889.691, 300.416068, 58.877666
2082.708, 300.471575, 58.929782
16798.961, 300.731952, 59.169189
16219.716, 300.775206, 59.208156
22975.037, 300.491764, 58.951094
7115.469, 300.526601, 58.981201
2502.767, 300.702579, 59.142463
16134.232, 300.395244, 58.866481
3727.137, 300.406246, 58.872915
14125.497, 300.650787, 59.097795
32949.820, 300.672875, 59.119163
37312.382, 300.452572, 58.918534
11230.290, 300.615332, 59.066040
6623.283, 300.387106, 58.858041
95022.142, 300.416882, 58.888911
6656.476, 300.457822, 58.922565
56053.155, 300.709837, 59.155267
44983.193, 300.517148, 58.980411
19418.586, 300.398006, 58.871560
8423.746, 300.570152, 59.027505
4582.587, 300.596690, 59.050655
9534.714, 300.436295, 58.906068
33417.904, 300.634379, 59.088364
12991.865, 300.482758, 58.948976
5817.922, 300.642921, 59.094713
62732.915, 300.456115, 58.932835
9109.352, 300.691878, 59.142331
34332.300, 300.398897, 58.877184
7044.187, 300.382548, 58.860304
5021.104, 300.555067, 59.019005
4614.328, 300.534771, 59.001125
2502.545, 300.528825, 58.996845
23988.779, 300.683478, 59.139496
2925.986, 300.473387, 58.947016
11281.457, 300.546988, 59.014893
281297.621, 300.432869, 58.921465
54448.378, 300.641870, 59.105912
25187.076, 300.406157, 58.890982
33410.942, 300.697557, 59.158717
6602.138, 300.378234, 58.865421
6780.502, 300.619627, 59.086452
24507.885, 300.716299, 59.176651
5483.197, 300.380388, 58.868373
12479.008, 300.500010, 58.979390
8880.668, 300.371569, 58.861775
3313.727, 300.397443, 58.884862
9224.288, 300.423189, 58.910336
2960.895, 300.565190, 59.038529
4180.010, 300.485372, 58.968151
47476.540, 300.473450, 58.960218
5836.186, 300.494869, 58.977366
6632.854, 300.540645, 59.019827
8693.303, 300.523708, 59.005588
9202.213, 300.608746, 59.084079
7017.552, 300.381394, 58.876045
25676.720, 300.366269, 58.865864
7089.509, 300.419935, 58.914725
6203.114, 300.598903, 59.078356
2090.106, 300.407636, 58.903230
3729.462, 300.446703, 58.939900
10478.013, 300.400247, 58.899279
5836.646, 300.474520, 58.968351
6625.974, 300.384646, 58.885548
2946.719, 300.634286, 59.113891
57689.765, 300.487837, 58.988253
123919.004, 300.509567, 59.011789
41401.279, 300.677769, 59.158314
3779.315, 300.464209, 58.961939
108485.726, 300.628868, 59.119590
63190.583, 300.524927, 59.021799
8269.282, 300.447990, 58.948369
14568.906, 300.533191, 59.030085
17687.449, 300.731705, 59.208315
3406.768, 300.748446, 59.221471
17104.435, 300.355130, 58.866930
91392.947, 300.386104, 58.897528
2051.973, 300.422791, 58.925995
16676.618, 300.457556, 58.959429
7079.850, 300.360391, 58.871575
85938.167, 300.398372, 58.912696
2502.815, 300.616213, 59.106291
19126.601, 300.368774, 58.881957
5856.343, 300.410862, 58.920141
10041.913, 300.424990, 58.933176
12968.992, 300.724646, 59.207003
64911.724, 300.540868, 59.045088
2068.795, 300.564559, 59.062005
2082.432, 300.515338, 59.018063
2090.643, 300.435413, 58.945778
4156.533, 300.650081, 59.142748
2015.926, 300.428494, 58.942832
73909.681, 300.345786, 58.874269
2552.348, 300.459637, 58.971452
5001.088, 300.484645, 58.994945
5506.127, 300.553070, 59.057608
6648.037, 300.402019, 58.920139
2506.835, 300.446743, 58.961032
8342.427, 300.466625, 58.979198
2456.851, 300.668088, 59.162252
13775.919, 300.692841, 59.187888
2515.836, 300.495281, 59.006959
17033.274, 300.570276, 59.077835
23130.121, 300.660928, 59.160065
12919.564, 300.359974, 58.885466
2993.787, 300.577018, 59.082336
2908.956, 300.648708, 59.147478
26163.005, 300.372933, 58.899480
4989.805, 300.486576, 59.000984
5819.910, 300.364557, 58.889965
14992.435, 300.432380, 58.955144
27211.538, 300.669895, 59.171437
5979.378, 300.715082, 59.209563
4231.638, 300.367435, 58.893721
4556.556, 300.377791, 58.903704
22355.768, 300.414062, 58.939030
11284.284, 300.579720, 59.089118
18936.178, 300.614183, 59.121950
45684.721, 300.413346, 58.943894
31436.418, 300.588341, 59.101722
12868.316, 300.402567, 58.931035
7045.708, 300.438202, 58.963205
17945.238, 300.711868, 59.213036
28702.722, 300.503430, 59.024503
4147.443, 300.563702, 59.078416
40979.916, 300.580520, 59.096750
2904.706, 300.601682, 59.112147
2123.095, 300.351698, 58.883598
4128.926, 300.454014, 58.978331
5785.215, 300.356408, 58.890593
17913.912, 300.459598, 58.987915
5867.716, 300.369927, 58.903609
2106.025, 300.470760, 58.995883
68704.782, 300.357825, 58.898261
3392.349, 300.372919, 58.907961
3772.790, 300.421677, 58.953606
7100.243, 300.454151, 58.983989
16762.306, 300.471979, 59.002542
9137.365, 300.606518, 59.124623
18742.532, 300.678992, 59.190922
9921.558, 300.335799, 58.876766
3777.432, 300.381148, 58.918007
7888.683, 300.387928, 58.925512
22868.797, 300.347142, 58.890431
6739.044, 300.383802, 58.921823
8257.299, 300.475709, 59.007649
12254.345, 300.635502, 59.153186
4701.227, 300.435914, 58.971119
3757.772, 300.427202, 58.962955
7016.253, 300.500230, 59.031414
2032.259, 300.689870, 59.203189
3769.449, 300.412587, 58.951778
8659.232, 300.545001, 59.073539
6739.275, 300.617929, 59.140000
2128.402, 300.389030, 58.930615
5411.207, 300.482300, 59.017228
54832.391, 300.569827, 59.102179
4205.012, 300.414830, 58.955737
20464.177, 300.500995, 59.036459
17898.781, 300.513014, 59.048149
5976.392, 300.642962, 59.164658
20159.124, 300.437747, 58.980629
5453.324, 300.452220, 58.993339
66345.302, 300.324351, 58.881973
13706.016, 300.387362, 58.934560
11192.835, 300.517436, 59.055128
13930.004, 300.528761, 59.066310
11208.764, 300.562894, 59.097521
2079.711, 300.642018, 59.167758
6264.760, 300.347408, 58.899345
45189.301, 300.612146, 59.145541
28321.647, 300.712654, 59.235502
29785.037, 300.441781, 58.989895
8659.776, 300.466974, 59.012270
25702.586, 300.501050, 59.048671
18015.276, 300.677206, 59.204836
16418.159, 300.600383, 59.136847
31853.785, 300.345865, 58.905378
6227.870, 300.365923, 58.921584
9548.438, 300.393838, 58.947511
10856.486, 300.527076, 59.070062
54857.501, 300.536818, 59.083827
2542.671, 300.673407, 59.201399
46734.421, 300.313805, 58.880433
8729.877, 300.359875, 58.917395
50819.824, 300.431139, 58.985074
4603.907, 300.583608, 59.122018
17589.609, 300.664197, 59.195627
13666.972, 300.383432, 58.939223
26883.778, 300.517374, 59.065292
4994.199, 300.641480, 59.175723
2965.519, 300.350052, 58.909825
5413.165, 300.442196, 58.995164
2876.370, 300.487142, 59.035850
10313.202, 300.530130, 59.076184
4173.072, 300.556752, 59.100179
11758.262, 300.582492, 59.124739
108612.318, 300.365454, 58.937320
2975.797, 300.464380, 59.016692
9119.986, 300.363638, 58.926051
3751.877, 300.450837, 59.005403
6254.991, 300.453444, 59.008294
3782.576, 300.471200, 59.023780
65577.304, 300.661677, 59.202457
4615.782, 300.680603, 59.215451
17699.810, 300.510348, 59.062077
15213.235, 300.614435, 59.157469
15346.071, 300.314980, 58.884954
47319.866, 300.558165, 59.109147
8293.965, 300.323487, 58.892952
2104.508, 300.338051, 58.904875
9557.357, 300.433973, 58.995003
95604.014, 300.536756, 59.093144
4242.231, 300.554241, 59.103715
31004.270, 300.326856, 58.899448
5784.198, 300.386050, 58.951836
3712.135, 300.409758, 58.973933
6697.179, 300.417709, 58.981669
2949.669, 300.481196, 59.040567
5469.308, 300.524555, 59.081593
22351.723, 300.358264, 58.932094
10021.136, 300.374509, 58.946486
15313.796, 300.382671, 58.956646
26627.932, 300.395777, 58.967595
2091.945, 300.339392, 58.914111
20904.898, 300.452166, 59.020435
4271.836, 300.498839, 59.061792
8774.362, 300.385633, 58.961852
16314.015, 300.475461, 59.042998
2127.601, 300.561395, 59.119215
28920.924, 300.609555, 59.165993
85668.794, 300.435513, 59.013980
3770.139, 300.667403, 59.216887
219210.274, 300.314958, 58.910047
28977.707, 300.620706, 59.178965
8333.877, 300.633913, 59.189085
2109.432, 300.699655, 59.247279
3003.722, 300.366134, 58.943742
28498.220, 300.478463, 59.050064
23388.635, 300.671704, 59.226535
5033.951, 300.420692, 58.996072
26882.708, 300.545517, 59.112934
23055.268, 300.424009, 59.003028
15537.001, 300.492752, 59.065170
24564.136, 300.527376, 59.096675
4594.177, 300.586433, 59.149281
26615.975, 300.310662, 58.899839
3293.736, 300.344296, 58.927602
9179.197, 300.404700, 58.984448
2936.129, 300.472867, 59.045900
5066.951, 300.655421, 59.211998
19846.353, 300.367323, 58.953397
7557.149, 300.564819, 59.130979
4577.647, 300.334827, 58.921008
2432.348, 300.443672, 59.020764
2082.539, 300.513848, 59.084488
15820.887, 300.297925, 58.890851
6260.293, 300.394811, 58.978408
102737.050, 300.530699, 59.107854
5982.848, 300.610091, 59.176087
4970.902, 300.334974, 58.925900
14137.376, 300.348108, 58.939666
2531.827, 300.447689, 59.028830
26280.447, 300.463885, 59.046088
24721.389, 300.592416, 59.162756
2117.134, 300.615599, 59.181324
39267.128, 300.633363, 59.201060
6644.052, 300.455618, 59.037246
19861.370, 300.676627, 59.239436
17580.943, 300.467510, 59.049949
2561.624, 300.661069, 59.224694
20979.386, 300.665282, 59.231073
2884.321, 300.690625, 59.250793
14189.527, 300.577239, 59.150575
15116.717, 300.599059, 59.171416
8735.507, 300.626343, 59.195611
5856.078, 300.397984, 58.986554
38800.013, 300.432929, 59.023796
2929.886, 300.623025, 59.192294
5809.999, 300.689376, 59.253358
3700.924, 300.371960, 58.964154
3755.762, 300.400919, 58.990712
35821.858, 300.404850, 58.997767
49013.526, 300.678186, 59.249798
10429.384, 300.325413, 58.925125
2915.776, 300.653891, 59.223956
20026.674, 300.290702, 58.894689
18598.611, 300.552896, 59.135447
21497.365, 300.360922, 58.963569
2503.098, 300.282891, 58.887360
4586.683, 300.422963, 59.016693
11220.219, 300.382546, 58.982293
5071.554, 300.450948, 59.042850
3429.316, 300.472779, 59.062463
4590.009, 300.295101, 58.900014
13773.815, 300.319231, 58.923231
11789.631, 300.646916, 59.224002
17718.946, 300.339955, 58.944936
20746.986, 300.506992, 59.098440
37527.560, 300.575637, 59.161998
66238.415, 300.612198, 59.196522
6625.528, 300.288398, 58.898154
5032.478, 300.278704, 58.889956
2545.302, 300.325318, 58.931976
30875.385, 300.592321, 59.181020
12901.609, 300.391329, 58.995969
4603.429, 300.435649, 59.036119
8769.032, 300.554019, 59.144739
22719.609, 300.656121, 59.240559
20479.913, 300.673763, 59.255460
11558.488, 300.322840, 58.935424
10368.356, 300.429010, 59.032986
23042.647, 300.436389, 59.040875
32674.707, 300.574971, 59.168124
2500.217, 300.596623, 59.184754
34271.616, 300.416630, 59.024350
15489.697, 300.527899, 59.125509
3434.518, 300.544317, 59.138250
24807.719, 300.441186, 59.048210
2532.649, 300.599213, 59.188931
4510.178, 300.455572, 59.059310
3346.710, 300.461953, 59.064636
3393.291, 300.545990, 59.141470
17487.272, 300.274137, 58.894031
23562.314, 300.535864, 59.135196
24653.147, 300.338872, 58.955363
10298.867, 300.360987, 58.975376
20813.720, 300.385955, 59.000526
72905.426, 300.481377, 59.090217
2506.454, 300.521847, 59.121663
3788.235, 300.353973, 58.968857
3748.513, 300.311213, 58.930265
35465.269, 300.417921, 59.032153
22672.922, 300.493845, 59.099614
4619.741, 300.268048, 58.891949
7872.886, 300.303845, 58.924854
13314.913, 300.324598, 58.945133
2517.471, 300.478642, 59.085336
2122.867, 300.356456, 58.973446
35637.318, 300.317165, 58.941571
3329.110, 300.347676, 58.966485
55819.937, 300.648251, 59.245109
4156.069, 300.290650, 58.915420
5404.761, 300.365999, 58.984958
27304.425, 300.444933, 59.058865
3327.841, 300.401441, 59.018072
81956.879, 300.270816, 58.905420
138074.761, 300.355486, 58.981989
9586.063, 300.623313, 59.222302
61709.733, 300.334923, 58.962195
176110.194, 300.479922, 59.100142
6206.520, 300.403258, 59.022205
3734.971, 300.265450, 58.895606
9154.725, 300.342644, 58.970617
8245.553, 300.378982, 59.003321
13630.700, 300.437691, 59.056336
45320.410, 300.281057, 58.916268
4984.800, 300.499360, 59.112733
10410.266, 300.447548, 59.067286
7499.313, 300.320972, 58.951033
18931.285, 300.408228, 59.033475
5436.675, 300.310251, 58.942508
43028.734, 300.321908, 58.956387
31843.992, 300.649068, 59.254455
3756.136, 300.302761, 58.937141
4178.593, 300.442056, 59.064828
29560.764, 300.605620, 59.216952
9211.561, 300.333004, 58.967594
6245.763, 300.398094, 59.026834
5038.760, 300.417075, 59.044011
2107.971, 300.292687, 58.930616
7090.756, 300.339660, 58.974263
2545.898, 300.369962, 59.001788
4128.730, 300.385892, 59.016864
3311.438, 300.401714, 59.031499
9920.651, 300.575694, 59.191439
