# Source Fluxes and Coordinates
# Flux (e-/s), RA (deg), Dec (deg)
384460.086, 301.205409, 58.921186
14665.600, 301.262552, 58.969527
4238.365, 301.291126, 58.993816
931887.187, 301.099773, 58.834620
57380.864, 301.242110, 58.953968
13258.360, 301.092586, 58.818816
78773.738, 300.992553, 58.737554
2119.553, 301.136614, 58.861548
2581.055, 301.095965, 58.825498
6546.273, 301.338337, 59.043018
7788.322, 300.990382, 58.732238
18745.762, 300.955207, 58.702358
30590.688, 300.958950, 58.706007
6843.870, 301.139503, 58.871055
32977.313, 301.235411, 58.960996
30142.330, 300.945391, 58.701102
32293.415, 301.038491, 58.784911
2514.641, 301.087449, 58.827548
11022.590, 301.349527, 59.063230
2513.934, 301.082674, 58.826578
2582.298, 300.995885, 58.749813
21307.648, 301.115328, 58.859835
15402.023, 301.141969, 58.884151
2977.322, 301.340378, 59.060080
23874.379, 301.055132, 58.807528
3411.739, 301.110211, 58.855540
3006.084, 300.999539, 58.757146
6327.106, 301.007078, 58.764279
17395.997, 301.032307, 58.788435
24556.266, 301.045242, 58.802063
2057.075, 301.081462, 58.833256
16064.978, 301.116438, 58.866231
5515.652, 301.130491, 58.878267
7199.306, 301.333042, 59.060093
32646.441, 301.178522, 58.926954
51280.671, 301.056011, 58.817604
5111.308, 301.294129, 59.029759
5080.310, 300.994192, 58.762525
6309.047, 300.982273, 58.753465
47280.891, 300.974016, 58.748706
19184.701, 301.086107, 58.849511
6048.563, 301.271674, 59.014331
72609.129, 301.294457, 59.039131
46189.103, 300.957477, 58.737611
23629.817, 301.098955, 58.863919
11894.865, 301.009545, 58.785756
9331.249, 301.062663, 58.835733
2553.219, 300.983679, 58.765963
43814.125, 301.181622, 58.947809
16306.240, 301.284112, 59.038123
72684.355, 301.302824, 59.056660
2956.987, 301.025567, 58.804709
10486.981, 301.206027, 58.971133
7626.817, 300.976120, 58.765194
20440.129, 301.011843, 58.798451
3456.103, 301.016147, 58.800258
20045.550, 301.111796, 58.888735
28545.015, 301.135002, 58.911668
23541.139, 300.980915, 58.773134
104254.161, 301.202250, 58.976269
53428.585, 300.929427, 58.730962
6767.020, 300.925472, 58.724282
9305.623, 300.982323, 58.776905
5682.980, 301.317127, 59.077623
3820.802, 300.964795, 58.763177
56352.659, 301.167262, 58.949600
33677.169, 301.209946, 58.987400
39989.221, 301.253439, 59.025283
5094.896, 300.906125, 58.713280
10612.478, 301.056972, 58.849819
54410.315, 301.135529, 58.923991
3847.534, 301.269044, 59.039835
14862.950, 300.946038, 58.752219
4625.989, 300.975251, 58.778171
68790.115, 301.170609, 58.959031
13173.804, 300.982103, 58.786373
4201.150, 301.121637, 58.911735
5119.746, 300.929780, 58.740240
28939.072, 301.065260, 58.864803
55763.864, 301.148904, 58.941475
6331.524, 301.000921, 58.805294
7198.428, 301.145734, 58.936781
61870.976, 301.152927, 58.948029
31044.201, 301.011004, 58.820549
133166.245, 300.902132, 58.724301
5923.315, 300.936747, 58.754171
2095.492, 300.963833, 58.778279
17920.338, 301.108218, 58.910113
9340.005, 300.940692, 58.759404
22578.402, 301.088277, 58.894969
11144.006, 301.246697, 59.036270
4249.683, 300.909917, 58.732459
4186.364, 301.285018, 59.071352
7599.036, 300.945079, 58.769130
9534.770, 301.294856, 59.082767
3807.361, 300.959152, 58.782455
4654.962, 300.970519, 58.792248
3836.960, 300.902256, 58.730489
4762.124, 300.886807, 58.718807
6776.359, 300.907346, 58.737997
11050.386, 301.012521, 58.835537
3808.931, 300.981948, 58.807096
15676.664, 300.985440, 58.812041
6766.394, 300.945467, 58.775199
54523.101, 301.109760, 58.926842
105199.877, 300.881661, 58.725180
10180.693, 300.921645, 58.757828
30101.652, 301.045889, 58.872674
16374.342, 301.215364, 59.023637
112305.067, 301.068511, 58.896687
11655.105, 301.284612, 59.086044
18526.469, 300.978295, 58.815233
2942.415, 300.972485, 58.806060
22604.357, 301.155115, 58.972626
2589.462, 300.897765, 58.738677
25046.563, 300.940104, 58.780483
3452.850, 300.914162, 58.755783
59833.346, 300.943295, 58.787816
46402.503, 300.904871, 58.752143
100689.165, 300.895209, 58.745684
54376.979, 301.105285, 58.934099
27772.900, 301.113079, 58.941432
6296.728, 300.883020, 58.734112
12661.050, 301.047691, 58.886995
64566.160, 301.167365, 58.994668
16950.311, 300.991380, 58.835155
20526.670, 300.995698, 58.840603
2138.145, 300.962722, 58.809624
5073.068, 301.017144, 58.859892
67331.366, 301.016326, 58.865129
35741.725, 300.881021, 58.740717
34675.741, 301.075807, 58.917098
9659.537, 300.953099, 58.804932
13089.197, 300.871796, 58.734232
5102.150, 300.906441, 58.763824
13626.059, 301.107570, 58.947901
3808.100, 300.921908, 58.780877
118690.464, 300.884011, 58.756444
156336.458, 301.137835, 58.982245
5041.515, 300.863751, 58.731358
49066.631, 301.238810, 59.073855
4749.386, 301.034296, 58.886254
370494.582, 300.859133, 58.740938
2562.501, 300.940382, 58.801682
50624.598, 300.969470, 58.834868
124136.431, 301.026387, 58.890596
15935.519, 301.188887, 59.032347
2195.258, 301.066570, 58.922585
23682.080, 300.899465, 58.775725
65407.143, 301.000186, 58.871641
20724.775, 300.949970, 58.823364
27165.301, 300.954587, 58.828262
11004.415, 301.015177, 58.882022
24844.512, 301.141284, 58.998564
6358.966, 301.061273, 58.925680
5952.696, 301.221272, 59.069232
30979.768, 301.047156, 58.916158
2932.078, 301.097090, 58.960810
5087.258, 300.922234, 58.804566
26503.995, 300.958817, 58.840623
23322.116, 300.952544, 58.837365
5127.227, 301.163403, 59.026854
4630.412, 300.850387, 58.746031
4654.298, 300.944166, 58.832803
58025.661, 301.202477, 59.068567
4245.606, 301.002902, 58.886895
118210.027, 300.862965, 58.766463
2140.710, 300.881134, 58.776506
9311.112, 300.852112, 58.752520
28181.497, 301.065692, 58.947403
12530.359, 300.987206, 58.877226
148578.579, 301.022742, 58.914271
20876.576, 301.105900, 58.984343
3408.470, 300.922541, 58.819876
2530.485, 301.003932, 58.893495
2965.895, 300.841311, 58.748394
33413.296, 301.111692, 58.995335
8039.901, 300.886216, 58.793987
5087.509, 301.011558, 58.906924
2149.897, 300.903457, 58.809529
44111.106, 301.046592, 58.942908
32522.208, 301.069453, 58.962393
122646.507, 301.131940, 59.022195
14725.370, 300.841783, 58.756984
14397.845, 300.961701, 58.867097
62949.602, 300.983290, 58.889102
58163.161, 301.120169, 59.012958
61838.251, 300.916129, 58.830734
13642.821, 300.989080, 58.895483
3847.282, 300.955418, 58.864405
13585.193, 300.816969, 58.740775
16127.536, 300.961950, 58.871996
2109.239, 300.922478, 58.836354
10787.057, 301.064094, 58.966925
13961.557, 300.847028, 58.773246
90249.109, 300.935812, 58.858663
11862.495, 300.906691, 58.829922
27526.855, 301.143005, 59.043618
26951.465, 301.101215, 59.008533
49969.944, 301.193859, 59.092218
581815.406, 300.819344, 58.765346
5976.380, 301.124040, 59.027976
8362.341, 300.811866, 58.746445
24063.698, 301.075292, 58.986544
9763.639, 300.976008, 58.896655
5132.128, 301.025290, 58.940152
15899.134, 301.175003, 59.076306
3851.490, 300.840941, 58.775553
3811.576, 300.964855, 58.888219
12346.371, 301.063507, 58.978100
12362.159, 301.066430, 58.981564
91133.344, 300.837090, 58.779675
34167.046, 300.902226, 58.836932
2516.839, 300.921565, 58.850311
3395.510, 300.986466, 58.910085
15240.336, 300.800453, 58.745931
11348.431, 301.038740, 58.963660
46253.536, 301.139471, 59.054775
16818.636, 301.083976, 59.005965
38883.780, 300.800615, 58.753037
33546.384, 300.885669, 58.832961
25754.847, 301.014838, 58.948190
34853.744, 300.923255, 58.867689
62282.825, 300.968914, 58.909083
11890.584, 300.985728, 58.925034
48140.041, 301.059584, 58.993066
15366.025, 301.041068, 58.975264
45337.674, 301.160090, 59.087493
2121.649, 300.839003, 58.795443
5830.729, 300.829938, 58.789045
41602.008, 300.817920, 58.782393
6311.169, 300.901309, 58.855068
2116.235, 300.807328, 58.769966
18386.720, 301.025860, 58.969830
7178.301, 300.904792, 58.860797
9318.380, 300.876721, 58.837073
36039.137, 300.802785, 58.774484
32001.105, 300.980629, 58.933963
31448.357, 301.144991, 59.081884
35351.215, 301.130593, 59.070470
85341.994, 301.022438, 58.976064
28781.559, 301.090434, 59.035103
19935.027, 300.807453, 58.779422
21098.204, 300.940637, 58.900638
4267.591, 301.008014, 58.958856
10999.577, 300.777221, 58.752147
18508.015, 300.820902, 58.791600
10912.372, 300.890648, 58.856045
9355.833, 300.836625, 58.806757
65905.647, 300.820585, 58.797758
4737.733, 301.066587, 59.016219
17717.833, 300.837588, 58.812923
2583.785, 300.877597, 58.845818
3387.777, 301.003200, 58.959799
31641.779, 301.077014, 59.028976
16223.565, 301.110758, 59.058831
2140.615, 301.123488, 59.069013
4269.213, 300.878394, 58.849216
69374.918, 300.848183, 58.827448
5512.311, 300.873092, 58.846234
27083.218, 300.974570, 58.940163
18273.968, 300.961810, 58.930123
8454.830, 300.930182, 58.901467
92658.863, 301.020484, 58.991753
9325.692, 300.786625, 58.774624
27301.299, 300.823052, 58.809053
8381.471, 300.868988, 58.850216
27173.040, 300.915031, 58.895199
25568.706, 300.925901, 58.906867
27494.217, 301.002327, 58.975438
79573.969, 300.961300, 58.941567
3016.668, 301.011382, 58.981808
87302.983, 300.774422, 58.775815
32710.291, 300.981052, 58.958443
19900.039, 300.890518, 58.876858
18229.015, 300.821310, 58.816372
27941.722, 301.103830, 59.070951
80344.086, 300.857120, 58.853408
5104.731, 300.813464, 58.809422
30461.584, 301.143945, 59.110415
3348.653, 300.793058, 58.791928
3921.127, 301.153543, 59.116723
5131.303, 300.836956, 58.832981
2510.668, 300.911414, 58.900515
22395.653, 301.093280, 59.065097
3385.357, 300.761087, 58.765070
2534.881, 300.789294, 58.790284
46622.402, 301.112677, 59.086924
203207.343, 301.016913, 59.006840
4299.945, 300.750459, 58.758740
2141.556, 300.872350, 58.868927
2983.804, 300.812066, 58.814799
2248.620, 301.150905, 59.120356
36599.111, 300.884356, 58.887341
13929.528, 300.755559, 58.766215
7200.713, 300.896394, 58.894854
33037.484, 300.785084, 58.796516
14343.280, 300.837810, 58.845155
43207.804, 300.864456, 58.870433
46903.749, 301.022439, 59.016815
29525.101, 300.742233, 58.762292
3794.699, 300.763554, 58.780123
48338.108, 300.775508, 58.794775
15349.384, 300.858196, 58.867482
6826.605, 300.749987, 58.768307
3850.463, 300.754437, 58.771988
59132.750, 300.804575, 58.821598
5507.734, 300.894139, 58.899726
5990.798, 300.977452, 58.975045
26508.971, 301.031301, 59.025421
6316.010, 301.088877, 59.075576
39708.542, 300.766485, 58.789564
31099.594, 300.961319, 58.965474
7274.299, 301.096049, 59.084138
47748.451, 301.131730, 59.119148
8940.774, 300.792918, 58.812227
4652.736, 300.920395, 58.927827
8006.511, 300.755000, 58.779745
69257.464, 300.743695, 58.776113
10590.388, 300.947266, 58.955612
40176.272, 301.092370, 59.089304
4197.180, 300.737936, 58.767394
59074.150, 300.809280, 58.837488
290220.211, 300.899428, 58.922293
2608.178, 300.759138, 58.787049
74117.726, 300.775256, 58.809826
28593.039, 300.736397, 58.772260
7520.384, 300.878139, 58.896303
5119.162, 300.788490, 58.815498
5990.194, 300.888293, 58.909369
10642.806, 301.077802, 59.080768
13661.873, 300.731650, 58.768935
2562.565, 300.851430, 58.876229
8913.254, 300.751694, 58.788628
8013.167, 300.757848, 58.793166
2140.306, 300.842500, 58.870064
29302.715, 301.013250, 59.027199
5080.860, 300.907507, 58.929981
35172.135, 300.958704, 58.979374
4643.553, 300.831383, 58.864254
16499.785, 300.719769, 58.766954
3743.966, 300.736565, 58.781211
31495.980, 301.003926, 59.025260
12194.639, 300.732770, 58.779168
5532.252, 300.861696, 58.895915
57502.504, 300.832742, 58.873834
10155.539, 300.725192, 58.773832
19935.051, 301.032288, 59.052988
7268.057, 301.104632, 59.116391
37071.554, 300.743751, 58.793516
16058.004, 300.824792, 58.865590
51154.119, 300.954316, 58.985811
9352.351, 300.779061, 58.824824
37269.417, 301.042499, 59.065493
16211.550, 300.843295, 58.885247
12621.754, 300.797588, 58.844140
2489.548, 300.816829, 58.862182
10586.487, 300.837211, 58.881452
9312.023, 300.744055, 58.798030
2982.410, 300.886591, 58.927469
3396.555, 300.730727, 58.787024
75468.967, 301.017638, 59.053423
12823.559, 301.083237, 59.108824
44068.741, 301.053110, 59.085993
5449.017, 300.856716, 58.907161
4228.409, 300.711691, 58.775931
5108.971, 300.724413, 58.787343
11750.581, 300.786089, 58.844607
13949.483, 300.713546, 58.779013
8479.727, 301.042080, 59.076353
28180.626, 300.886700, 58.938657
3396.595, 300.780300, 58.840672
4186.899, 300.820726, 58.879433
22481.876, 300.717319, 58.789944
16564.796, 300.762151, 58.829743
2970.749, 300.727742, 58.797447
11430.760, 300.701152, 58.775293
5054.774, 300.797958, 58.862398
8835.276, 300.756698, 58.826628
2968.274, 300.781067, 58.848011
69719.168, 300.828577, 58.896325
3327.691, 300.958709, 59.009101
5137.305, 300.770301, 58.839327
6317.865, 300.857992, 58.920221
3067.616, 300.764081, 58.834490
55054.701, 300.926120, 58.984969
41515.360, 300.948911, 59.005079
18425.548, 301.048359, 59.093140
8893.722, 300.739400, 58.814665
2149.042, 300.832749, 58.901526
6366.413, 300.838502, 58.907510
72429.764, 300.845378, 58.918015
3821.659, 300.796629, 58.870769
3793.572, 300.712467, 58.793380
11808.428, 300.774444, 58.851898
13588.571, 300.789416, 58.867774
6372.811, 300.983994, 59.043823
36209.560, 301.075524, 59.129025
2974.411, 300.776009, 58.856397
12453.167, 301.049746, 59.105188
36220.423, 300.859318, 58.936517
6808.387, 300.883871, 58.956688
53233.916, 300.914299, 58.987512
5905.074, 300.774739, 58.859972
24426.489, 300.785391, 58.871883
2993.325, 300.814164, 58.896130
34236.386, 300.959048, 59.030234
3881.904, 301.049483, 59.109978
5917.255, 300.687074, 58.783143
24583.051, 300.767704, 58.859045
20351.620, 300.775905, 58.866547
7186.606, 300.707560, 58.804200
3392.290, 301.023303, 59.090322
77009.913, 300.719290, 58.822438
19945.049, 301.035601, 59.104386
13986.645, 301.065022, 59.130901
13852.928, 300.686282, 58.789269
38006.301, 300.868077, 58.957073
13682.480, 301.026365, 59.097878
8459.154, 300.689523, 58.792688
8426.612, 300.749824, 58.848397
8024.388, 300.695730, 58.799608
12626.063, 300.708550, 58.813222
3814.327, 300.815765, 58.908061
312812.711, 300.955443, 59.045095
102556.898, 300.992980, 59.075612
2104.936, 300.697050, 58.802180
9452.129, 300.939342, 59.024134
2546.929, 300.915526, 59.003070
73010.975, 300.872948, 58.970331
5041.317, 301.015845, 59.095373
56005.480, 300.707146, 58.821673
5982.698, 300.865331, 58.960468
41301.375, 300.725289, 58.837576
5478.496, 300.757224, 58.864038
2570.870, 300.861776, 58.957852
9756.126, 300.721460, 58.834082
33650.789, 300.768357, 58.877172
20438.569, 300.939261, 59.031664
5103.233, 301.037518, 59.118465
7590.713, 300.808812, 58.915023
11976.627, 300.862893, 58.964641
12953.178, 300.884922, 58.983945
41371.026, 300.896463, 58.997130
7195.846, 300.729592, 58.843181
23651.157, 300.892160, 58.992466
3087.916, 301.030951, 59.115433
16989.774, 300.698265, 58.816929
55850.600, 300.659046, 58.785843
179722.174, 300.750502, 58.872206
56783.388, 300.774591, 58.890273
9743.344, 300.688120, 58.808871
8081.545, 300.743900, 58.860133
27749.713, 300.883869, 58.989332
59204.394, 300.675209, 58.803386
7193.366, 300.784796, 58.898707
17331.513, 300.722764, 58.845473
2108.823, 300.855160, 58.963526
23140.406, 300.907784, 59.015174
12806.848, 300.928554, 59.031032
36284.739, 300.661487, 58.793737
7590.684, 300.899775, 59.007500
5021.586, 300.761855, 58.882778
2112.466, 300.779522, 58.898586
6804.362, 300.791789, 58.910450
18860.111, 300.973297, 59.076782
20826.754, 300.829351, 58.947976
6322.643, 300.680117, 58.811328
4682.347, 300.723653, 58.850488
2102.393, 300.741991, 58.866966
11822.740, 300.804471, 58.927212
25988.527, 300.863387, 58.981289
3006.702, 300.910818, 59.022732
2983.263, 300.875957, 58.992091
2976.511, 300.672968, 58.808815
126408.111, 300.751225, 58.891859
27322.426, 300.784791, 58.914807
3321.162, 300.799918, 58.924766
41393.376, 300.879627, 59.002274
38674.319, 300.964259, 59.077846
16911.006, 300.702956, 58.841698
40561.550, 300.662710, 58.807370
54533.583, 300.937236, 59.058122
2961.759, 300.697932, 58.837647
15651.799, 300.762861, 58.900018
22722.529, 301.018685, 59.129945
61554.670, 300.643583, 58.793904
12738.720, 300.748544, 58.886472
5503.068, 300.766927, 58.903765
8889.630, 300.803081, 58.937921
157998.688, 300.813199, 58.954219
15818.430, 300.991835, 59.109401
3363.290, 300.758040, 58.897012
75033.232, 300.828228, 58.965042
99874.170, 301.034852, 59.151812
9289.773, 300.780909, 58.919778
2513.902, 300.741341, 58.882975
36996.256, 300.885327, 59.017012
17275.191, 300.757963, 58.903314
3389.277, 300.822894, 58.959273
34628.294, 300.925062, 59.054852
2945.544, 300.734448, 58.879649
93331.566, 300.672655, 58.830941
6307.851, 300.690805, 58.840496
7230.531, 300.970564, 59.095214
21739.300, 301.007082, 59.130607
12201.310, 300.739392, 58.887572
7265.282, 300.693533, 58.845929
7215.681, 300.779194, 58.924064
65272.543, 300.837975, 58.982890
2523.145, 300.652265, 58.810912
52152.102, 300.923084, 59.060951
10909.826, 300.703361, 58.861374
26900.439, 300.745809, 58.901067
6388.859, 300.657525, 58.818897
8843.396, 300.724945, 58.881332
197707.540, 300.850794, 59.004869
141193.073, 300.730146, 58.893674
9269.308, 300.867416, 59.012507
46337.300, 300.685044, 58.851195
14287.499, 300.766487, 58.921797
21060.364, 300.646565, 58.815375
20227.407, 300.624733, 58.797603
4256.688, 300.815940, 58.969279
108803.197, 300.635527, 58.812402
5094.851, 300.634534, 58.805716
2138.396, 300.750212, 58.911862
12011.807, 300.837698, 58.992242
28711.208, 300.671476, 58.846392
11028.279, 300.776557, 58.939012
21228.130, 300.789378, 58.952925
4278.153, 300.701773, 58.871777
8034.047, 300.716521, 58.886229
6358.997, 300.622486, 58.802055
8438.733, 300.643734, 58.822897
13194.733, 300.799050, 58.964054
3750.056, 300.754619, 58.923281
31414.658, 300.804536, 58.971695
19124.429, 300.649276, 58.830279
5503.835, 300.675284, 58.853162
2166.680, 300.735910, 58.909464
8857.670, 300.622461, 58.809202
10175.687, 300.655780, 58.840957
9284.071, 300.807871, 58.978776
5874.088, 300.667614, 58.851779
5498.380, 300.706759, 58.887738
33676.738, 300.780009, 58.956860
7665.556, 300.718292, 58.900125
11553.275, 300.916971, 59.081314
5054.680, 300.733406, 58.915478
29333.004, 300.823493, 58.999433
2535.273, 300.884612, 59.052794
22509.602, 300.608790, 58.804612
75320.539, 301.002741, 59.165979
4198.069, 300.618468, 58.813737
5152.005, 300.647908, 58.841466
2520.441, 300.685149, 58.873869
14490.609, 300.725707, 58.912570
32697.703, 300.826353, 59.004817
32790.988, 300.715667, 58.906127
16271.188, 300.941813, 59.109025
5031.488, 300.655816, 58.849622
3354.532, 300.668877, 58.861014
5611.562, 300.862865, 59.037705
11791.152, 300.697239, 58.889096
7985.320, 300.625097, 58.822852
24770.911, 300.682617, 58.878184
2114.515, 300.795729, 58.977781
113359.227, 300.981907, 59.152442
2155.891, 300.663362, 58.858454
7606.976, 300.638663, 58.837909
72285.554, 300.888642, 59.070268
15291.467, 300.908242, 59.083333
69742.405, 300.802196, 58.993256
17313.588, 300.670383, 58.869894
6703.395, 300.651490, 58.853238
6796.922, 300.700295, 58.897225
43141.331, 300.794814, 58.987233
3409.770, 300.718372, 58.913764
61125.864, 300.829649, 59.020660
37824.356, 300.991877, 59.165608
3005.862, 300.745817, 58.941145
37138.190, 300.641561, 58.850631
53341.697, 300.729854, 58.934217
109989.079, 300.680173, 58.899793
9705.670, 300.697754, 58.903076
47595.094, 300.764861, 58.965788
13976.540, 300.720944, 58.926253
7176.054, 300.660047, 58.870292
11487.213, 300.773293, 58.974521
279921.004, 300.987730, 59.174779
4239.914, 300.631342, 58.845194
7658.407, 300.640307, 58.854987
15177.842, 300.648887, 58.863910
39900.650, 300.665591, 58.881740
3852.606, 300.950629, 59.136648
23822.079, 300.601441, 58.825073
34931.710, 300.649865, 58.870945
29533.158, 300.791407, 58.998996
11112.088, 300.815671, 59.020126
12353.498, 300.847568, 59.048383
43747.521, 300.654988, 58.876342
4243.315, 300.976552, 59.164432
5069.682, 300.709385, 58.924166
13171.561, 300.766433, 58.977633
5107.230, 300.851854, 59.053335
72780.194, 300.880907, 59.084889
5463.081, 300.699830, 58.916380
3408.360, 300.673514, 58.892792
35255.822, 300.964649, 59.159847
43216.968, 300.817697, 59.029530
7180.595, 300.594545, 58.824890
112137.534, 300.734428, 58.960523
40862.821, 300.824200, 59.036863
4682.037, 300.714900, 58.935075
3392.683, 300.721319, 58.941858
2160.428, 300.629329, 58.859239
2478.492, 300.661241, 58.888888
6008.489, 300.922558, 59.126004
3799.016, 300.656539, 58.885406
15575.987, 300.701054, 58.927921
16776.133, 300.775839, 58.995485
7641.598, 300.582832, 58.821107
161925.190, 300.653130, 58.891742
23550.432, 300.895263, 59.106557
6301.489, 300.666337, 58.899098
12202.683, 300.635360, 58.873114
2149.033, 300.646211, 58.880940
2983.741, 300.609652, 58.848329
40533.319, 300.683001, 58.918507
3792.795, 300.924849, 59.134258
20384.935, 300.581288, 58.825934
53548.458, 300.738256, 58.971571
2084.547, 300.816075, 59.037618
40574.881, 300.572737, 58.821562
2951.925, 300.593508, 58.836678
3024.267, 300.857258, 59.076833
158241.834, 300.904929, 59.126494
13489.135, 300.690049, 58.927740
2950.868, 300.608089, 58.851982
49184.989, 300.948629, 59.164346
12711.608, 300.598359, 58.846222
12858.004, 300.851135, 59.076686
7372.830, 300.888885, 59.110185
67805.667, 300.584018, 58.842785
58100.866, 300.613132, 58.866858
6353.015, 300.756181, 58.991344
384773.128, 300.628033, 58.886577
16809.598, 300.792670, 59.027072
8834.583, 300.688271, 58.932992
2181.562, 300.608626, 58.859562
2155.450, 300.642961, 58.891640
65703.281, 300.599451, 58.857058
23556.975, 300.717418, 58.963001
5035.051, 300.581860, 58.837530
8069.542, 300.884587, 59.113130
7219.616, 300.922807, 59.148108
2973.710, 300.765857, 59.006490
23231.931, 300.901975, 59.132677
2967.109, 300.655650, 58.908126
37297.694, 300.802139, 59.044664
33408.817, 300.938906, 59.170529
105835.889, 300.664909, 58.926571
68426.881, 300.849067, 59.092611
7709.916, 300.924232, 59.156819
15199.344, 300.676351, 58.934785
4638.742, 300.845511, 59.086791
2983.860, 300.758343, 59.008341
3345.537, 300.649930, 58.913048
38067.235, 300.585964, 58.860206
74701.932, 300.625137, 58.901359
5499.100, 300.748019, 59.005187
13583.646, 300.801325, 59.054498
9731.613, 300.817820, 59.070228
7728.191, 300.890420, 59.135402
5625.627, 300.553428, 58.829762
6775.474, 300.558132, 58.833546
6300.304, 300.740895, 59.000433
21376.933, 300.943843, 59.186757
2584.646, 300.573431, 58.848816
20564.906, 300.607671, 58.882899
6772.967, 300.642739, 58.914721
20914.924, 300.842344, 59.097850
2536.482, 300.590887, 58.869168
3327.146, 300.649156, 58.923112
2578.822, 300.699594, 58.968025
2931.945, 300.701416, 58.970229
21037.387, 300.783367, 59.047236
25668.987, 300.810188, 59.072036
22070.650, 300.565457, 58.849363
30916.375, 300.617129, 58.896988
5486.092, 300.705124, 58.975745
10607.363, 300.547522, 58.832977
5135.505, 300.582883, 58.864822
6268.733, 300.689663, 58.963339
10138.203, 300.597310, 58.879803
3737.857, 300.722185, 58.992647
66114.006, 300.893063, 59.151450
6337.112, 300.603139, 58.885537
11364.686, 300.639925, 58.919393
2136.378, 300.654547, 58.933125
6347.349, 300.582481, 58.869375
52176.826, 300.790096, 59.063146
2090.829, 300.535433, 58.825753
19443.499, 300.587729, 58.875016
4232.162, 300.741791, 59.014233
62486.752, 300.868935, 59.132470
20019.276, 300.543926, 58.837243
4659.538, 300.645475, 58.929467
19923.055, 300.660346, 58.944308
26336.099, 300.715061, 58.994117
24319.382, 300.664562, 58.949816
24403.771, 300.740187, 59.018473
122719.705, 300.578800, 58.880816
6761.097, 300.614036, 58.907278
4268.596, 300.665548, 58.954317
13202.538, 300.675631, 58.964460
5514.534, 300.529229, 58.830654
6821.238, 300.558305, 58.857557
22730.769, 300.813052, 59.091131
20375.038, 300.521626, 58.827194
20391.034, 300.826559, 59.104265
5493.805, 300.549575, 58.851692
2508.294, 300.568460, 58.868243
53993.190, 300.539434, 58.848710
11420.193, 300.632482, 58.928462
5954.372, 300.737274, 59.023832
43350.927, 300.655431, 58.954088
23094.371, 300.698149, 58.991576
18699.388, 300.745487, 59.033477
33719.450, 300.777504, 59.064124
7672.372, 300.717442, 59.007868
34518.494, 300.834768, 59.116326
2102.465, 300.534058, 58.841606
5963.051, 300.692713, 58.987093
9740.198, 300.730135, 59.021258
11381.683, 300.873587, 59.151997
8452.902, 300.647746, 58.947621
7181.640, 300.606700, 58.910862
14010.536, 300.614257, 58.918269
2576.680, 300.555094, 58.863849
313684.918, 300.702861, 59.009891
33191.666, 300.743201, 59.038694
2530.845, 300.702510, 58.999488
19114.176, 300.804686, 59.094003
21810.486, 300.897545, 59.178108
43860.627, 300.635040, 58.942190
10924.556, 300.607078, 58.916114
2187.286, 300.751700, 59.047130
3879.999, 300.900586, 59.181912
19129.478, 300.882693, 59.168276
25000.159, 300.599808, 58.913132
4723.712, 300.771967, 59.068012
3829.319, 300.820284, 59.113761
3385.368, 300.625838, 58.938253
24407.682, 300.711844, 59.017591
35087.200, 300.585299, 58.906222
7579.225, 300.549241, 58.868906
3417.793, 300.716227, 59.022465
3458.878, 300.846244, 59.139894
17323.159, 300.507839, 58.834020
3706.178, 300.530908, 58.854237
2610.435, 300.660099, 58.972136
32294.305, 300.662317, 58.977246
25795.221, 300.669854, 58.983605
2970.527, 300.866244, 59.158861
52340.768, 300.558920, 58.885431
3837.234, 300.649464, 58.964441
4212.638, 300.532147, 58.858228
38475.713, 300.612616, 58.936100
19328.098, 300.513813, 58.844549
4652.482, 300.629592, 58.948621
9676.299, 300.540331, 58.868865
2555.252, 300.749792, 59.058571
2967.713, 300.631770, 58.951987
42899.672, 300.739642, 59.054732
2122.840, 300.681699, 58.998747
3770.930, 300.754611, 59.065416
24372.719, 300.827609, 59.132162
15744.940, 300.659894, 58.981448
4278.921, 300.705938, 59.022298
10575.819, 300.532556, 58.865450
47443.716, 300.717932, 59.038928
3851.144, 300.868620, 59.171075
50698.311, 300.622556, 58.953623
38392.262, 300.765427, 59.081763
33896.588, 300.813346, 59.125038
6737.118, 300.536201, 58.871681
8057.272, 300.723903, 59.042637
5940.294, 300.630263, 58.958321
41157.068, 300.637495, 58.968163
5059.795, 300.651326, 58.978833
7572.275, 300.525616, 58.865333
2963.689, 300.571013, 58.905718
9240.086, 300.582744, 58.918456
11924.685, 300.556501, 58.894913
13505.665, 300.544552, 58.884155
58914.401, 300.865190, 59.179040
6313.481, 300.593029, 58.928589
11782.747, 300.561056, 58.901597
6346.717, 300.844521, 59.157996
3401.419, 300.508766, 58.853205
2992.139, 300.666672, 58.998632
2101.310, 300.641657, 58.975935
2168.031, 300.768153, 59.092028
5128.733, 300.539590, 58.885226
3359.197, 300.653904, 58.989405
19259.936, 300.810658, 59.134394
3422.976, 300.870641, 59.186638
7306.770, 300.885190, 59.200160
5960.164, 300.518228, 58.867908
4689.709, 300.836194, 59.156926
49641.963, 300.708549, 59.047102
4272.142, 300.579783, 58.926942
36347.550, 300.639456, 58.984641
2985.989, 300.801716, 59.128428
3442.332, 300.539095, 58.890687
24018.974, 300.492680, 58.852997
13958.534, 300.539819, 58.894263
46258.253, 300.655652, 59.003399
39362.352, 300.733886, 59.074388
5930.281, 300.813798, 59.146722
26165.028, 300.672525, 59.021547
13860.932, 300.473736, 58.841078
16078.633, 300.482461, 58.849965
2152.091, 300.497414, 58.862654
58558.883, 300.529612, 58.897039
9913.789, 300.709878, 59.058538
92793.047, 300.767709, 59.115223
26685.376, 300.689248, 59.042697
10681.742, 300.714916, 59.064151
17527.800, 300.664104, 59.020600
8449.330, 300.543622, 58.909854
29020.608, 300.568940, 58.935689
19499.365, 300.583884, 58.948057
9237.114, 300.614422, 58.974194
2949.849, 300.521674, 58.890848
11525.859, 300.653827, 59.012876
2583.432, 300.758320, 59.106879
3391.052, 300.828223, 59.170417
2144.723, 300.615241, 58.977511
7142.304, 300.508802, 58.882045
11482.684, 300.547908, 58.917894
25282.696, 300.834839, 59.180443
5128.170, 300.695984, 59.054362
2507.292, 300.550307, 58.921843
3406.297, 300.494449, 58.871720
2084.160, 300.700378, 59.058734
57776.695, 300.777682, 59.133661
2524.272, 300.600264, 58.969499
11129.947, 300.711039, 59.071198
50474.124, 300.734935, 59.094937
8115.339, 300.837533, 59.184797
86776.987, 300.481463, 58.868268
30806.490, 300.818063, 59.171770
12783.096, 300.841119, 59.190502
43036.895, 300.750323, 59.112897
3030.213, 300.853318, 59.203289
6816.343, 300.593007, 58.969235
38394.655, 300.606683, 58.985630
33804.283, 300.622176, 58.999203
40117.338, 300.464593, 58.855770
4232.047, 300.504395, 58.889327
4153.876, 300.548842, 58.930441
102682.478, 300.631776, 59.013673
21148.652, 300.542838, 58.926907
2110.313, 300.495038, 58.882706
37007.109, 300.564004, 58.949175
8878.009, 300.643879, 59.020015
9160.006, 300.816371, 59.178455
30067.170, 300.489931, 58.885398
7065.424, 300.547919, 58.935872
30025.077, 300.669920, 59.050558
16820.714, 300.835725, 59.198538
7177.937, 300.485767, 58.880016
30057.139, 300.448470, 58.850581
25860.503, 300.496674, 58.894090
78638.605, 300.644099, 59.034628
6340.524, 300.579508, 58.969034
33307.681, 300.711164, 59.090753
6750.881, 300.463087, 58.863251
13459.652, 300.469574, 58.869842
2161.855, 300.679599, 59.059425
3400.453, 300.811062, 59.178837
17959.542, 300.689056, 59.071808
50241.124, 300.616645, 59.008674
28287.045, 300.812591, 59.185476
8138.377, 300.569096, 58.963410
60716.858, 300.722011, 59.106879
16168.805, 300.454843, 58.861542
2608.749, 300.553183, 58.951707
3360.436, 300.571541, 58.968964
2584.535, 300.804846, 59.181597
63954.746, 300.520390, 58.928410
8856.379, 300.446564, 58.858185
4238.818, 300.597995, 58.995788
118171.370, 300.458366, 58.875494
406649.366, 300.579431, 58.992315
34793.404, 300.511309, 58.921620
2999.078, 300.472219, 58.883073
35264.680, 300.480481, 58.896309
5494.520, 300.551193, 58.955921
44768.917, 300.694382, 59.092204
28515.464, 300.764190, 59.153276
5058.832, 300.500851, 58.912564
2124.068, 300.452159, 58.867694
35962.477, 300.642262, 59.045155
34816.200, 300.781081, 59.170336
25285.690, 300.648768, 59.052566
23492.403, 300.799366, 59.189132
2957.490, 300.713115, 59.109769
2100.309, 300.482372, 58.900392
26010.493, 300.672210, 59.076888
12656.269, 300.517869, 58.935365
11042.031, 300.604969, 59.015579
26973.809, 300.817726, 59.209577
23673.754, 300.543297, 58.961196
4265.742, 300.562475, 58.977276
45808.827, 300.776686, 59.174867
89529.468, 300.680631, 59.097510
32453.935, 300.445775, 58.874288
31424.174, 300.698060, 59.107607
6830.677, 300.457242, 58.885658
3777.958, 300.505608, 58.929020
8764.174, 300.725351, 59.130047
25469.583, 300.802467, 59.201615
7956.411, 300.625113, 59.040612
56814.874, 300.736943, 59.144220
2558.166, 300.557644, 58.978781
9254.323, 300.428676, 58.863342
21455.520, 300.456329, 58.892477
9699.634, 300.655306, 59.074356
8448.568, 300.443802, 58.881632
5459.151, 300.496382, 58.929944
2094.249, 300.634489, 59.055063
6253.910, 300.426834, 58.867676
3359.903, 300.560759, 58.988723
6390.576, 300.666889, 59.087121
13489.957, 300.603844, 59.035968
70499.726, 300.437368, 58.886770
2147.155, 300.483054, 58.921362
3792.054, 300.508016, 58.944701
83927.132, 300.596367, 59.031268
5479.895, 300.487600, 58.927289
2581.048, 300.510301, 58.947452
44564.757, 300.627663, 59.058260
3825.309, 300.433266, 58.877715
12767.720, 300.591282, 59.023984
12677.639, 300.434468, 58.881291
2948.533, 300.446330, 58.890311
88240.300, 300.563313, 59.003156
5923.997, 300.415650, 58.864899
2159.101, 300.497606, 58.938122
21467.785, 300.726899, 59.149233
11052.422, 300.709315, 59.133864
17691.914, 300.420165, 58.874243
10155.272, 300.557014, 58.996138
30407.652, 300.614746, 59.052346
8830.790, 300.508115, 58.953702
48301.320, 300.653951, 59.090667
4207.902, 300.461634, 58.910849
8430.461, 300.490117, 58.938330
2506.099, 300.630990, 59.065571
2127.301, 300.440491, 58.891761
6742.723, 300.442147, 58.895684
65353.406, 300.524275, 58.975866
3860.821, 300.565844, 59.009946
18574.879, 300.453250, 58.909505
18708.604, 300.712899, 59.146502
46546.634, 300.478397, 58.934766
10119.444, 300.413111, 58.875660
5490.479, 300.461906, 58.921127
9540.562, 300.799538, 59.228827
3387.036, 300.419133, 58.882188
3813.630, 300.563862, 59.014606
9352.694, 300.775887, 59.207723
11444.736, 300.467779, 58.929502
13982.641, 300.491387, 58.950787
2144.147, 300.506381, 58.962947
2999.146, 300.628075, 59.074032
11200.494, 300.731848, 59.169293
84170.281, 300.417819, 58.889126
13916.720, 300.514599, 58.972263
5502.220, 300.429847, 58.894901
2928.894, 300.435098, 58.900443
5064.608, 300.620206, 59.069498
28900.996, 300.673125, 59.119342
321838.435, 300.432053, 58.920248
13576.830, 300.652173, 59.099142
57244.012, 300.710059, 59.155170
5522.256, 300.614986, 59.065828
3760.015, 300.411948, 58.880819
3443.578, 300.684022, 59.128956
43691.129, 300.516255, 58.980386
12268.953, 300.597228, 59.050973
3425.609, 300.446703, 58.913932
3449.390, 300.442788, 58.911070
6329.971, 300.483396, 58.949010
2566.562, 300.567026, 59.025734
46915.088, 300.398024, 58.876897
4164.733, 300.425364, 58.898385
3750.865, 300.453091, 58.924810
27744.230, 300.457878, 58.931595
5107.378, 300.488792, 58.957895
11141.490, 300.527531, 58.994112
27272.561, 300.684605, 59.139360
19859.082, 300.663074, 59.120269
6303.511, 300.701348, 59.154384
29322.784, 300.633371, 59.096590
2991.000, 300.383355, 58.866016
2083.143, 300.604885, 59.068514
54386.940, 300.641460, 59.105743
9300.090, 300.540435, 59.013157
7260.586, 300.455278, 58.935547
2133.712, 300.574870, 59.045054
27572.261, 300.697561, 59.158721
4222.862, 300.415505, 58.900088
50524.290, 300.440268, 58.927733
6346.390, 300.446842, 58.928958
12228.932, 300.482252, 58.963903
19034.713, 300.618300, 59.087273
3879.689, 300.712621, 59.170887
25012.048, 300.716523, 59.176627
4701.985, 300.460710, 58.942946
47034.757, 300.475056, 58.960332
47012.080, 300.573166, 59.048462
7594.447, 300.397893, 58.885372
3375.948, 300.600573, 59.070749
8044.499, 300.404424, 58.893337
18246.771, 300.461112, 58.949198
5465.435, 300.506399, 58.987841
14315.809, 300.609168, 59.084395
4187.085, 300.389230, 58.882686
16428.981, 300.392044, 58.887592
57789.732, 300.403088, 58.901969
3821.553, 300.604145, 59.080122
2981.682, 300.663575, 59.135120
8820.021, 300.393538, 58.892676
7535.546, 300.438646, 58.936327
6380.244, 300.475669, 58.969451
13958.331, 300.749771, 59.220765
21230.723, 300.491421, 58.987425
2541.500, 300.549947, 59.039354
45305.984, 300.678441, 59.158563
5080.786, 300.369233, 58.874433
69956.907, 300.525175, 59.022004
23362.464, 300.648726, 59.132563
4225.175, 300.504500, 58.999194
9632.285, 300.380398, 58.887541
15680.043, 300.458269, 58.959493
10611.629, 300.538398, 59.031731
112027.373, 300.627528, 59.118935
17563.954, 300.732023, 59.208513
4335.603, 300.696414, 59.176457
128436.526, 300.382595, 58.897565
89354.888, 300.398314, 58.911937
110394.272, 300.508976, 59.011430
2575.527, 300.589704, 59.080401
4174.833, 300.478250, 58.979477
5096.349, 300.594234, 59.085450
14733.748, 300.537777, 59.035888
14409.226, 300.368605, 58.881402
7107.513, 300.423808, 58.932033
5908.904, 300.442208, 58.949885
24801.520, 300.484600, 58.989868
10605.197, 300.723789, 59.206544
18485.362, 300.755173, 59.236132
3354.491, 300.461307, 58.968730
75240.768, 300.540558, 59.045624
12631.184, 300.495243, 59.001031
24811.450, 300.554778, 59.058201
4163.075, 300.551752, 59.053511
10497.273, 300.356116, 58.876075
5564.064, 300.448226, 58.959476
6829.061, 300.473870, 58.984699
6371.808, 300.718067, 59.207175
4237.834, 300.404150, 58.921476
9687.953, 300.514798, 59.024065
11196.270, 300.572260, 59.076725
8396.747, 300.424214, 58.941357
5433.654, 300.430039, 58.946086
9448.052, 300.693685, 59.187569
19809.815, 300.716269, 59.209932
7663.295, 300.577399, 59.082822
18311.585, 300.661414, 59.160039
5937.472, 300.644673, 59.144861
27973.162, 300.749864, 59.241452
8829.554, 300.349010, 58.876184
9236.506, 300.358694, 58.885961
4672.073, 300.366239, 58.891972
24463.864, 300.415071, 58.939080
6242.455, 300.433300, 58.954424
4225.696, 300.456535, 58.975178
25479.472, 300.669669, 59.171419
2575.430, 300.699515, 59.196268
6277.874, 300.411164, 58.934298
4213.651, 300.448132, 58.968304
3377.252, 300.506147, 59.022860
4666.097, 300.386107, 58.913289
35339.592, 300.506409, 59.026384
3385.806, 300.645477, 59.150453
12784.065, 300.712015, 59.212476
9724.442, 300.402454, 58.931050
8780.834, 300.536570, 59.053587
49304.321, 300.580490, 59.096680
7198.715, 300.360754, 58.892890
3859.274, 300.419119, 58.946869
18450.155, 300.588100, 59.102419
9648.879, 300.606530, 59.119835
62379.368, 300.346346, 58.888188
86078.693, 300.409810, 58.945121
2984.608, 300.394978, 58.925803
4253.302, 300.422230, 58.951124
81173.616, 300.357740, 58.899141
3422.508, 300.619337, 59.133144
8094.667, 300.369928, 58.906641
2552.056, 300.433284, 58.963719
7650.788, 300.462445, 58.990637
18281.691, 300.472343, 59.001875
18668.741, 300.680656, 59.190842
3822.613, 300.393464, 58.928083
14482.231, 300.456775, 58.987412
36944.438, 300.380740, 58.920938
10981.320, 300.503717, 59.031583
20496.575, 300.611213, 59.129822
15506.468, 300.487480, 59.018384
9243.847, 300.369418, 58.910587
20798.745, 300.635049, 59.152937
5515.307, 300.534248, 59.060622
15231.415, 300.619732, 59.140425
13878.505, 300.431408, 58.970167
3380.098, 300.450039, 58.984685
3819.413, 300.506294, 59.037202
2587.512, 300.587255, 59.111166
22868.734, 300.575622, 59.103189
10630.419, 300.642826, 59.164165
22080.847, 300.500820, 59.036962
2147.627, 300.397900, 58.942766
21503.553, 300.436532, 58.980374
2509.999, 300.356346, 58.906729
5146.481, 300.461477, 59.003612
12396.274, 300.562826, 59.097476
11465.376, 300.528951, 59.066533
2936.101, 300.439631, 58.984215
44010.101, 300.612082, 59.145695
40195.913, 300.443349, 58.990726
2561.556, 300.536451, 59.074026
15633.921, 300.565885, 59.103011
41709.756, 300.324492, 58.884028
3413.057, 300.347330, 58.901536
17945.197, 300.511298, 59.055757
3767.866, 300.518573, 59.060482
19676.094, 300.665203, 59.195926
16467.442, 300.675406, 59.205325
69406.067, 300.428862, 58.985251
70661.949, 300.536258, 59.084008
17836.725, 300.599400, 59.136958
5107.996, 300.385908, 58.940607
7273.769, 300.526668, 59.069837
10221.173, 300.358256, 58.917259
3025.166, 300.393834, 58.948300
3425.536, 300.413255, 58.966303
22793.972, 300.497462, 59.048009
2153.131, 300.366530, 58.924586
6320.515, 300.451941, 59.004807
9815.925, 300.464444, 59.016714
3778.055, 300.403253, 58.961081
23259.050, 300.510862, 59.062309
12457.904, 300.582071, 59.124920
29591.866, 300.711222, 59.243932
3397.367, 300.372364, 58.932921
78458.699, 300.661797, 59.202700
16449.409, 300.435924, 58.994872
19742.359, 300.411135, 58.974051
50653.805, 300.558414, 59.108928
9358.813, 300.553987, 59.103030
13686.836, 300.613549, 59.157481
13520.997, 300.336600, 58.904733
10422.518, 300.319695, 58.889909
5497.379, 300.348897, 58.915966
101798.689, 300.363839, 58.936036
33904.644, 300.327574, 58.899651
4189.292, 300.462993, 59.022015
136920.712, 300.532889, 59.095374
5912.219, 300.380812, 58.947177
23310.332, 300.384671, 58.951908
2112.787, 300.467166, 59.026248
7657.831, 300.349333, 58.920232
7120.540, 300.512710, 59.069045
12691.289, 300.322545, 58.895848
10564.562, 300.438761, 59.004822
2559.831, 300.356006, 58.927290
19415.186, 300.454105, 59.020338
30317.700, 300.498746, 59.061907
14079.215, 300.530025, 59.088944
3320.012, 300.630387, 59.179636
4264.089, 300.647208, 59.194527
19009.405, 300.395211, 58.968524
9202.610, 300.426708, 58.997053
4664.041, 300.543962, 59.102500
91814.738, 300.436494, 59.013890
29466.819, 300.609906, 59.165950
6328.011, 300.392007, 58.965455
8934.187, 300.603564, 59.159067
9073.572, 300.475655, 59.043222
103694.526, 300.323303, 58.910152
9721.567, 300.337169, 58.916691
13061.161, 300.306585, 58.890469
7667.818, 300.411266, 58.986434
10241.863, 300.634276, 59.190802
23725.061, 300.313323, 58.898499
18797.491, 300.478063, 59.049921
24385.760, 300.672210, 59.226665
8073.507, 300.399691, 58.978484
26927.082, 300.424791, 59.003119
9786.637, 300.493298, 59.064601
2088.894, 300.552159, 59.117450
19365.017, 300.545547, 59.113838
6344.246, 300.655830, 59.212316
4198.859, 300.414407, 58.993210
2536.910, 300.651982, 59.209536
3792.853, 300.349359, 58.934693
3442.067, 300.619139, 59.181166
95690.617, 300.530865, 59.107575
15605.784, 300.579650, 59.150720
8899.751, 300.480706, 59.058308
20004.662, 300.610189, 59.176589
8525.270, 300.315450, 58.906764
4236.709, 300.425387, 59.007285
2161.792, 300.465310, 59.043553
4667.236, 300.298154, 58.891510
25812.395, 300.592180, 59.162933
35549.950, 300.633150, 59.201450
17567.406, 300.676434, 59.239462
24515.194, 300.466163, 59.048914
37568.135, 300.690688, 59.254765
3438.552, 300.454994, 59.038038
19962.515, 300.664411, 59.230993
48558.714, 300.404818, 58.997747
44947.525, 300.433009, 59.023555
5953.552, 300.546946, 59.123364
15199.084, 300.598835, 59.171772
2098.498, 300.364546, 58.955919
16829.006, 300.296319, 58.898490
2116.428, 300.303405, 58.901874
39118.066, 300.307978, 58.909777
10935.769, 300.356023, 58.951441
5486.404, 300.382498, 58.974935
20813.823, 300.290494, 58.894285
2135.539, 300.366908, 58.960659
25151.830, 300.649735, 59.224102
7154.161, 300.324049, 58.923612
18176.763, 300.328214, 58.930477
18801.776, 300.553002, 59.135465
24110.375, 300.338007, 58.939052
22775.143, 300.472299, 59.062545
35120.837, 300.676967, 59.249843
4242.443, 300.364424, 58.962715
18542.472, 300.462348, 59.054003
2118.683, 300.502095, 59.088232
7221.268, 300.389087, 58.986244
23185.776, 300.522084, 59.114434
2160.055, 300.439103, 59.032437
19516.331, 300.340404, 58.944939
6263.929, 300.531007, 59.117552
8916.025, 300.636282, 59.213320
26878.034, 300.507274, 59.098834
39462.570, 300.575509, 59.162546
65324.207, 300.612039, 59.196383
2567.732, 300.365093, 58.967997
38579.125, 300.437299, 59.040045
3374.059, 300.308180, 58.916563
31114.186, 300.311992, 58.923622
8883.277, 300.563771, 59.152452
9719.303, 300.283791, 58.897099
14463.334, 300.290915, 58.903406
11409.159, 300.366361, 58.973678
26235.701, 300.390143, 58.995817
5541.030, 300.469587, 59.066355
28834.410, 300.591979, 59.181008
11056.049, 300.428038, 59.031141
2543.777, 300.447291, 59.046467
28291.471, 300.673546, 59.255750
26229.876, 300.298270, 58.913494
2087.987, 300.316834, 58.928256
3846.376, 300.323586, 58.935401
4274.471, 300.340810, 58.951666
5126.677, 300.544848, 59.138291
17944.820, 300.656789, 59.241066
2163.826, 300.284632, 58.899857
2583.455, 300.320433, 58.932783
2153.253, 300.511977, 59.108257
3438.690, 300.346889, 58.958021
2571.112, 300.383500, 58.991897
5796.664, 300.407224, 59.014083
17806.412, 300.442318, 59.047745
9046.576, 300.527746, 59.125725
20182.185, 300.536398, 59.134664
23112.291, 300.573280, 59.167833
29278.466, 300.339499, 58.955878
8105.097, 300.580870, 59.174697
2182.439, 300.328222, 58.944398
11508.840, 300.414459, 59.024702
314127.501, 300.479538, 59.098036
43587.994, 300.317656, 58.940218
34602.195, 300.494041, 59.099541
56995.018, 300.417323, 59.032352
3381.994, 300.275239, 58.897935
22733.966, 300.295313, 58.919925
3819.328, 300.332398, 58.951488
3336.664, 300.354235, 58.971609
13114.257, 300.356674, 58.975128
153537.576, 300.356442, 58.981669
2993.052, 300.476751, 59.084053
7970.563, 300.348099, 58.968026
57153.912, 300.647998, 59.245042
5034.602, 300.280785, 58.905794
21988.249, 300.400061, 59.016173
37641.408, 300.444687, 59.059634
72985.046, 300.334624, 58.962106
12189.987, 300.436395, 59.052787
21911.687, 300.280585, 58.911579
2569.749, 300.432047, 59.046095
5882.195, 300.624060, 59.221872
2109.550, 300.505799, 59.114331
11955.226, 300.500142, 59.111827
6805.002, 300.288090, 58.916649
3373.153, 300.642025, 59.240238
5516.413, 300.540692, 59.149191
48031.678, 300.267353, 58.902809
14331.547, 300.274234, 58.907314
3374.023, 300.386932, 59.009794
72348.155, 300.321266, 58.955468
4231.096, 300.346338, 58.973872
3862.275, 300.407453, 59.031325
3419.745, 300.525617, 59.139051
34841.033, 300.649395, 59.254357
41131.102, 300.308450, 58.948688
3814.222, 300.301718, 58.935090
16935.276, 300.280269, 58.917662
37772.576, 300.605711, 59.217144
3832.811, 300.283636, 58.919994
10949.263, 300.334449, 58.968186
13860.738, 300.385393, 59.016900
7110.033, 300.556656, 59.172687
23056.359, 300.574458, 59.191953
15183.534, 300.357541, 58.992952
5065.953, 300.365493, 58.999352
14378.933, 300.513632, 59.138826
31786.040, 300.525696, 59.148754
4229.087, 300.456517, 59.084227
41199.317, 300.567116, 59.189235
6722.808, 300.276565, 58.921006
24361.946, 300.279731, 58.924911
23391.487, 300.338785, 58.979249
6849.750, 300.369701, 59.006582
3449.725, 300.483101, 59.109482
2540.595, 300.260822, 58.906655
123445.240, 300.325922, 58.971696
10595.407, 300.417706, 59.052344
3819.145, 300.283423, 58.928516
30637.852, 300.625172, 59.242963
2106.039, 300.290585, 58.935539
9412.832, 300.404764, 59.042396
2922.157, 300.390387, 59.028699
19103.746, 300.591024, 59.213068
3854.773, 300.602376, 59.222463
3850.929, 300.283968, 58.932054
5969.723, 300.297796, 58.945166
2197.833, 300.423551, 59.060641
8680.806, 300.596457, 59.219089
