# Source Fluxes and Coordinates
# Flux (e-/s), RA (deg), Dec (deg)
770810.542, 301.098651, 58.835026
50419.432, 301.197869, 58.922592
48850.077, 300.991121, 58.737986
3046.135, 300.951931, 58.702509
3858.654, 300.956591, 58.706800
56228.564, 300.944174, 58.700253
30153.439, 301.038889, 58.785027
25489.817, 301.234855, 58.960914
8404.501, 301.166140, 58.903015
3336.394, 301.324177, 59.043141
4303.316, 301.018953, 58.770306
3091.526, 301.116007, 58.859523
11634.983, 301.142386, 58.884064
3060.007, 301.006965, 58.761981
25775.565, 301.055390, 58.807945
16754.604, 301.032851, 58.788283
2168.969, 301.041202, 58.794761
16614.569, 301.116436, 58.865601
2706.749, 300.989304, 58.751971
65726.764, 301.055841, 58.817689
2213.931, 301.304322, 59.035267
24458.088, 301.177452, 58.927037
2163.015, 301.281176, 59.017354
2152.324, 301.068046, 58.826663
3964.138, 301.294650, 59.030171
36691.152, 300.974165, 58.748840
3542.947, 301.019321, 58.787484
2241.481, 301.271732, 59.014096
14509.347, 301.085455, 58.849278
4333.335, 300.989389, 58.762550
65138.713, 301.294223, 59.039226
35400.375, 300.958370, 58.737573
26441.667, 301.099828, 58.864461
22193.437, 301.030131, 58.802301
15383.667, 301.009545, 58.785855
13687.904, 301.062770, 58.835971
11390.691, 300.926165, 58.714499
40623.573, 301.181867, 58.947832
3505.320, 301.077515, 58.851691
2656.355, 300.922077, 58.712193
23612.685, 301.004006, 58.789283
12384.059, 301.283382, 59.038970
6562.213, 300.991025, 58.776948
31237.477, 301.011591, 58.798126
9282.874, 301.206358, 58.970742
21580.753, 301.111532, 58.888397
18148.083, 300.981725, 58.772821
30596.093, 301.134956, 58.911488
99358.507, 301.202289, 58.976364
7428.696, 300.915754, 58.714970
60070.806, 300.929005, 58.731077
2249.738, 301.124776, 58.905634
40114.834, 301.210064, 58.986783
36806.924, 301.253935, 59.025463
78328.776, 301.288347, 59.057041
3899.920, 301.019352, 58.812598
59528.715, 301.167039, 58.949606
2634.245, 300.978062, 58.777812
11999.492, 301.056782, 58.849723
17227.980, 301.136127, 58.921358
2190.503, 300.907005, 58.716710
14082.449, 300.982211, 58.786075
63330.051, 301.170777, 58.958945
16707.643, 300.945713, 58.753350
3884.713, 301.041848, 58.840059
8350.449, 301.119990, 58.911637
26534.697, 301.065096, 58.865061
14016.475, 301.013959, 58.818495
143287.101, 300.902030, 58.724480
53303.355, 301.152974, 58.948024
20234.659, 301.109009, 58.910544
18049.430, 300.940839, 58.759482
8375.693, 301.009997, 58.821760
27307.890, 301.088386, 58.894882
37548.849, 301.120825, 58.925827
2632.446, 300.925217, 58.747482
3608.919, 301.246372, 59.036368
5460.070, 301.250741, 59.040547
5750.745, 300.902731, 58.729954
12734.215, 300.944642, 58.769142
3486.925, 300.969520, 58.791921
3118.609, 301.264668, 59.057785
6100.145, 300.956624, 58.782429
6169.195, 300.944797, 58.773922
13704.098, 300.986654, 58.812421
3999.002, 301.012957, 58.835089
60177.087, 301.110043, 58.926952
37535.466, 300.887560, 58.725925
8342.811, 300.987588, 58.816115
2661.267, 300.996057, 58.823243
30060.923, 301.045176, 58.872767
117180.438, 301.068676, 58.896629
56712.968, 300.877166, 58.724260
15051.759, 300.940766, 58.780275
95633.707, 300.894178, 58.745764
46804.992, 300.904854, 58.751536
53918.039, 300.943291, 58.787731
53335.725, 301.104907, 58.934169
11784.982, 300.975469, 58.814931
3503.536, 300.956295, 58.797324
30338.371, 301.111734, 58.940856
72541.038, 301.167561, 58.994584
14026.555, 301.200879, 59.023845
23070.426, 300.995098, 58.840226
3911.416, 301.047708, 58.886879
3916.010, 300.868670, 58.725206
57218.013, 300.879761, 58.742915
69643.103, 301.016071, 58.864920
25801.063, 301.075822, 58.917290
13588.654, 301.108006, 58.948278
6603.836, 300.860388, 58.726216
3054.695, 300.947918, 58.804823
154279.613, 301.137829, 58.982026
91755.351, 300.885619, 58.754531
9113.023, 300.942219, 58.800979
15237.712, 300.986032, 58.841267
9239.677, 301.035030, 58.886132
2695.039, 301.121193, 58.963946
26328.022, 301.240501, 59.072965
363202.802, 300.859503, 58.741162
3999.205, 300.864128, 58.735737
48744.485, 300.970227, 58.834999
19193.291, 301.067088, 58.922305
132428.062, 301.026637, 58.890651
15968.858, 301.189562, 59.032534
12353.294, 300.899565, 58.775430
71250.333, 301.000109, 58.871774
7018.799, 300.850075, 58.731030
23361.219, 300.950106, 58.823223
7028.063, 300.881087, 58.760503
37007.518, 300.955816, 58.829080
7891.188, 300.979876, 58.851474
3939.037, 301.015106, 58.882403
3056.104, 301.063096, 58.925914
25986.234, 301.140897, 58.998228
2603.126, 301.069540, 58.931748
4890.180, 301.221745, 59.069117
2270.612, 300.926308, 58.803822
21410.862, 300.846987, 58.735329
14560.697, 300.960278, 58.840191
24853.358, 300.952332, 58.837091
13495.219, 300.856480, 58.752833
57456.128, 301.202638, 59.068640
6192.223, 300.911447, 58.803866
119414.508, 300.862914, 58.766200
181732.595, 301.024831, 58.914491
2175.455, 300.850850, 58.750230
3541.862, 300.898770, 58.793916
23481.145, 301.065575, 58.947535
4323.824, 300.951775, 58.843510
5235.509, 300.891168, 58.789833
17132.343, 300.922520, 58.819670
18184.732, 301.106002, 58.984735
7831.768, 300.832350, 58.737310
10541.565, 300.900219, 58.799056
32219.247, 301.111899, 58.995150
11781.331, 300.898329, 58.806292
42623.403, 301.046988, 58.942994
122944.047, 301.132264, 59.022211
6562.618, 300.928109, 58.835216
39734.474, 300.962386, 58.871569
66772.848, 300.983092, 58.889221
56693.625, 300.916833, 58.830475
62094.658, 301.119814, 59.012909
2648.560, 300.960883, 58.866986
26562.516, 300.818346, 58.740991
13238.649, 300.988791, 58.895520
5250.361, 300.845081, 58.765557
3494.768, 300.812272, 58.736627
86859.785, 300.935509, 58.858647
12244.420, 300.851741, 58.779801
5230.345, 301.015641, 58.927216
2609.324, 300.809833, 58.741294
3447.140, 300.907173, 58.829530
22857.762, 301.142068, 59.043629
576134.651, 300.819861, 58.765645
7828.098, 300.835191, 58.767009
3104.830, 300.873582, 58.800299
30042.953, 301.101094, 59.008522
49552.064, 301.193849, 59.092275
22668.949, 300.975441, 58.896735
19974.220, 301.074578, 58.986356
13822.684, 301.175037, 59.076559
94319.111, 300.837832, 58.778922
10645.103, 301.063622, 58.978779
7913.436, 301.067214, 58.981856
21603.275, 300.902065, 58.835642
7514.356, 300.799963, 58.745604
37405.348, 301.139333, 59.054794
3070.575, 300.798252, 58.748521
34059.043, 300.968886, 58.908121
41885.986, 300.922877, 58.867651
26894.747, 301.014336, 58.948220
26027.630, 300.884753, 58.832593
7084.271, 301.041607, 58.975212
35957.704, 301.058601, 58.992733
7866.234, 300.796599, 58.754690
10489.443, 300.841401, 58.796145
44298.888, 301.160485, 59.087477
2998.746, 300.849778, 58.805547
10898.271, 300.890525, 58.843215
28735.011, 301.069214, 59.006149
45889.832, 300.786176, 58.753166
6992.468, 300.814437, 58.775638
87350.890, 300.813939, 58.781169
13206.109, 300.900363, 58.854514
7007.814, 300.801764, 58.764464
4891.575, 300.802302, 58.767538
33063.637, 300.980575, 58.933931
13138.184, 300.874647, 58.837378
29383.412, 301.144871, 59.081898
54015.400, 300.800878, 58.773650
80601.564, 301.022720, 58.975986
34698.322, 301.130620, 59.070153
3988.937, 300.920122, 58.879706
27819.563, 300.836779, 58.807516
27618.329, 300.940919, 58.900511
24662.626, 301.090210, 59.035348
3939.181, 300.776467, 58.752215
91707.474, 300.817726, 58.796937
5228.833, 301.003117, 58.959321
29653.088, 301.077351, 59.028833
18111.320, 301.110775, 59.058783
2641.869, 300.782806, 58.760954
9175.506, 300.945807, 58.910767
2117.497, 300.866640, 58.839513
33199.872, 300.974455, 58.940142
60091.842, 300.847898, 58.827553
2216.115, 300.935864, 58.905255
19785.680, 300.961592, 58.930111
6104.229, 300.969109, 58.937475
8645.286, 300.779892, 58.766375
4717.009, 300.930195, 58.902949
7853.978, 300.990500, 58.957982
80867.111, 301.020125, 58.991783
6992.761, 300.868346, 58.850238
5701.572, 300.851010, 58.835421
23355.848, 300.927476, 58.906705
90089.064, 300.961540, 58.941388
5701.083, 300.899168, 58.881114
18216.905, 301.002493, 58.975665
14436.750, 300.891609, 58.876795
84446.122, 300.774249, 58.776827
89503.346, 300.856988, 58.853449
5184.583, 300.944606, 58.927347
6193.830, 300.978104, 58.958331
34975.430, 301.093601, 59.064631
7529.273, 301.153936, 59.116862
5285.581, 300.864490, 58.857689
29676.526, 301.143912, 59.110531
30233.901, 300.750848, 58.757589
5288.134, 300.890064, 58.882141
8350.685, 300.804594, 58.806699
42439.612, 301.112430, 59.087045
2272.525, 300.819220, 58.819602
39602.740, 300.900717, 58.896019
203433.915, 301.017210, 59.007050
16678.675, 300.888082, 58.886063
7448.811, 300.820485, 58.824541
4816.133, 300.766227, 58.775315
36832.547, 300.785038, 58.795448
2602.271, 300.859182, 58.859454
2188.903, 300.806238, 58.812323
2636.583, 300.916726, 58.912691
39257.547, 301.090141, 59.071273
2194.367, 300.940721, 58.936475
85110.256, 300.738108, 58.761569
3888.217, 300.776350, 58.790816
5696.540, 300.854776, 58.863004
44158.686, 301.022214, 59.016889
15707.896, 300.923538, 58.928470
2651.028, 300.977555, 58.974743
13774.232, 301.031380, 59.025508
61164.245, 300.766401, 58.788710
36870.795, 300.805158, 58.823157
6576.273, 300.793627, 58.811894
34344.588, 300.961305, 58.965561
47104.906, 301.131995, 59.119118
5297.719, 300.760379, 58.781606
2160.853, 300.928466, 58.933765
13600.785, 300.755346, 58.779469
3482.923, 300.818043, 58.835727
62870.759, 300.743923, 58.776171
4906.648, 300.865091, 58.879168
6608.918, 300.899414, 58.910243
3978.541, 300.923621, 58.932824
9595.657, 300.743118, 58.770536
39349.533, 300.850079, 58.870481
41388.966, 301.092488, 59.089205
6155.617, 300.774981, 58.800114
39603.919, 300.810142, 58.837392
13064.961, 300.899339, 58.915489
268405.510, 300.899312, 58.922653
11795.938, 300.753902, 58.784128
17328.449, 300.843347, 58.867533
5281.175, 300.776610, 58.805796
52580.612, 300.760351, 58.794984
53285.459, 300.774396, 58.810951
19374.878, 300.731360, 58.769146
4471.229, 301.077989, 59.081193
35445.321, 300.958863, 58.979361
2198.824, 300.802644, 58.836994
17033.326, 300.828681, 58.863709
88459.102, 300.715805, 58.766072
4337.075, 300.844551, 58.878100
8325.511, 300.863725, 58.896418
2629.325, 300.817995, 58.854817
41848.761, 300.743653, 58.793288
61006.228, 300.833177, 58.874454
5306.114, 301.104630, 59.116268
57290.145, 300.954135, 58.985571
24994.760, 300.843714, 58.885635
4032.530, 301.032014, 59.053444
42241.459, 301.042616, 59.065638
12749.130, 300.823025, 58.867397
7520.774, 300.797898, 58.844022
4840.480, 300.722991, 58.775735
9176.367, 300.836753, 58.881104
8290.165, 300.714532, 58.772429
2199.850, 300.856529, 58.901404
7041.559, 300.772314, 58.827503
68575.463, 301.017616, 59.053403
2671.602, 300.818530, 58.870435
39639.679, 301.053106, 59.086029
2644.653, 300.730225, 58.791694
23083.088, 300.737040, 58.800969
24554.147, 300.888102, 58.938689
11807.331, 300.710509, 58.778924
3087.826, 300.755064, 58.818563
29261.957, 300.717889, 58.789911
5198.084, 300.739974, 58.808020
11738.399, 300.813585, 58.875579
18463.787, 300.761998, 58.829807
59261.686, 300.830677, 58.896186
5237.062, 300.710847, 58.785314
28972.257, 300.739452, 58.814857
68168.776, 300.925289, 58.984779
25961.558, 301.047588, 59.093754
31816.438, 300.947873, 59.005305
2595.804, 300.704033, 58.783926
4413.488, 300.719300, 58.798332
3963.086, 300.774208, 58.849579
86135.811, 300.845950, 58.918552
11107.489, 300.984004, 59.043706
7890.921, 300.763086, 58.844460
36687.498, 301.075417, 59.128976
6585.391, 300.970221, 59.033459
40421.027, 301.007743, 59.069286
17934.256, 300.883138, 58.956476
50399.821, 300.914467, 58.987285
31150.284, 300.746479, 58.834735
6137.808, 300.811787, 58.892497
7357.812, 300.898705, 58.972541
11348.828, 300.686421, 58.780839
4345.769, 300.753062, 58.840319
2150.597, 300.826015, 58.906159
60893.849, 300.956129, 59.030666
25832.202, 300.767583, 58.859381
4389.279, 300.787158, 58.874473
14461.635, 300.774776, 58.865835
4549.244, 301.023052, 59.090151
87552.428, 300.717563, 58.824008
52069.246, 300.845458, 58.936345
3934.419, 300.887076, 58.968697
19785.240, 301.035676, 59.104852
3095.265, 300.697140, 58.796857
4864.940, 301.044017, 59.111604
6161.853, 300.688018, 58.790220
78275.755, 300.866286, 58.959780
9769.782, 301.026211, 59.097411
309657.302, 300.955597, 59.045041
3112.558, 300.798956, 58.893629
88660.266, 300.993924, 59.075389
40629.456, 300.849720, 58.944961
13826.476, 300.938738, 59.024354
47190.187, 300.727578, 58.836488
215894.309, 300.751942, 58.872093
14377.152, 300.695293, 58.805347
75916.961, 300.872109, 58.970080
3552.639, 300.721679, 58.829611
2234.937, 300.769717, 58.873328
4847.014, 300.802151, 58.902813
52187.880, 300.707805, 58.821926
3130.326, 300.895548, 58.989793
52302.547, 300.766982, 58.878156
6543.363, 300.788509, 58.894747
7025.727, 300.819094, 58.922413
12044.504, 300.939798, 59.031512
13873.480, 301.050072, 59.131106
3987.189, 300.784191, 58.890455
73755.442, 300.895005, 58.995638
21143.241, 300.884220, 58.984124
101129.026, 300.676550, 58.802390
20189.131, 300.697885, 58.817783
90465.752, 300.659097, 58.785296
7892.816, 300.743399, 58.859489
8687.576, 300.771543, 58.885102
53498.127, 300.774627, 58.890465
3609.493, 300.688511, 58.809531
19467.970, 300.884349, 58.989152
3539.628, 300.710476, 58.832538
3965.973, 300.746651, 58.866680
3929.882, 300.811500, 58.924798
25234.024, 300.819482, 58.934457
18250.906, 300.799044, 58.917653
18431.361, 300.711672, 58.838224
20286.639, 300.907079, 59.015238
24013.577, 300.662518, 58.794001
9606.931, 300.705786, 58.831747
4868.869, 300.773749, 58.895062
18176.006, 300.973293, 59.076857
3078.754, 300.708198, 58.835646
23232.489, 300.828537, 58.947598
5232.959, 300.692121, 58.823473
13147.233, 300.804791, 58.926942
59111.780, 300.646176, 58.786449
3986.281, 300.792792, 58.915295
12854.944, 300.862930, 58.981325
2231.447, 300.722902, 58.855981
168940.117, 300.751448, 58.891055
4804.231, 300.791706, 58.918874
45246.621, 300.879903, 59.001944
39390.360, 300.964116, 59.077775
28118.320, 300.703917, 58.842016
7816.608, 300.746902, 58.879872
2192.000, 300.749893, 58.881905
6100.950, 300.780418, 58.910874
47471.608, 300.662321, 58.807182
5700.663, 300.766755, 58.899236
3878.983, 300.809987, 58.938463
220469.754, 300.814069, 58.954394
55735.587, 300.937118, 59.058232
28329.683, 301.018831, 59.130098
7032.470, 300.761465, 58.896400
2193.999, 300.676702, 58.819174
66573.884, 300.641674, 58.792405
7050.027, 300.794721, 58.927949
78960.916, 300.828310, 58.964687
5692.521, 300.777662, 58.914203
13389.525, 300.991646, 59.109036
90491.195, 301.034569, 59.152114
27866.261, 300.647110, 58.800960
25038.441, 300.886136, 59.017176
4405.433, 300.758160, 58.900707
9149.054, 300.797583, 58.936550
38705.491, 300.925068, 59.054859
101831.007, 300.673732, 58.830608
14371.340, 300.739807, 58.887458
15488.094, 301.008040, 59.130832
66161.570, 300.837721, 58.982790
6525.666, 300.685008, 58.841777
8769.060, 300.693211, 58.849440
3065.007, 300.855133, 58.996098
55246.499, 300.922910, 59.061072
106568.201, 300.727817, 58.891312
2195.873, 300.757832, 58.909696
15775.037, 300.626572, 58.793050
2286.207, 300.657718, 58.819861
79363.376, 300.734388, 58.897607
2640.163, 300.926626, 59.065651
3944.344, 300.671376, 58.834797
47049.804, 300.685104, 58.851393
191243.642, 300.850416, 59.004976
20009.149, 300.647727, 58.815976
5680.172, 300.626325, 58.797938
97362.367, 300.635958, 58.812753
5738.860, 300.721949, 58.885779
21582.711, 300.838099, 58.992530
3945.965, 300.760905, 58.922981
13220.539, 300.775573, 58.939429
21158.759, 300.789622, 58.953036
7027.015, 300.817358, 58.976864
3506.715, 300.843454, 59.000553
6599.810, 300.618889, 58.798432
6960.083, 300.800115, 58.963656
2217.215, 300.666467, 58.844411
4796.955, 300.721698, 58.896224
20942.328, 300.621522, 58.807273
4389.901, 300.649035, 58.829658
2710.891, 300.674183, 58.853486
6156.195, 300.616588, 58.803759
5264.844, 300.743612, 58.919317
6599.506, 300.714233, 58.892786
14506.333, 300.806508, 58.978393
4376.044, 300.970842, 59.125950
14833.411, 300.637780, 58.826054
56805.925, 300.778021, 58.957264
14373.376, 300.653476, 58.841730
3474.162, 300.715022, 58.896762
30483.541, 300.703619, 58.891243
7452.012, 300.720114, 58.902797
20279.185, 300.824180, 58.999524
2679.594, 300.916780, 59.081546
3461.438, 300.675636, 58.864628
18291.956, 300.699404, 58.886914
36840.716, 300.723902, 58.913126
4819.368, 300.761788, 58.943051
38788.167, 300.826230, 59.004769
17454.221, 300.618294, 58.814876
4363.993, 300.750711, 58.934036
42327.092, 301.002831, 59.164597
16649.034, 300.654166, 58.847823
23324.785, 300.942258, 59.109254
31468.015, 300.714803, 58.906378
20008.099, 300.789053, 58.971760
8790.810, 300.635849, 58.831936
5715.822, 300.862725, 59.037401
3069.520, 300.629442, 58.827166
23363.230, 300.682158, 58.878014
116021.183, 300.981929, 59.152457
16833.201, 300.909071, 59.082903
2614.838, 300.622362, 58.822560
79933.417, 300.802235, 58.993699
11799.054, 300.666283, 58.865502
9623.739, 300.705902, 58.901224
9256.975, 300.724641, 58.917593
77397.392, 300.888663, 59.070413
10435.895, 300.606059, 58.810786
91404.767, 300.733311, 58.934988
36104.524, 300.795990, 58.986540
27320.141, 300.593613, 58.804826
3500.146, 300.623159, 58.828771
7373.538, 300.635941, 58.840931
54128.404, 300.642041, 58.850168
57443.804, 300.829770, 59.020622
43640.431, 300.991671, 59.165556
2158.960, 300.626597, 58.833447
31007.205, 300.650310, 58.862522
3121.365, 300.738942, 58.938904
39002.084, 300.764663, 58.965734
6101.800, 300.688190, 58.895636
10023.982, 300.640296, 58.854926
9138.389, 300.654358, 58.866966
8822.695, 300.772987, 58.975076
9718.657, 300.625651, 58.842949
34614.267, 300.665826, 58.881622
6152.421, 300.710830, 58.921089
6542.802, 300.594045, 58.817022
22874.703, 300.602244, 58.825568
3046.106, 300.977985, 59.164386
32188.488, 300.650385, 58.870874
11730.652, 300.817098, 59.020380
8671.233, 300.713667, 58.927595
17697.473, 300.790858, 58.998910
30318.724, 300.654847, 58.876039
21352.557, 300.670247, 58.890547
3489.715, 300.676883, 58.894876
53200.291, 300.880903, 59.084126
7102.778, 300.852245, 59.055663
64574.854, 300.677677, 58.901851
36067.971, 300.964554, 59.160002
2261.312, 300.610997, 58.838759
36578.060, 300.817737, 59.029406
3889.928, 300.710925, 58.930859
38704.940, 300.738777, 58.959019
34832.058, 300.824675, 59.036906
2259.015, 300.718108, 58.937744
7072.395, 300.575639, 58.809728
3935.294, 300.585584, 58.818562
3009.516, 300.686676, 58.910225
173811.161, 300.652874, 58.891468
4815.193, 300.693216, 58.919260
16712.548, 300.775909, 58.995494
6151.480, 300.577347, 58.814438
14123.581, 300.756008, 58.978184
6641.506, 300.920999, 59.126192
58436.690, 300.575016, 58.821407
29582.657, 300.895305, 59.106969
5737.166, 300.602562, 58.842869
53179.479, 300.682706, 58.918554
7920.967, 300.636915, 58.875448
2646.667, 300.642037, 58.878699
56039.989, 300.737847, 58.971124
16613.999, 300.661113, 58.900466
3923.808, 300.789800, 59.016937
147512.678, 300.904884, 59.126626
46295.635, 300.948549, 59.164492
382624.801, 300.627475, 58.886182
32658.272, 300.690609, 58.930584
9557.088, 300.598604, 58.845856
16356.537, 300.851141, 59.076728
40921.507, 300.616191, 58.867029
2178.919, 300.574561, 58.826493
7481.033, 300.793928, 59.026757
100269.136, 300.596256, 58.856917
2214.907, 300.679979, 58.923939
5248.692, 300.559082, 58.815259
30572.290, 300.584528, 58.842906
3531.628, 300.703860, 58.948266
39701.615, 300.716684, 58.963056
20979.486, 300.565430, 58.825072
11366.417, 300.669858, 58.920497
6222.950, 300.884060, 59.113349
2673.050, 300.689548, 58.938512
35808.035, 300.802605, 59.044412
14413.378, 300.735069, 58.984166
4500.940, 300.551443, 58.815582
13950.850, 300.613229, 58.873657
75433.937, 300.849292, 59.092348
9747.443, 300.925900, 59.156728
96731.747, 300.664761, 58.926962
30607.187, 300.937480, 59.170192
4792.471, 300.599822, 58.863107
15266.208, 300.603256, 58.866636
2666.703, 300.607902, 58.874104
9691.830, 300.632708, 58.897530
10251.527, 300.890788, 59.135605
14545.513, 300.799949, 59.054589
2638.498, 300.574708, 58.848633
3492.627, 300.740285, 58.999619
39888.017, 300.785145, 59.046401
4406.158, 300.555946, 58.833106
2706.262, 300.597952, 58.871191
10022.882, 300.666506, 58.935365
4435.255, 300.908539, 59.153590
3544.400, 300.551163, 58.830513
2243.941, 300.681956, 58.950189
23334.329, 300.841918, 59.097917
41817.061, 300.622161, 58.902179
9605.921, 300.637092, 58.911636
3006.987, 300.540835, 58.823108
29854.227, 300.566131, 58.849275
31237.688, 300.617873, 58.896249
5735.782, 300.706367, 58.975647
23857.642, 300.810427, 59.071600
4769.964, 300.664807, 58.938062
5682.222, 300.671190, 58.946447
66975.686, 300.892879, 59.151352
7896.084, 300.577801, 58.864268
14857.138, 300.686466, 58.963501
4805.591, 300.646993, 58.926586
79231.845, 300.663083, 58.947254
49645.467, 300.789920, 59.062872
15812.439, 300.871819, 59.134096
23038.682, 300.928889, 59.186954
4829.499, 300.541406, 58.833298
10494.150, 300.620094, 58.906633
2614.670, 300.637127, 58.920949
22999.640, 300.740534, 59.018146
13606.184, 300.542719, 58.837419
3095.675, 300.641463, 58.926614
8788.316, 300.612652, 58.901945
2625.865, 300.561427, 58.854640
5273.831, 300.551187, 58.846581
11813.618, 300.553493, 58.850738
18054.186, 300.676107, 58.964342
120319.519, 300.578059, 58.880998
6171.266, 300.597790, 58.894106
14193.400, 300.813251, 59.091057
4474.494, 300.839132, 59.112742
19714.071, 300.520503, 58.827342
12906.082, 300.827429, 59.104096
11847.772, 300.525519, 58.831441
13156.541, 300.554459, 58.858831
14822.708, 300.571368, 58.872343
2653.740, 300.853213, 59.127144
2598.322, 300.635502, 58.931453
5751.388, 300.643635, 58.939457
49301.053, 300.853258, 59.132243
13248.615, 300.745344, 59.033179
3473.447, 300.584537, 58.886492
8299.469, 300.594941, 58.897609
34788.946, 300.655520, 58.954601
31855.342, 300.776921, 59.064099
10462.908, 300.692648, 58.986344
4788.982, 300.732330, 59.022287
51988.581, 300.538279, 58.849525
5719.141, 300.697052, 58.991299
370845.516, 300.703560, 59.010396
6641.639, 300.873076, 59.152150
5776.483, 300.613516, 58.918243
41536.739, 300.634744, 58.941976
26128.548, 300.897866, 59.178042
4022.499, 300.643912, 58.946577
30862.095, 300.741930, 59.038365
5673.144, 300.700595, 59.000480
30025.998, 300.619979, 58.931362
29683.220, 300.530186, 58.848813
9716.608, 300.771412, 59.067873
2693.850, 300.883019, 59.167567
2649.915, 300.523369, 58.842281
6513.551, 300.612307, 58.924368
37074.844, 300.819918, 59.116648
7899.352, 300.547442, 58.868704
35043.281, 300.583450, 58.907037
14905.454, 300.716787, 59.023439
5776.682, 300.845567, 59.139447
55037.335, 300.614461, 58.936080
10949.218, 300.531876, 58.856729
5223.562, 300.645789, 58.960465
15420.251, 300.647813, 58.963677
13972.115, 300.751812, 59.058366
31524.694, 300.661361, 58.976948
48577.213, 300.558435, 58.885580
4393.557, 300.760723, 59.066268
17967.237, 300.789580, 59.094285
3974.621, 300.499310, 58.829339
51302.189, 300.740709, 59.054697
7814.796, 300.513339, 58.844273
4416.036, 300.803094, 59.107554
26030.075, 300.827468, 59.131678
3076.091, 300.851953, 59.151459
13181.643, 300.660124, 58.981734
43583.560, 300.718245, 59.038622
42083.256, 300.813557, 59.124934
8295.871, 300.500533, 58.836487
56140.627, 300.623475, 58.953452
2216.969, 300.698199, 59.016621
35323.670, 300.765699, 59.081631
31348.934, 300.497703, 58.839884
80482.042, 300.634357, 58.967950
15864.087, 300.556659, 58.895052
3531.694, 300.563482, 58.901393
60948.997, 300.865011, 59.179087
4352.617, 300.595505, 58.931697
6623.991, 300.485616, 58.832113
5269.384, 300.529760, 58.873485
4842.487, 300.511390, 58.858240
7490.379, 300.601790, 58.943567
3094.098, 300.636486, 58.972744
15270.753, 300.680808, 59.016490
10634.611, 300.811155, 59.134612
4807.124, 300.503679, 58.855155
47225.355, 300.552835, 58.903207
4389.017, 300.480956, 58.834914
29631.498, 300.485060, 58.840982
43470.349, 300.639584, 58.984446
52945.814, 300.708221, 59.047032
3141.386, 300.753198, 59.086647
47314.189, 300.654425, 59.003130
50109.099, 300.733949, 59.074019
5290.984, 300.622334, 58.970685
2172.264, 300.503658, 58.862488
2138.281, 300.617682, 58.967582
22617.780, 300.672668, 59.021525
60409.521, 300.840226, 59.179279
5255.623, 300.679311, 59.028935
17513.306, 300.710005, 59.058573
15279.663, 300.585597, 58.948025
91201.975, 300.767871, 59.115298
3975.930, 300.544261, 58.907971
6563.465, 300.590328, 58.950332
30699.958, 300.688734, 59.042645
6256.886, 300.714962, 59.064621
33784.237, 300.528198, 58.897991
18983.214, 300.664225, 59.020806
17127.926, 300.654335, 59.013114
13132.658, 300.547932, 58.917132
5624.779, 300.472281, 58.847393
8720.586, 300.636134, 58.999932
3603.458, 300.859889, 59.200479
3966.986, 300.503984, 58.877502
5283.647, 300.622793, 58.986736
10452.538, 300.462825, 58.842645
10958.678, 300.510952, 58.886549
2599.210, 300.592134, 58.961721
3560.496, 300.629790, 58.996863
14581.737, 300.710973, 59.071304
54701.536, 300.734448, 59.094716
51072.767, 300.776621, 59.133534
34777.515, 300.819168, 59.171881
14864.630, 300.572220, 58.945875
3542.267, 300.837062, 59.184762
3970.266, 300.538000, 58.914086
5669.545, 300.585319, 58.959184
4948.541, 300.841054, 59.190457
2615.324, 300.466694, 58.850347
14404.592, 300.497760, 58.880235
45316.056, 300.750149, 59.112992
64795.687, 300.478759, 58.867175
3969.535, 300.512641, 58.894119
51659.094, 300.607266, 58.985553
19709.724, 300.591353, 58.969553
31464.524, 300.464437, 58.855497
103047.690, 300.632043, 59.012841
23536.030, 300.552439, 58.937036
12636.037, 300.621781, 58.999513
6962.072, 300.543998, 58.928607
3127.618, 300.484354, 58.874070
30808.965, 300.563601, 58.949368
17052.390, 300.815374, 59.178618
42894.428, 300.489005, 58.885222
20845.750, 300.836182, 59.198686
6653.669, 300.521331, 58.912830
2649.679, 300.635998, 59.016660
4000.547, 300.685571, 59.062269
26286.970, 300.497127, 58.893708
37585.441, 300.446961, 58.850746
21494.448, 300.577642, 58.968283
7904.395, 300.466230, 58.864798
9642.491, 300.538729, 58.933634
2179.899, 300.600800, 58.988525
26638.382, 300.711564, 59.091100
2227.275, 300.461288, 58.861177
5291.058, 300.614539, 59.003161
41223.274, 300.616936, 59.008256
29130.377, 300.812539, 59.185573
18465.903, 300.567967, 58.963490
69367.067, 300.643363, 59.034869
65200.862, 300.721921, 59.106764
7869.412, 300.552591, 58.949730
2225.729, 300.788366, 59.164710
11924.695, 300.454063, 58.861622
2283.315, 300.512309, 58.913658
2142.329, 300.519592, 58.920325
6521.840, 300.805142, 59.181199
70483.497, 300.520405, 58.928459
3932.468, 300.573584, 58.974140
433573.030, 300.579470, 58.992219
8470.070, 300.457072, 58.868721
2630.730, 300.527776, 58.932150
115035.850, 300.458482, 58.875451
3105.307, 300.493864, 58.903039
7382.014, 300.502116, 58.913521
34768.738, 300.695281, 59.092300
26879.146, 300.764256, 59.153268
4379.807, 300.438608, 58.855558
4789.004, 300.529355, 58.938724
39733.305, 300.642112, 59.045149
4786.893, 300.429196, 58.848746
2641.895, 300.648453, 59.048141
24734.265, 300.649479, 59.052298
11474.808, 300.783894, 59.172185
32773.672, 300.799574, 59.189353
25702.314, 300.477213, 58.896744
2126.073, 300.599206, 59.006534
3077.625, 300.607023, 59.015187
2206.820, 300.446938, 58.869521
14025.291, 300.518158, 58.935856
4000.409, 300.539079, 58.954573
39273.068, 300.544741, 58.961984
2222.081, 300.590342, 59.000613
15377.229, 300.818009, 59.209970
2652.969, 300.489852, 58.910496
2236.471, 300.753850, 59.150849
4838.026, 300.601509, 59.013620
24710.322, 300.445726, 58.874014
13964.206, 300.425377, 58.856900
5658.185, 300.520491, 58.941970
4353.955, 300.437050, 58.866013
37436.800, 300.697837, 59.107602
10965.846, 300.725518, 59.130328
61482.859, 300.736844, 59.144287
63299.598, 300.681419, 59.097593
7017.314, 300.801798, 59.200160
4786.659, 300.449414, 58.880963
6128.852, 300.477559, 58.908113
4802.767, 300.466258, 58.900380
2613.796, 300.526804, 58.955248
6119.683, 300.476642, 58.911200
2637.233, 300.654776, 59.072875
2185.119, 300.775013, 59.181617
3509.222, 300.435426, 58.873815
3942.838, 300.457266, 58.894402
42124.844, 300.761635, 59.175013
6562.414, 300.465173, 58.903349
3464.344, 300.643125, 59.065148
2614.803, 300.485899, 58.922136
3080.352, 300.548160, 58.979178
97222.395, 300.596562, 59.031222
38453.383, 300.627726, 59.058041
25949.119, 300.787971, 59.202002
13856.010, 300.427454, 58.872960
88120.125, 300.563335, 59.002979
35040.218, 300.589850, 59.025392
35402.813, 300.435384, 58.884296
20105.063, 300.726920, 59.149134
4405.564, 300.467352, 58.911446
11495.010, 300.455706, 58.902090
2181.362, 300.576314, 59.011184
4378.828, 300.639182, 59.070252
4821.203, 300.668846, 59.097319
3528.769, 300.721645, 59.144557
6607.601, 300.418342, 58.869085
8709.325, 300.601927, 59.038012
7520.771, 300.708537, 59.134367
2609.481, 300.524140, 58.966663
12360.190, 300.614753, 59.050805
5644.516, 300.658233, 59.089165
2191.873, 300.412918, 58.865006
3946.818, 300.466191, 58.914958
2178.046, 300.525678, 58.970628
7382.953, 300.493349, 58.944521
102763.885, 300.521796, 58.977464
29276.465, 300.652313, 59.090921
56870.163, 300.478520, 58.934595
6583.529, 300.503878, 58.954082
8199.124, 300.703151, 59.136537
4024.987, 300.453435, 58.908697
15447.401, 300.712902, 59.146860
10092.053, 300.410590, 58.872039
3481.380, 300.438717, 58.895613
7410.987, 300.448179, 58.905379
36534.239, 300.470330, 58.930581
6111.067, 300.454331, 58.912086
4771.103, 300.557144, 59.007102
6612.477, 300.509094, 58.963068
4338.498, 300.483907, 58.941070
3096.539, 300.401802, 58.866226
3940.206, 300.703869, 59.141967
18436.729, 300.731400, 59.169161
48710.055, 300.453738, 58.918263
40246.273, 300.487531, 58.949457
6110.922, 300.646385, 59.092256
8821.515, 300.616290, 59.065798
26819.228, 300.673189, 59.119388
4425.371, 300.393532, 58.862429
86309.464, 300.417590, 58.889262
7969.878, 300.651176, 59.098237
54883.677, 300.710186, 59.155395
7439.787, 300.445864, 58.911184
8346.302, 300.598291, 59.051071
2632.649, 300.546038, 59.006592
7935.597, 300.608920, 59.065338
13108.925, 300.507130, 58.974433
6164.645, 300.421128, 58.896346
10926.802, 300.527127, 58.993790
32858.872, 300.684242, 59.138688
29984.219, 300.458654, 58.932005
29366.891, 300.398018, 58.877016
5356.976, 300.662832, 59.120161
61617.828, 300.641734, 59.105703
260935.319, 300.430378, 58.919886
6987.509, 300.515430, 58.987913
2586.363, 300.383948, 58.867346
62703.358, 300.441814, 58.927635
17064.519, 300.454173, 58.935700
31139.925, 300.697351, 59.158694
17939.073, 300.425007, 58.908634
3115.198, 300.388301, 58.875248
4414.271, 300.514795, 58.990996
22985.951, 300.716679, 59.176913
2178.758, 300.416026, 58.901166
6182.692, 300.499744, 58.978670
45105.659, 300.474580, 58.960109
12643.178, 300.607253, 59.078442
5774.861, 300.617801, 59.087044
10495.939, 300.629090, 59.101312
38757.965, 300.374400, 58.870839
2211.804, 300.610324, 59.084635
24457.813, 300.402082, 58.899402
10927.248, 300.420677, 58.913731
6561.754, 300.450204, 58.939395
3066.293, 300.573534, 59.052304
5341.778, 300.453226, 58.943711
34871.410, 300.618348, 59.096691
4794.933, 300.367668, 58.866843
12701.787, 300.407263, 58.903128
3507.524, 300.652246, 59.125517
2696.779, 300.509217, 58.996900
4369.571, 300.385877, 58.884417
4774.424, 300.574809, 59.058232
18095.288, 300.491686, 58.986791
45511.587, 300.677975, 59.158254
69413.388, 300.525060, 59.021729
9090.913, 300.557423, 59.048718
9290.123, 300.748418, 59.221638
3906.740, 300.429365, 58.930701
127492.681, 300.629054, 59.119481
6632.287, 300.398902, 58.903963
2631.278, 300.540905, 59.033505
11058.740, 300.732561, 59.208550
165252.179, 300.378355, 58.898714
16655.200, 300.458474, 58.959857
85870.506, 300.512307, 59.013453
3929.651, 300.583058, 59.073114
3016.745, 300.602737, 59.090753
7856.378, 300.364240, 58.873999
32680.835, 300.369218, 58.881589
62516.655, 300.402263, 58.913735
2653.592, 300.591517, 59.081510
2191.904, 300.419640, 58.924697
8306.409, 300.430817, 58.936219
31357.090, 300.484672, 58.989579
26547.158, 300.715438, 59.199008
41339.256, 300.504770, 59.008208
2634.005, 300.539820, 59.037173
5737.295, 300.724905, 59.206313
21977.307, 300.755141, 59.236010
83946.978, 300.542001, 59.045329
11777.058, 300.387862, 58.902470
4829.074, 300.414360, 58.925640
18800.436, 300.553744, 59.057516
5613.203, 300.676483, 59.167559
39514.847, 300.393231, 58.912737
7866.917, 300.436112, 58.949769
6606.798, 300.368967, 58.888941
15790.401, 300.571757, 59.076653
25848.634, 300.581430, 59.087445
61284.608, 300.346285, 58.873997
34503.358, 300.359903, 58.884987
41627.039, 300.414723, 58.938265
16874.335, 300.661013, 59.160006
6683.813, 300.692875, 59.187498
2208.325, 300.356097, 58.879546
19374.040, 300.714426, 59.210480
5248.658, 300.584532, 59.090807
32571.835, 300.669377, 59.171275
7883.517, 300.707291, 59.204943
14851.551, 300.448172, 58.970539
21904.200, 300.402573, 58.930130
2246.756, 300.662429, 59.166270
24584.217, 300.503527, 59.025685
44635.495, 300.580382, 59.096682
29399.223, 300.587640, 59.102300
4407.947, 300.428591, 58.955267
2209.933, 300.678960, 59.183456
48258.333, 300.348916, 58.888514
22487.254, 300.413951, 58.944946
71127.778, 300.357978, 58.899087
7425.465, 300.604189, 59.120730
7494.479, 300.626848, 59.141275
15515.285, 300.680198, 59.191069
3920.925, 300.376674, 58.914080
14525.883, 300.384081, 58.922255
11400.767, 300.455661, 58.987668
8377.038, 300.606710, 59.124581
6155.307, 300.471817, 59.002252
17102.512, 300.635827, 59.153242
6529.076, 300.378644, 58.917757
9954.835, 300.498869, 59.030728
3093.512, 300.491999, 59.024384
4938.796, 300.547920, 59.076030
3953.869, 300.430524, 58.968747
14563.164, 300.574292, 59.101841
12759.071, 300.642826, 59.164552
4319.671, 300.366503, 58.912290
17278.695, 300.500674, 59.036402
4380.322, 300.624319, 59.148601
34514.303, 300.370924, 58.921633
109270.161, 300.432097, 58.983059
28896.927, 300.563171, 59.097685
3020.875, 300.356555, 58.906321
12701.221, 300.386406, 58.935438
3181.800, 300.325718, 58.878439
35891.301, 300.527426, 59.067932
2221.653, 300.581404, 59.112958
52608.889, 300.612333, 59.145696
17756.846, 300.596963, 59.129889
27012.624, 300.442505, 58.990080
31151.137, 300.565404, 59.103438
5237.977, 300.696394, 59.219175
3494.153, 300.389891, 58.939868
11003.198, 300.410294, 58.960091
50216.883, 300.323579, 58.882943
4836.150, 300.523278, 59.063470
3564.141, 300.360851, 58.915103
4335.994, 300.513413, 59.055239
10169.837, 300.676318, 59.204552
10482.190, 300.338163, 58.896877
10105.232, 300.394831, 58.948132
17200.001, 300.600472, 59.136803
15058.361, 300.665386, 59.196337
28487.792, 300.540635, 59.084053
22401.014, 300.582320, 59.123133
8831.025, 300.469390, 59.018172
4883.614, 300.354016, 58.912988
6957.211, 300.382211, 58.939969
24865.373, 300.329430, 58.894332
4858.497, 300.394965, 58.952678
8839.881, 300.463641, 59.016167
2230.279, 300.498212, 59.046860
3500.376, 300.388893, 58.947652
5232.168, 300.623220, 59.162579
21865.911, 300.346095, 58.912052
85162.099, 300.365954, 58.937130
11805.147, 300.510314, 59.062056
51633.699, 300.558592, 59.109334
64910.686, 300.661456, 59.202580
27091.340, 300.532621, 59.084088
13775.638, 300.614225, 59.157364
6597.143, 300.683762, 59.220336
8286.551, 300.553787, 59.103558
46894.824, 300.309936, 58.885289
10436.472, 300.340237, 58.909453
14437.215, 300.433788, 58.995329
28188.745, 300.326830, 58.899124
25738.112, 300.335256, 58.906420
7373.743, 300.377007, 58.944521
19694.163, 300.386734, 58.953429
77314.982, 300.537232, 59.094531
4931.429, 300.423877, 58.987804
13230.103, 300.496682, 59.055505
7003.476, 300.356995, 58.927523
11356.608, 300.347308, 58.920700
4059.707, 300.417348, 58.984200
4853.977, 300.359123, 58.932331
17990.562, 300.396850, 58.968466
24614.713, 300.451511, 59.020111
8760.893, 300.498963, 59.061482
30121.500, 300.609883, 59.165860
2574.932, 300.618145, 59.170996
2642.648, 300.634066, 59.186142
21879.590, 300.695877, 59.243851
18423.644, 300.473922, 59.043741
129184.058, 300.323392, 58.910767
91592.534, 300.435676, 59.013760
22035.513, 300.545761, 59.113702
15507.210, 300.478156, 59.049754
3970.735, 300.450090, 59.023403
19687.727, 300.671510, 59.226664
28183.201, 300.424181, 59.002999
25911.466, 300.527404, 59.096591
7898.528, 300.493735, 59.065252
2689.898, 300.655134, 59.211880
19290.999, 300.314076, 58.900850
4367.254, 300.388401, 58.970115
5280.803, 300.352693, 58.937451
24490.507, 300.303582, 58.894665
2638.160, 300.616455, 59.178895
14512.585, 300.479475, 59.057072
98745.934, 300.530848, 59.107678
2191.725, 300.376539, 58.961826
35846.032, 300.675045, 59.237881
4579.182, 300.610089, 59.176068
7019.150, 300.329751, 58.921103
32409.401, 300.591435, 59.162105
40012.052, 300.633182, 59.201479
4817.882, 300.353440, 58.943492
35432.209, 300.379118, 58.973212
39691.307, 300.466079, 59.050894
4861.223, 300.338062, 58.929930
3593.511, 300.375948, 58.965378
15437.285, 300.577825, 59.150406
17213.764, 300.665229, 59.230577
33930.452, 300.690528, 59.254537
3030.346, 300.356053, 58.947074
33559.961, 300.434710, 59.023438
7410.980, 300.471944, 59.056287
42771.473, 300.291012, 58.893144
43217.119, 300.403984, 58.997835
3995.333, 300.449776, 59.034603
2267.363, 300.517404, 59.096252
6618.659, 300.598780, 59.171849
19998.016, 300.359340, 58.953730
3510.011, 300.388754, 58.979605
29153.980, 300.309862, 58.909729
10109.958, 300.331591, 58.929086
10925.463, 300.298979, 58.901985
25360.762, 300.553129, 59.135654
2199.699, 300.541206, 59.123229
42903.963, 300.677172, 59.249813
2210.038, 300.455018, 59.045130
8019.616, 300.472575, 59.062368
37902.276, 300.507319, 59.098600
8949.911, 300.647119, 59.223589
7348.004, 300.291074, 58.898008
32023.801, 300.604436, 59.187145
32059.477, 300.337436, 58.945370
2189.761, 300.416001, 59.012738
33559.785, 300.576030, 59.162361
65371.414, 300.612000, 59.196472
7022.782, 300.363868, 58.967760
15705.589, 300.555417, 59.144704
38053.744, 300.299592, 58.913204
18830.279, 300.391760, 58.995258
3112.437, 300.313204, 58.921974
9582.398, 300.322662, 58.931373
31137.104, 300.591843, 59.181265
5754.460, 300.306981, 58.917621
4407.257, 300.402134, 59.005351
10070.465, 300.452477, 59.052357
11833.241, 300.287853, 58.901977
5318.226, 300.636243, 59.220713
24579.240, 300.673289, 59.255676
12448.600, 300.437159, 59.041019
7014.862, 300.441349, 59.044170
30305.715, 300.340436, 58.955859
15715.815, 300.581302, 59.173522
2655.281, 300.428111, 59.033287
18130.220, 300.442480, 59.047631
22053.085, 300.573882, 59.167916
11531.835, 300.656411, 59.241519
10372.591, 300.280690, 58.899007
7463.638, 300.309086, 58.925254
16362.625, 300.526726, 59.125937
3952.979, 300.541498, 59.137455
10449.329, 300.544301, 59.140504
10920.581, 300.367547, 58.979755
25408.535, 300.534948, 59.134893
3969.004, 300.273249, 58.893855
4748.353, 300.360645, 58.974403
2190.612, 300.477594, 59.081411
29686.977, 300.493800, 59.099306
2621.265, 300.334185, 58.950294
6123.656, 300.392311, 59.004483
72006.617, 300.480596, 59.090400
5726.748, 300.401875, 59.013871
4819.889, 300.414961, 59.025972
7891.990, 300.641870, 59.234255
11659.447, 300.271708, 58.896268
8773.603, 300.293846, 58.916279
72648.702, 300.314558, 58.941604
30537.860, 300.417740, 59.031994
19200.850, 300.346972, 58.967446
61525.048, 300.648101, 59.245146
129261.535, 300.356159, 58.981489
35426.252, 300.444459, 59.058709
23094.410, 300.284159, 58.911932
2658.558, 300.402350, 59.018408
7407.300, 300.389926, 59.009690
72402.572, 300.335121, 58.962271
49710.897, 300.268622, 58.902363
9169.659, 300.463467, 59.078328
211752.749, 300.479200, 59.100532
2578.638, 300.394162, 59.014415
5725.024, 300.554242, 59.161358
6198.488, 300.432967, 59.051200
92515.012, 300.281803, 58.919546
4338.657, 300.296444, 58.927615
3954.429, 300.478137, 59.094795
8289.644, 300.505908, 59.121213
38069.013, 300.649311, 59.254276
27519.818, 300.267149, 58.907360
50317.491, 300.321031, 58.956717
56659.673, 300.399026, 59.032008
254216.102, 300.328711, 58.973441
3052.647, 300.359641, 58.990933
37956.442, 300.605799, 59.217177
3560.930, 300.347614, 58.979261
3538.438, 300.354561, 58.988215
3463.670, 300.387743, 59.017998
4386.387, 300.458963, 59.083879
54454.550, 300.570097, 59.190655
13113.497, 300.258564, 58.902530
44063.643, 300.303324, 58.945909
21376.765, 300.368413, 59.007376
3111.546, 300.456386, 59.086427
24843.851, 300.590746, 59.212926
28029.200, 300.624164, 59.242639
5231.250, 300.292246, 58.938177
2663.385, 300.511328, 59.138544
6071.088, 300.463999, 59.096177
3500.689, 300.294080, 58.941373
4341.318, 300.316758, 58.961877
5705.006, 300.423844, 59.060697
7923.197, 300.377628, 59.019777
70894.088, 300.592562, 59.222378
12250.641, 300.261208, 58.913792
46367.283, 300.393057, 59.039112
23955.922, 300.501779, 59.136303
29266.073, 300.615046, 59.240090
21877.188, 300.465894, 59.106583
65483.996, 300.602519, 59.231807
3490.246, 300.334664, 58.983819
2198.720, 300.368008, 59.014015
41417.930, 300.338356, 58.992043
10510.248, 300.379368, 59.026493
18711.750, 300.266520, 58.924944
3983.827, 300.292863, 58.946723
15629.178, 300.309286, 58.963435
85397.852, 300.485349, 59.130751
12187.737, 300.262953, 58.921826
5220.284, 300.277612, 58.934227
5296.769, 300.286253, 58.942208
5711.703, 300.484423, 59.123791
2217.546, 300.394391, 59.042875
16604.490, 300.372041, 59.025210
8253.137, 300.385087, 59.036254
78159.954, 300.291016, 58.952902
14223.002, 300.452428, 59.098981
10230.807, 300.627496, 59.258097
7143.715, 300.525560, 59.166575
8866.357, 300.275124, 58.937703
6276.970, 300.367210, 59.022516
12674.149, 300.378939, 59.033143
4758.741, 300.241217, 58.906372
3474.149, 300.299196, 58.960365
2655.397, 300.317621, 58.976719
3947.327, 300.324241, 58.982787
4390.936, 300.330649, 58.988821
3124.327, 300.458775, 59.107047
