# Source Fluxes and Coordinates
# Flux (e-/s), RA (deg), Dec (deg)
402449.581, 301.205372, 58.921190
14202.190, 301.263096, 58.969199
67225.224, 301.242071, 58.953976
3093.685, 301.291343, 58.993812
942748.646, 301.099705, 58.834867
4486.969, 301.121894, 58.842963
7645.437, 301.092234, 58.818920
3790.430, 301.349517, 59.051790
18687.355, 300.990283, 58.731997
84269.033, 300.992431, 58.737462
3985.337, 301.015843, 58.754341
3952.789, 301.092501, 58.825163
3588.672, 301.241437, 58.959746
14541.030, 301.139194, 58.871365
14955.300, 301.078474, 58.817208
10198.533, 301.362282, 59.070755
38038.305, 301.038914, 58.784774
28046.402, 301.234839, 58.960985
14221.621, 301.350024, 59.063539
11470.530, 301.010432, 58.759040
3123.600, 300.966584, 58.722857
16435.798, 301.142613, 58.883695
18043.861, 301.112518, 58.857143
31881.657, 301.054695, 58.807778
23858.785, 301.031914, 58.788717
16838.892, 301.117052, 58.866290
2257.926, 301.002481, 58.761814
3114.584, 300.978733, 58.741434
56886.665, 301.055855, 58.817502
27236.950, 301.177763, 58.926808
7178.794, 301.064256, 58.823676
2635.483, 300.990786, 58.758072
2217.830, 301.120537, 58.876138
49519.341, 300.973681, 58.749137
21901.000, 301.028461, 58.797981
4430.049, 301.272517, 59.014776
72761.545, 301.293978, 59.039183
42876.347, 300.957996, 58.737451
8058.795, 301.085777, 58.849593
19700.781, 301.100324, 58.864026
3963.484, 301.059742, 58.827635
8346.096, 300.935665, 58.718339
17415.136, 301.008636, 58.785704
15515.195, 301.062646, 58.836068
6162.722, 301.069727, 58.840716
20674.116, 300.976980, 58.758155
6170.202, 301.016392, 58.795370
41494.103, 301.181480, 58.947905
29233.623, 301.313737, 59.065822
7194.475, 301.283704, 59.038430
3127.277, 301.207513, 58.970196
21406.275, 301.011409, 58.798017
21812.238, 301.111517, 58.888577
39292.798, 301.134805, 58.911458
23954.930, 300.981353, 58.773199
4006.175, 301.032064, 58.817666
104024.028, 301.202310, 58.976323
49544.814, 300.929080, 58.730781
4860.541, 300.982582, 58.777894
56068.601, 301.167376, 58.949640
36191.456, 301.253230, 59.025440
6636.124, 301.049276, 58.841584
20003.722, 301.056980, 58.849299
29230.545, 301.136276, 58.921572
28409.947, 301.208912, 58.986994
5271.773, 300.977814, 58.777893
5773.815, 301.275560, 59.045918
38781.869, 301.146096, 58.934318
68942.097, 301.170996, 58.958902
10615.302, 301.276627, 59.049509
20714.956, 300.946082, 58.753671
14537.956, 300.982456, 58.786290
5389.045, 301.019481, 58.820279
5286.020, 301.120838, 58.912189
19286.118, 301.065616, 58.864970
38774.775, 301.011602, 58.820444
58491.316, 301.152629, 58.947698
8372.750, 300.916404, 58.731221
4846.305, 301.000369, 58.808094
98218.593, 300.902744, 58.725403
2665.296, 300.968615, 58.779740
10698.138, 301.108029, 58.910680
3489.902, 300.941148, 58.759041
2255.483, 300.993143, 58.806088
27237.606, 301.088163, 58.894819
7126.661, 301.246708, 59.036333
7864.887, 300.924698, 58.749577
22893.374, 300.944563, 58.769811
2288.318, 300.974331, 58.793919
8355.938, 301.077568, 58.889743
7155.814, 301.294226, 59.082903
4869.738, 301.265103, 59.057710
15389.849, 301.012612, 58.835364
2184.935, 300.944942, 58.773108
12876.325, 300.985044, 58.812003
58841.156, 301.109904, 58.926798
40919.320, 301.046629, 58.872965
3052.692, 301.029189, 58.853029
2681.726, 300.995593, 58.823589
117602.091, 301.068648, 58.896592
26385.226, 301.285206, 59.086793
5670.521, 300.922270, 58.759590
20145.920, 300.939736, 58.780300
72763.333, 300.903873, 58.752142
6120.700, 300.962923, 58.801123
68501.318, 300.942425, 58.788068
73695.852, 300.896038, 58.745759
53551.535, 301.104574, 58.934308
8416.083, 300.974682, 58.814445
5309.215, 300.980495, 58.820739
17841.458, 301.112632, 58.941216
71186.206, 301.167524, 58.994623
14928.706, 300.992257, 58.835559
18495.063, 301.047269, 58.887198
27888.639, 300.994612, 58.840329
48482.176, 300.881268, 58.741317
70950.162, 301.016246, 58.864913
5270.757, 300.904025, 58.759477
30891.178, 301.075848, 58.917211
6164.861, 300.920516, 58.776155
78396.006, 300.885937, 58.754600
161961.120, 301.137866, 58.982308
27241.343, 301.033366, 58.884727
30962.839, 301.240301, 59.072699
379046.751, 300.860592, 58.741405
2231.327, 300.961332, 58.820001
52942.552, 300.970417, 58.834679
11433.115, 300.890324, 58.761229
5747.426, 301.125856, 58.973846
9729.912, 300.913645, 58.783040
128560.586, 301.026452, 58.890537
19172.694, 301.189052, 59.032271
6612.751, 301.066811, 58.923382
5719.876, 301.038948, 58.899216
2644.239, 301.049136, 58.908495
39055.965, 300.955431, 58.828105
79568.695, 301.000375, 58.871457
7953.164, 300.882184, 58.760185
4028.486, 301.096201, 58.953674
2632.502, 300.997045, 58.863973
7904.777, 300.909396, 58.786381
15058.450, 300.949325, 58.823339
13650.916, 301.014511, 58.881787
3497.616, 300.897325, 58.775530
39043.655, 301.058388, 58.925236
25059.625, 301.140721, 58.998642
4032.657, 301.222583, 59.069713
4868.822, 300.867808, 58.750747
3115.752, 300.986190, 58.857935
2264.343, 300.889013, 58.772102
6699.694, 301.252387, 59.099644
3944.373, 300.935883, 58.816181
28165.956, 300.959668, 58.839849
4403.517, 301.099865, 58.964337
7049.654, 300.899998, 58.784373
6600.688, 300.894515, 58.782361
5769.744, 300.856512, 58.749522
21622.838, 300.951890, 58.837663
126643.940, 300.863328, 58.766135
28110.197, 300.925571, 58.819708
63193.259, 301.202223, 59.068650
4459.191, 301.002759, 58.886483
155587.517, 301.023269, 58.914220
25704.893, 301.065133, 58.947473
19579.092, 301.106887, 58.984044
5722.166, 300.850887, 58.754529
5251.708, 300.887851, 58.787882
5725.293, 300.926770, 58.823697
2643.680, 300.889874, 58.791678
32831.997, 301.111864, 58.995427
8308.033, 300.891107, 58.797678
11225.595, 301.238980, 59.109679
19634.767, 300.848569, 58.760466
48179.421, 301.046579, 58.943086
122032.132, 301.132119, 59.022167
3083.753, 300.910657, 58.817133
71128.855, 300.983843, 58.889152
58567.194, 301.119431, 59.012855
2171.991, 300.864952, 58.779587
93614.235, 300.910978, 58.832475
4894.745, 300.858946, 58.776122
3121.157, 300.961779, 58.869723
8467.507, 300.989510, 58.895730
13667.654, 300.846232, 58.767946
4011.393, 300.962257, 58.872320
3563.307, 301.034791, 58.937721
626553.065, 300.819935, 58.765409
7498.944, 300.828414, 58.754245
95977.734, 300.935744, 58.858791
10482.934, 300.884393, 58.808049
11849.231, 300.853451, 58.781220
23188.655, 301.142015, 59.043558
10174.533, 300.904965, 58.829416
36766.585, 301.101104, 59.008617
4015.648, 301.146522, 59.046950
50141.535, 301.193818, 59.092280
15880.612, 300.975594, 58.896562
4895.623, 301.026022, 58.940424
4474.264, 300.920725, 58.846164
20525.447, 301.075006, 58.986543
13119.848, 300.993027, 58.915486
9425.963, 301.174306, 59.076341
3103.098, 300.887456, 58.817409
96589.591, 300.837303, 58.779042
3485.215, 300.883828, 58.815532
2182.765, 300.986226, 58.908085
4833.917, 300.876674, 58.812842
5754.689, 301.040305, 58.964027
40701.013, 301.138576, 59.054567
3550.885, 300.860616, 58.803778
20414.765, 301.015183, 58.948527
13193.887, 300.877147, 58.823806
36528.650, 300.923307, 58.867633
33950.663, 300.968494, 58.908197
20102.927, 300.840514, 58.793945
24807.966, 300.884444, 58.832490
8367.006, 300.950622, 58.891384
3024.842, 300.906437, 58.851082
47312.648, 301.058679, 58.992732
2175.374, 300.928402, 58.872345
6184.589, 300.985552, 58.924619
9750.364, 301.041355, 58.975747
43738.258, 301.160358, 59.087466
2750.478, 300.968182, 58.912178
9668.212, 301.045410, 58.983768
58789.917, 300.817391, 58.781961
19707.072, 300.901264, 58.855920
7492.649, 300.857069, 58.816948
16720.024, 300.827626, 58.793194
4852.757, 300.844226, 58.806604
13104.534, 300.970714, 58.922705
3095.622, 301.084484, 59.024780
35307.385, 301.144837, 59.081748
7106.415, 300.875211, 58.837506
32689.984, 300.980351, 58.933854
33112.019, 300.803075, 58.774865
82872.978, 301.022679, 58.975921
28724.662, 301.130731, 59.070449
5312.846, 300.866975, 58.832171
28810.841, 301.090134, 59.035348
19354.375, 300.837055, 58.806947
18853.988, 300.940260, 58.900556
53190.367, 300.823698, 58.798068
20640.497, 301.003710, 58.959534
5264.168, 300.807166, 58.781064
2193.645, 300.909459, 58.873803
21323.179, 301.111167, 59.058177
33657.470, 301.076988, 59.029048
3529.309, 301.047747, 59.000943
28998.485, 300.974673, 58.939965
56981.604, 300.846990, 58.827596
3101.113, 300.871141, 58.846502
3973.741, 300.841111, 58.820826
15858.302, 300.960470, 58.930219
7241.398, 301.181555, 59.128669
13935.194, 300.795287, 58.780579
5777.072, 300.855691, 58.836344
59113.360, 300.926338, 58.905094
25920.414, 300.805534, 58.795095
14946.774, 300.911152, 58.887734
4464.761, 300.878945, 58.858466
4452.334, 300.888774, 58.867632
88759.012, 301.019717, 58.991967
23510.506, 301.002490, 58.975383
6157.447, 300.772764, 58.766113
88254.471, 300.960951, 58.941425
25194.512, 300.993381, 58.967599
4887.618, 300.858968, 58.846298
34466.365, 301.115589, 59.080144
3041.248, 300.828463, 58.818731
7494.434, 300.891785, 58.876753
72614.234, 300.774282, 58.776779
19778.812, 300.770200, 58.770223
20584.178, 300.816747, 58.815129
97664.002, 300.855176, 58.853442
8017.812, 300.978545, 58.958494
3113.367, 300.830781, 58.824194
25064.531, 301.093684, 59.064977
31610.485, 301.144053, 59.110623
5345.657, 301.153792, 59.116966
5762.332, 300.867530, 58.862987
45805.870, 301.112377, 59.087068
2202.957, 300.874272, 58.869410
26453.981, 300.888408, 58.885688
206307.452, 301.016756, 59.006704
9361.056, 300.917596, 58.911284
8846.105, 300.779468, 58.787607
8383.296, 300.842693, 58.843678
27183.478, 300.785271, 58.795950
5266.320, 300.922531, 58.919186
34362.879, 300.875348, 58.879220
5274.888, 300.779299, 58.790574
21909.473, 300.895472, 58.898913
7914.724, 300.840367, 58.847496
3875.940, 300.924502, 58.923313
3940.514, 300.765041, 58.780636
76954.074, 300.783436, 58.804218
7522.702, 300.900299, 58.904439
11869.447, 300.979078, 58.975865
47512.065, 301.021784, 59.016784
23052.826, 301.031177, 59.025600
6682.919, 301.088181, 59.075556
41633.280, 300.803982, 58.822348
52061.127, 301.131683, 59.119132
2255.572, 301.069926, 59.060571
6098.904, 301.095982, 59.083995
43796.821, 300.766432, 58.790113
35410.489, 300.960983, 58.965896
29562.498, 300.755771, 58.780055
6617.427, 300.792823, 58.812406
3534.219, 300.776828, 58.797744
11014.028, 300.865126, 58.878798
3569.678, 300.816479, 58.835176
78605.022, 300.743539, 58.775775
289958.545, 300.899690, 58.922626
40285.307, 301.092080, 59.089298
45497.211, 300.810280, 58.837510
8792.778, 300.774518, 58.801806
3563.545, 300.865199, 58.885162
5742.656, 300.886577, 58.906060
2209.331, 301.072501, 59.074087
11511.815, 301.077607, 59.081250
53034.769, 300.773049, 58.811396
3100.182, 300.887637, 58.909616
16610.604, 300.752688, 58.789330
2191.237, 300.785479, 58.817044
6164.804, 300.789021, 58.823474
42971.748, 300.958516, 58.979337
2610.264, 300.825308, 58.856224
7071.140, 300.833015, 58.863955
3537.321, 300.803040, 58.837876
15323.731, 300.862791, 58.897018
14113.735, 301.032673, 59.052926
56441.326, 300.831616, 58.874125
69020.725, 300.743749, 58.794133
19761.062, 300.749993, 58.798589
6198.985, 300.824102, 58.863917
52680.451, 300.954131, 58.985653
8015.991, 301.103909, 59.116810
7464.324, 300.784602, 58.830684
42324.629, 301.042343, 59.065564
27686.002, 300.842012, 58.885421
20410.369, 300.796666, 58.843762
11486.743, 300.836261, 58.881201
3598.364, 300.921294, 58.957602
3127.773, 300.876718, 58.919866
2133.061, 300.779601, 58.833409
70589.698, 301.017500, 59.053346
3110.116, 301.083617, 59.108805
39807.317, 301.053190, 59.085906
3094.113, 300.867456, 58.915683
2245.501, 300.931143, 58.973148
68213.743, 300.718706, 58.787487
3484.510, 300.920464, 58.966095
6264.711, 301.041871, 59.076512
3954.904, 300.733137, 58.796972
7052.996, 300.794616, 58.852718
17771.551, 300.887015, 58.938709
4832.988, 300.821697, 58.880211
9641.992, 300.767412, 58.833057
20709.691, 300.762112, 58.830038
2570.201, 300.773438, 58.838140
67627.538, 300.830753, 58.896175
3933.031, 300.782574, 58.848015
42593.383, 301.033302, 59.077973
27154.370, 300.771515, 58.843134
2250.900, 300.815725, 58.880302
16655.810, 300.840377, 58.903766
64755.269, 300.926257, 58.985206
26513.945, 301.047144, 59.093527
6182.421, 300.849486, 58.913055
35884.297, 300.948287, 59.004892
21941.960, 300.739297, 58.815495
5287.186, 300.784876, 58.856846
8803.331, 300.750900, 58.827147
69806.641, 300.845649, 58.918189
3147.535, 300.714309, 58.794665
11829.964, 300.788791, 58.864950
12225.154, 300.984291, 59.043110
7475.244, 300.828100, 58.901260
32462.143, 300.978897, 59.039876
7946.454, 300.760862, 58.841187
41566.036, 301.075230, 59.128958
8794.333, 300.741427, 58.825147
9301.017, 301.061015, 59.114463
41370.295, 300.869661, 58.945413
58486.259, 300.879437, 58.954400
3979.129, 300.969857, 59.033428
47199.145, 300.913988, 58.987592
35540.983, 300.959207, 59.030684
18015.515, 300.780910, 58.871057
4836.084, 300.857440, 58.939452
28157.708, 300.766621, 58.859552
86452.216, 300.719321, 58.822060
3109.127, 300.775310, 58.866382
6582.489, 300.840326, 58.927494
2225.308, 301.022875, 59.090968
18748.883, 301.075436, 59.139876
3957.836, 300.714408, 58.812382
8107.595, 301.035711, 59.104430
5308.308, 300.753168, 58.850572
2663.458, 300.851528, 58.938641
38211.661, 300.867445, 58.957168
9250.139, 300.689349, 58.792506
13157.212, 300.730428, 58.830799
9801.592, 301.026146, 59.097997
312164.168, 300.955377, 59.045069
4369.427, 300.861780, 58.951466
92018.913, 300.993503, 59.075372
3992.809, 300.823694, 58.917057
9326.056, 300.938849, 59.023553
12739.074, 300.698842, 58.808148
3517.114, 300.772523, 58.873544
31580.565, 300.845291, 58.943210
75701.119, 300.872806, 58.970220
58882.100, 300.707717, 58.820016
5243.770, 300.762901, 58.866683
36844.709, 300.726389, 58.837179
3026.278, 300.741422, 58.847282
7109.987, 300.865457, 58.960934
4354.444, 300.724936, 58.833472
8811.181, 300.782434, 58.886398
4338.144, 300.682226, 58.796088
6660.940, 300.702503, 58.814234
2207.465, 300.718853, 58.828172
13662.060, 300.751077, 58.859424
50510.393, 300.935702, 59.031029
35517.894, 300.767608, 58.877130
20215.265, 300.884780, 58.983702
5679.121, 300.828265, 58.930943
21632.872, 300.863085, 58.964731
69166.031, 300.774870, 58.890327
11524.321, 301.031167, 59.115319
31414.697, 300.695209, 58.815717
5298.351, 300.836013, 58.939840
74223.306, 300.894749, 58.995540
2246.009, 300.788025, 58.898373
33159.357, 300.884137, 58.988677
16286.520, 300.687848, 58.809204
3995.575, 300.815100, 58.924683
170735.847, 300.749921, 58.871809
4821.673, 300.800141, 58.911670
2257.226, 300.782147, 58.895690
4433.795, 300.710366, 58.832421
103941.031, 300.668694, 58.805387
19890.501, 300.907437, 59.015203
7930.254, 300.711697, 58.839160
23333.369, 300.787591, 58.911547
21380.993, 300.973298, 59.077169
5255.968, 300.724253, 58.851078
24770.002, 300.828570, 58.948542
22265.982, 300.864034, 58.981415
2650.634, 300.939663, 59.047303
2169.086, 300.730479, 58.858042
8340.835, 300.795689, 58.918908
28560.047, 300.763719, 58.896428
14051.253, 300.802993, 58.927533
2656.727, 300.755350, 58.883039
2606.687, 300.808991, 58.932992
43368.589, 300.881089, 59.002135
3564.560, 300.720689, 58.853776
31660.044, 300.964671, 59.077976
3090.796, 300.730251, 58.862983
135056.609, 300.751059, 58.890726
39146.583, 300.702194, 58.840648
3076.262, 300.671663, 58.811592
14889.863, 300.686377, 58.828241
8761.201, 300.772088, 58.906263
25753.138, 301.019170, 59.130057
16268.591, 300.693122, 58.836625
54691.081, 300.937000, 59.058080
4446.922, 300.790273, 58.922139
197607.638, 300.814618, 58.954467
12690.369, 300.650303, 58.800285
2218.045, 300.717856, 58.859839
75615.148, 300.828129, 58.964987
8478.685, 300.991812, 59.109262
87285.698, 301.034659, 59.151773
3894.234, 300.708776, 58.852431
10528.643, 300.780757, 58.919833
31864.971, 300.885421, 59.017535
39625.638, 300.924866, 59.054697
95012.806, 300.672979, 58.830696
5391.373, 300.970509, 59.094775
5263.833, 300.710993, 58.860260
2241.458, 300.714907, 58.863068
3579.415, 300.727056, 58.874666
10115.531, 300.737958, 58.886475
10744.895, 301.007486, 59.130808
25220.603, 300.696164, 58.852077
78186.178, 300.837971, 58.983521
9653.588, 300.650101, 58.809749
47491.175, 300.922908, 59.060886
16224.905, 300.690174, 58.847811
9199.482, 300.702919, 58.859921
18084.764, 300.723187, 58.880359
23082.531, 300.756039, 58.909930
50483.047, 300.736993, 58.896025
7007.630, 300.679618, 58.841001
3522.172, 300.774323, 58.927527
198388.857, 300.850444, 59.004545
2280.671, 300.867773, 59.012786
3035.416, 300.743458, 58.901665
118547.005, 300.636525, 58.813129
36897.680, 300.684930, 58.851289
89058.463, 300.726359, 58.891749
2243.636, 300.689798, 58.856661
25233.390, 300.837047, 58.992828
2171.394, 300.669128, 58.838241
11591.912, 300.776435, 58.939032
4748.962, 300.752153, 58.918453
15801.019, 300.789524, 58.953276
7593.834, 300.640584, 58.817005
5710.585, 300.647906, 58.825842
29495.730, 300.669153, 58.846821
10150.990, 300.799333, 58.963869
24381.692, 300.649568, 58.830048
17827.337, 300.814827, 58.980418
7103.420, 301.021377, 59.164993
12314.385, 300.642153, 58.824161
3065.954, 300.941629, 59.094368
3590.155, 300.688469, 58.866847
7516.055, 300.919001, 59.076041
7926.843, 300.807806, 58.976794
4423.488, 300.937685, 59.093355
3077.327, 300.675546, 58.857137
2600.059, 300.731670, 58.907971
12377.047, 300.629714, 58.818095
39494.712, 300.779871, 58.957075
14093.142, 300.655158, 58.841849
2180.824, 300.853511, 59.021923
8073.579, 300.916979, 59.081233
35739.644, 300.618943, 58.813563
4408.849, 300.685618, 58.873354
22815.093, 300.726524, 58.912420
6744.248, 300.823441, 58.999507
57271.927, 301.003356, 59.164890
3916.197, 300.642058, 58.834359
34974.502, 300.826473, 59.004742
7575.952, 300.863468, 59.037800
11633.193, 300.942326, 59.109566
3195.096, 300.647779, 58.841851
12772.682, 300.759137, 58.946162
26534.845, 300.682690, 58.878026
15977.784, 300.714262, 58.906130
4370.091, 300.730112, 58.918944
116448.097, 300.982154, 59.152424
19669.100, 300.673855, 58.870784
10732.197, 300.908315, 59.082735
17062.365, 300.706395, 58.901328
77854.142, 300.800808, 58.993776
21716.972, 301.000586, 59.169307
62766.778, 300.888772, 59.070649
51206.971, 300.794488, 58.987282
46407.397, 300.991401, 59.165695
64267.950, 300.829475, 59.020646
94797.224, 300.641292, 58.852799
3091.584, 300.738795, 58.937035
23458.880, 301.004930, 59.179792
8094.397, 300.877563, 59.064511
4429.430, 300.695936, 58.900012
51612.898, 300.730316, 58.934012
43745.205, 300.764480, 58.965851
58988.624, 300.667401, 58.881993
4005.711, 300.688328, 58.895471
504549.461, 300.988931, 59.176067
2663.364, 300.679455, 58.888584
15077.555, 300.772475, 58.974395
10968.784, 300.609700, 58.828642
20205.558, 300.647851, 58.863944
9225.725, 300.700050, 58.910593
3934.917, 300.674911, 58.888559
16761.461, 300.687187, 58.902961
23962.048, 300.649621, 58.870163
27128.791, 300.790623, 58.998918
14635.402, 300.600477, 58.825193
38488.545, 300.654471, 58.876596
3025.335, 300.735107, 58.947186
2663.602, 300.765036, 58.974310
7579.685, 300.814964, 59.019833
3971.697, 300.843634, 59.046285
51845.947, 300.880532, 59.084446
62219.455, 300.677803, 58.901886
41154.326, 300.964600, 59.159739
8268.402, 300.690412, 58.911024
14417.298, 300.600843, 58.829492
7516.928, 300.611024, 58.838650
36138.693, 300.739050, 58.958520
38438.913, 300.817505, 59.029695
11878.591, 300.693641, 58.916211
3075.713, 300.714331, 58.933441
37498.657, 300.824512, 59.036931
12668.849, 300.625858, 58.855080
7488.225, 300.633321, 58.861072
4392.294, 300.861781, 59.068987
11017.402, 300.694161, 58.920514
4390.685, 300.795145, 59.010626
163452.786, 300.653574, 58.891676
13775.158, 300.775835, 58.995236
7568.157, 300.921969, 59.126405
13681.816, 300.678700, 58.908107
7068.890, 300.584546, 58.821487
7326.070, 300.650249, 58.881646
5267.325, 300.756466, 58.978526
4868.908, 300.796283, 59.016400
64316.359, 300.891624, 59.108754
4776.574, 300.695717, 58.925550
9126.147, 300.704251, 58.934134
54436.262, 300.683191, 58.918380
6099.623, 300.710014, 58.939870
5213.179, 300.586496, 58.827163
6196.033, 300.591243, 58.831614
74831.204, 300.739100, 58.971298
28125.069, 300.663662, 58.901546
2252.849, 300.579809, 58.824505
158350.892, 300.905027, 59.126694
45641.644, 300.949082, 59.164370
13077.698, 300.573118, 58.822411
3554.945, 300.630860, 58.873809
4849.615, 300.745600, 58.978719
11419.442, 300.579902, 58.828995
12803.228, 300.598140, 58.846273
44136.369, 300.719339, 58.961961
15931.452, 300.850691, 59.076602
88989.653, 300.609326, 58.867062
401702.285, 300.628333, 58.886040
3493.775, 300.590707, 58.840690
35601.446, 300.704712, 58.949187
4866.410, 300.794531, 59.026992
7884.765, 300.694397, 58.938020
21519.142, 300.765907, 59.004639
6562.451, 300.657794, 58.904836
87052.324, 300.598680, 58.857464
2640.246, 300.653340, 58.905271
43186.343, 300.802347, 59.044859
9309.182, 300.583492, 58.842599
3953.817, 300.744230, 58.989063
11447.550, 300.638766, 58.896721
115258.233, 300.664698, 58.927035
2633.466, 300.612898, 58.872893
3989.399, 300.745245, 58.994393
68309.745, 300.848909, 59.092602
26864.964, 300.938256, 59.170389
2237.765, 300.945633, 59.175345
11501.094, 300.677793, 58.935166
2650.376, 300.816512, 59.061131
4888.407, 300.844062, 59.086585
5346.739, 300.616567, 58.880977
18957.718, 300.587096, 58.859251
18046.133, 300.890638, 59.135612
8809.403, 300.628678, 58.898981
12088.068, 300.800448, 59.054362
3072.284, 300.688377, 58.951872
8053.608, 300.740436, 58.999780
28513.655, 300.575026, 58.851265
21871.116, 300.954559, 59.195755
8417.216, 300.620503, 58.892971
23356.094, 300.842887, 59.097900
7033.795, 300.717514, 58.984748
3967.338, 300.918553, 59.166036
25314.212, 300.783605, 59.047473
5744.213, 300.555605, 58.838111
29215.942, 300.565588, 58.849573
26083.689, 300.617494, 58.897122
4843.827, 300.669186, 58.942020
17815.790, 300.810555, 59.071754
30810.550, 300.622146, 58.902252
2730.087, 300.704879, 58.975534
69286.513, 300.893169, 59.151407
3581.752, 300.679907, 58.954669
25059.318, 300.569993, 58.860851
51523.919, 300.878621, 59.140908
9738.378, 300.674002, 58.953859
31406.751, 300.741805, 59.018588
53055.983, 300.789844, 59.062965
6132.951, 300.853635, 59.116776
7929.751, 300.586052, 58.874515
4446.783, 300.601247, 58.888710
3090.332, 300.679224, 58.958973
19408.747, 300.543284, 58.837139
5340.061, 300.639877, 58.924457
5430.479, 300.871468, 59.134403
41732.037, 300.664915, 58.950388
2207.014, 300.624246, 58.911795
141396.474, 300.580275, 58.880597
9862.653, 300.675232, 58.964062
5232.602, 300.692085, 58.979209
9666.571, 300.556145, 58.857841
3975.830, 300.796386, 59.074045
15697.760, 300.813112, 59.090700
17370.730, 300.827299, 59.103971
48478.901, 300.656344, 58.954394
30577.683, 300.777625, 59.064128
36437.105, 300.845368, 59.125399
6634.907, 300.528638, 58.836316
11172.106, 300.692833, 58.987092
7148.176, 300.745524, 59.033417
10578.838, 300.633598, 58.932527
40448.246, 300.538776, 58.849243
3090.422, 300.699491, 58.992994
2669.881, 300.874402, 59.152112
6206.516, 300.625330, 58.926567
3505.564, 300.535363, 58.844354
18005.656, 300.570134, 58.879235
9630.937, 300.611214, 58.915272
3097.239, 300.909152, 59.184935
3103.360, 300.683857, 58.981782
2179.167, 300.748599, 59.040016
12300.041, 300.583154, 58.891528
20966.073, 300.815024, 59.103074
2228.710, 300.613715, 58.918580
4436.671, 300.675184, 58.975761
22493.105, 300.742746, 59.038324
18639.885, 300.897721, 59.178052
38732.806, 300.636162, 58.942520
326171.186, 300.702339, 59.009851
8003.131, 300.914280, 59.193254
3132.311, 300.609725, 58.918423
14965.135, 300.644191, 58.951798
5300.350, 300.558855, 58.872213
13293.707, 300.882700, 59.167893
8572.424, 300.771842, 59.068112
12319.106, 300.627511, 58.938112
33819.872, 300.712056, 59.017576
8852.848, 300.549919, 58.868592
5758.245, 300.567472, 58.884146
3502.121, 300.573764, 58.891171
5311.433, 300.717665, 59.022204
21101.731, 300.542331, 58.866855
6109.928, 300.559666, 58.879706
102359.065, 300.659589, 58.978256
53425.011, 300.558703, 58.885532
3136.044, 300.618762, 58.937073
49527.028, 300.740799, 59.054549
2164.091, 300.514124, 58.842575
10140.509, 300.577319, 58.901766
18228.907, 300.582538, 58.907032
29114.865, 300.611496, 58.935751
5393.394, 300.637069, 58.956693
29238.938, 300.827547, 59.131838
2266.165, 300.844162, 59.145678
40307.834, 300.718794, 59.038658
11831.830, 300.604779, 58.934000
54149.882, 300.623190, 58.953352
43250.927, 300.638216, 58.968122
9739.351, 300.725304, 59.042718
38819.432, 300.813588, 59.125128
20177.346, 300.514326, 58.851639
9650.882, 300.751357, 59.067355
33663.374, 300.765394, 59.081475
3537.820, 300.511908, 58.848025
4438.914, 300.591334, 58.921519
4401.923, 300.595568, 58.925582
28224.119, 300.576774, 58.912138
18397.509, 300.516469, 58.857063
11401.231, 300.537010, 58.876014
3971.940, 300.530357, 58.868611
4461.405, 300.846062, 59.157651
3508.797, 300.556605, 58.894718
66051.487, 300.864916, 59.179063
7497.992, 300.504649, 58.847794
4859.322, 300.622137, 58.957623
29018.368, 300.869778, 59.186825
14700.539, 300.810732, 59.134814
2220.829, 300.524453, 58.873632
3942.809, 300.600466, 58.943932
8852.734, 300.694593, 59.029490
51144.862, 300.708545, 59.047028
38898.586, 300.639291, 58.984648
4367.516, 300.561041, 58.911712
3510.034, 300.553428, 58.905359
6575.918, 300.539967, 58.894422
43489.542, 300.734052, 59.074522
14894.816, 300.620406, 58.970150
72515.700, 300.670474, 59.020880
44907.364, 300.862653, 59.191280
9266.623, 300.520076, 58.878760
33933.946, 300.655253, 59.003784
4946.275, 300.509453, 58.869905
7091.609, 300.533444, 58.893068
6613.630, 300.562918, 58.920911
9278.311, 300.483545, 58.849140
2692.386, 300.525158, 58.885543
70957.745, 300.879581, 59.212126
5313.635, 300.870672, 59.201420
7037.373, 300.547071, 58.908643
9808.386, 300.710293, 59.058468
5739.111, 300.561503, 58.923517
92170.364, 300.767826, 59.115374
50284.152, 300.528273, 58.897964
13731.805, 300.620767, 58.978894
34841.420, 300.688595, 59.042473
17149.142, 300.585238, 58.948275
6635.504, 300.714272, 59.064341
14534.329, 300.549028, 58.916760
2127.568, 300.543133, 58.911141
2624.620, 300.635610, 58.995758
10095.945, 300.652996, 59.012840
14603.449, 300.610423, 58.975298
32821.276, 300.835328, 59.180261
15381.798, 300.572347, 58.942136
7044.773, 300.615328, 58.981689
4831.549, 300.582730, 58.952053
14578.091, 300.711809, 59.071462
58425.230, 300.777306, 59.133613
9258.480, 300.560203, 58.933980
2601.807, 300.598829, 58.967923
50703.372, 300.734434, 59.094879
2245.093, 300.837395, 59.184174
4334.382, 300.629689, 58.997389
87753.374, 300.479920, 58.867368
2679.006, 300.744917, 59.102191
9737.886, 300.841393, 59.190329
26224.810, 300.818314, 59.171929
16716.728, 300.499512, 58.882819
3536.365, 300.634410, 59.005089
49024.524, 300.749885, 59.113065
8771.264, 300.530259, 58.911063
6211.796, 300.593151, 58.969676
2226.262, 300.648766, 59.019261
24834.230, 300.464689, 58.855263
44924.170, 300.606219, 58.985663
7884.681, 300.543779, 58.928045
84839.224, 300.631435, 59.013048
34068.589, 300.563595, 58.949382
13632.435, 300.621736, 59.000531
19156.023, 300.816188, 59.178366
3552.420, 300.859835, 59.215764
16510.442, 300.836354, 59.198729
6553.882, 300.470860, 58.865379
3116.306, 300.636934, 59.017115
36652.318, 300.489626, 58.885170
45509.147, 300.538770, 58.933000
6203.130, 300.581172, 58.968290
22498.403, 300.496935, 58.893209
4005.809, 300.722036, 59.097348
2216.260, 300.460753, 58.859127
2180.051, 300.522502, 58.915600
4838.781, 300.456574, 58.856803
19589.315, 300.711576, 59.090864
65851.614, 300.721796, 59.106802
44266.261, 300.616959, 59.008357
21072.333, 300.456182, 58.861212
3577.858, 300.575814, 58.968458
3080.834, 300.680331, 59.063390
26647.709, 300.812396, 59.185581
74183.490, 300.643399, 59.035053
7915.259, 300.769681, 59.148263
2182.538, 300.657498, 59.047861
3095.038, 300.803505, 59.180883
134326.329, 300.459126, 58.875217
4865.065, 300.472573, 58.880126
60207.368, 300.520740, 58.928472
397360.914, 300.580020, 58.990057
30518.202, 300.763894, 59.153221
9250.447, 300.492295, 58.905390
5238.316, 300.567348, 58.972927
48522.691, 300.642652, 59.045153
32344.939, 300.695070, 59.092048
28667.357, 300.649744, 59.052318
20844.184, 300.783779, 59.172526
2288.365, 300.812062, 59.195836
5747.569, 300.561676, 58.970358
25495.328, 300.799696, 59.188912
27004.144, 300.477406, 58.896933
17511.552, 300.521761, 58.940275
5216.381, 300.504580, 58.921793
2619.458, 300.542072, 58.955774
4044.559, 300.599955, 59.009309
3875.697, 300.624950, 59.031553
3502.981, 300.442799, 58.865332
3930.149, 300.500952, 58.918967
22844.397, 300.818096, 59.210027
46806.128, 300.513666, 58.936689
28989.947, 300.543024, 58.961166
2678.947, 300.609343, 59.018729
25138.523, 300.444996, 58.874218
5636.123, 300.455438, 58.881648
35423.781, 300.697742, 59.107995
6281.975, 300.487306, 58.912507
4797.705, 300.726046, 59.130768
58421.199, 300.736827, 59.144225
3554.029, 300.471656, 58.899161
7423.460, 300.505314, 58.930187
56933.517, 300.578122, 59.001092
67901.875, 300.681374, 59.097280
6587.338, 300.556607, 58.978699
19306.649, 300.486704, 58.916910
7664.456, 300.480797, 58.910616
7006.982, 300.475252, 58.905921
3102.305, 300.655770, 59.071467
10108.202, 300.493635, 58.925446
119054.871, 300.597310, 59.031113
5770.872, 300.616565, 59.040526
6582.132, 300.433274, 58.873226
9204.643, 300.529593, 58.962377
6134.656, 300.517672, 58.951939
22298.036, 300.443437, 58.888741
2610.644, 300.641029, 59.064686
3944.053, 300.508114, 58.944222
5298.171, 300.738791, 59.154702
93396.123, 300.564089, 59.003091
33808.641, 300.627775, 59.058234
15445.647, 300.425074, 58.872474
10130.631, 300.589855, 59.023188
20061.617, 300.727154, 59.149273
3063.700, 300.500574, 58.941462
4462.370, 300.496507, 58.938825
8484.435, 300.708676, 59.134121
13139.206, 300.814441, 59.229383
7511.919, 300.546664, 58.987232
34523.783, 300.614470, 59.052227
55724.592, 300.433546, 58.888092
3541.777, 300.450225, 58.900657
4846.302, 300.535064, 58.977726
3517.166, 300.446929, 58.898162
65923.678, 300.524245, 58.975591
36393.887, 300.652482, 59.091862
2208.416, 300.495980, 58.946753
7079.849, 300.698692, 59.133283
34937.400, 300.710568, 59.147221
32112.621, 300.478435, 58.935047
11844.935, 300.449408, 58.908237
4855.281, 300.473139, 58.929585
3520.135, 300.602655, 59.048788
19399.878, 300.732151, 59.169255
20808.921, 300.491770, 58.950293
7123.067, 300.498116, 58.955477
4463.272, 300.776334, 59.207764
107484.133, 300.417719, 58.889181
30205.717, 300.452853, 58.918819
53707.186, 300.532656, 58.993546
28748.055, 300.673116, 59.119515
6572.231, 300.545255, 59.001261
7155.462, 300.615649, 59.065916
58322.845, 300.709971, 59.155454
9628.667, 300.597439, 59.050891
13591.148, 300.649074, 59.099130
3086.708, 300.446340, 58.911594
36837.418, 300.517438, 58.980544
17509.817, 300.570363, 59.027848
2183.941, 300.590118, 59.044293
8384.642, 300.458770, 58.926499
9280.316, 300.482968, 58.948526
4369.735, 300.564891, 59.022858
2702.202, 300.666814, 59.116888
4062.993, 300.411055, 58.884248
52866.745, 300.398518, 58.876628
7888.680, 300.607530, 59.065728
11047.524, 300.794506, 59.235134
30699.690, 300.458458, 58.931906
14939.363, 300.422947, 58.899199
2696.471, 300.518139, 58.985592
2628.062, 300.558565, 59.023025
4400.579, 300.490822, 58.961782
18785.159, 300.684061, 59.139359
10596.240, 300.483023, 58.956144
3995.614, 300.641228, 59.100711
15911.223, 300.662122, 59.120633
7009.606, 300.589266, 59.054036
63021.629, 300.641551, 59.105770
313705.753, 300.432903, 58.920574
4907.820, 300.695540, 59.151851
27777.209, 300.717270, 59.176405
3076.172, 300.462110, 58.939243
2225.567, 300.468021, 58.945695
3080.318, 300.713577, 59.170419
5743.252, 300.454206, 58.935014
3179.156, 300.650307, 59.114107
26413.830, 300.697337, 59.158982
4833.633, 300.421557, 58.905818
5270.750, 300.516058, 58.992080
2266.593, 300.397486, 58.883742
2681.081, 300.424153, 58.909505
51565.649, 300.473406, 58.959825
3498.567, 300.782960, 59.238056
19232.766, 300.622346, 59.094746
15014.391, 300.389726, 58.883064
5294.368, 300.401464, 58.893699
7460.039, 300.423427, 58.914744
3897.413, 300.571269, 59.050014
19281.127, 300.408616, 58.903739
36160.866, 300.740802, 59.208403
5690.474, 300.563253, 59.044873
31194.856, 300.399136, 58.900393
2174.329, 300.686396, 59.158291
2710.799, 300.696771, 59.168704
2630.989, 300.703946, 59.175222
27499.753, 300.491489, 58.986700
126559.105, 300.628761, 59.119270
77454.393, 300.675647, 59.157448
2175.353, 300.379003, 58.880810
3555.362, 300.563385, 59.050729
2192.271, 300.475551, 58.970591
17187.922, 300.698252, 59.176698
2655.136, 300.414001, 58.914899
2690.780, 300.382885, 58.887602
68754.716, 300.525377, 59.022189
5380.413, 300.747749, 59.221350
104182.643, 300.385058, 58.897475
3505.687, 300.428513, 58.930287
12557.062, 300.732355, 59.208264
9716.193, 300.457941, 58.959272
25609.986, 300.537244, 59.033761
6179.674, 300.398295, 58.905271
11490.009, 300.479695, 58.980632
124421.973, 300.509847, 59.012027
122182.520, 300.397100, 58.911970
32008.979, 300.484834, 58.989808
9650.951, 300.369180, 58.882199
2686.003, 300.697679, 59.181336
14167.217, 300.724204, 59.206616
2223.336, 300.374324, 58.886523
4869.898, 300.465324, 58.970450
67502.483, 300.541380, 59.045179
18817.496, 300.755174, 59.236048
14086.155, 300.603973, 59.099862
8341.290, 300.665200, 59.154797
49717.172, 300.415774, 58.937509
3103.818, 300.494545, 59.001039
13743.999, 300.553701, 59.056729
12461.163, 300.693604, 59.187288
8720.652, 300.430641, 58.947749
12428.123, 300.571971, 59.076912
29465.074, 300.360518, 58.886213
13809.839, 300.661378, 59.159877
31362.148, 300.749698, 59.241640
3951.054, 300.399187, 58.922558
29934.543, 300.669277, 59.171508
3662.105, 300.373826, 58.899109
2642.522, 300.470758, 58.988798
5267.125, 300.567708, 59.078817
3578.396, 300.579308, 59.088880
16455.638, 300.713153, 59.212688
2673.187, 300.400781, 58.926252
3581.169, 300.660218, 59.163333
3144.548, 300.602835, 59.112495
25130.842, 300.588089, 59.102125
2635.988, 300.363270, 58.893890
22951.551, 300.503690, 59.025668
43616.589, 300.580201, 59.096630
5330.269, 300.401940, 58.931011
23076.994, 300.413876, 58.944776
6152.493, 300.455778, 58.981959
22083.116, 300.403006, 58.936368
2237.295, 300.424286, 58.954232
82923.284, 300.357443, 58.898454
4011.333, 300.393969, 58.928247
10979.922, 300.561420, 59.082523
4394.338, 300.729265, 59.233472
5703.566, 300.370963, 58.907758
14995.504, 300.457064, 58.987699
12956.653, 300.679908, 59.190717
3586.664, 300.439161, 58.971236
3530.997, 300.408131, 58.943216
11545.053, 300.471797, 59.002663
13742.947, 300.635643, 59.152917
19405.970, 300.348019, 58.890223
7023.996, 300.412710, 58.948495
4005.949, 300.381968, 58.921245
29029.350, 300.420571, 58.958355
19305.161, 300.365612, 58.912002
6131.858, 300.386753, 58.928132
14667.691, 300.574543, 59.101512
6162.453, 300.643187, 59.162984
16933.373, 300.740758, 59.252059
24225.947, 300.501438, 59.036400
2280.051, 300.618234, 59.140365
15463.138, 300.359249, 58.906403
61457.575, 300.444207, 58.989072
34267.322, 300.437060, 58.979857
2657.466, 300.582859, 59.112130
2669.548, 300.389166, 58.935399
7096.041, 300.475615, 59.016420
17150.838, 300.528556, 59.066620
12836.037, 300.563196, 59.097240
3514.452, 300.384226, 58.933084
5293.522, 300.548743, 59.084609
46196.674, 300.612029, 59.145786
8850.570, 300.424546, 58.972638
18234.395, 300.566422, 59.102767
2650.778, 300.689672, 59.212531
6193.891, 300.513892, 59.054053
22389.500, 300.527795, 59.070224
15946.892, 300.676043, 59.204580
3119.289, 300.486960, 59.031077
6157.800, 300.398552, 58.951719
13675.888, 300.521417, 59.064715
25591.697, 300.541014, 59.083929
17370.046, 300.600456, 59.137029
16402.873, 300.665225, 59.196132
10564.437, 300.355483, 58.912577
10107.516, 300.367204, 58.923375
5686.248, 300.471297, 59.019863
54235.636, 300.430773, 58.985138
6164.733, 300.393359, 58.949000
11451.589, 300.403062, 58.958845
6599.999, 300.493094, 59.041680
10586.477, 300.372989, 58.933083
10975.279, 300.408409, 58.966745
22361.598, 300.473673, 59.028156
13226.971, 300.497590, 59.047792
11055.937, 300.581274, 59.125068
13827.437, 300.510780, 59.062254
78226.903, 300.660647, 59.202612
83071.040, 300.321350, 58.899577
10999.717, 300.463116, 59.020430
24051.453, 300.532149, 59.084074
9339.613, 300.553861, 59.102946
46460.728, 300.558383, 59.109159
17392.537, 300.613611, 59.157714
16630.768, 300.433470, 58.994728
5660.862, 300.528014, 59.079972
9631.729, 300.357004, 58.923488
84976.698, 300.364077, 58.937502
7035.098, 300.497752, 59.053208
135052.252, 300.534256, 59.095536
24140.020, 300.411691, 58.978593
4878.545, 300.438791, 59.000092
5780.343, 300.643587, 59.186805
2173.348, 300.418588, 58.981325
4827.800, 300.515242, 59.070632
3505.252, 300.577262, 59.127042
30778.142, 300.385254, 58.954209
3558.328, 300.323205, 58.895444
38513.332, 300.356577, 58.932472
3041.215, 300.449510, 59.015188
44278.458, 300.611033, 59.166165
27828.645, 300.710889, 59.256244
14147.987, 300.395905, 58.968695
19941.976, 300.451634, 59.020796
3575.223, 300.634711, 59.185859
13659.666, 300.475357, 59.044124
2685.540, 300.493715, 59.058687
94081.382, 300.436006, 59.013705
3138.609, 300.554867, 59.116116
132590.174, 300.322185, 58.908874
3085.727, 300.387540, 58.963032
3119.442, 300.400214, 58.974958
11017.238, 300.411031, 58.987350
3539.646, 300.452177, 59.024671
15429.974, 300.493724, 59.063521
11443.930, 300.368673, 58.948701
18611.933, 300.478222, 59.049956
2626.983, 300.633168, 59.189218
38017.545, 300.424246, 59.002644
3908.211, 300.523038, 59.090555
20561.032, 300.671316, 59.226862
12722.832, 300.369538, 58.953829
10516.057, 300.382521, 58.964654
12305.995, 300.461072, 59.035840
3034.016, 300.698837, 59.251905
19821.941, 300.333396, 58.920625
15235.689, 300.544896, 59.113879
2659.572, 300.377078, 58.960013
2223.947, 300.486695, 59.061004
3059.683, 300.341814, 58.928256
3132.632, 300.402865, 58.984811
104083.635, 300.530883, 59.107649
10357.499, 300.609613, 59.176028
49184.077, 300.691084, 59.254551
17050.041, 300.343236, 58.934408
8020.148, 300.356910, 58.946805
99662.440, 300.584191, 59.163307
9749.197, 300.451585, 59.033461
40143.199, 300.632862, 59.201537
22156.625, 300.665839, 59.230764
15997.491, 300.675662, 59.239680
11969.729, 300.468113, 59.050086
20382.376, 300.577035, 59.150368
10935.756, 300.366083, 58.958945
8422.331, 300.512460, 59.092304
33181.843, 300.433386, 59.023541
7096.010, 300.598527, 59.171867
55344.410, 300.678002, 59.249201
7088.493, 300.416468, 59.006818
29408.590, 300.309001, 58.909640
31745.912, 300.404714, 58.997864
32929.007, 300.446670, 59.036206
2233.232, 300.515876, 59.097400
10500.592, 300.315453, 58.914631
9709.904, 300.412224, 59.003568
12375.333, 300.498467, 59.083660
8827.306, 300.458003, 59.046491
3483.787, 300.464539, 59.052863
7139.429, 300.529436, 59.112990
21775.932, 300.552684, 59.135677
7094.952, 300.419013, 59.012105
5734.040, 300.452256, 59.043286
19289.898, 300.419952, 59.016999
4848.660, 300.533950, 59.119738
5678.297, 300.661142, 59.235820
3945.023, 300.387228, 58.985976
70790.371, 300.612082, 59.196770
13272.620, 300.645408, 59.223796
17692.708, 300.340386, 58.945091
25452.265, 300.506770, 59.098561
18919.007, 300.554994, 59.143514
3560.985, 300.316858, 58.922805
4833.117, 300.537685, 59.125773
55868.950, 300.341797, 58.954990
2709.287, 300.341813, 58.948343
7542.865, 300.392392, 58.995632
33971.661, 300.592271, 59.181112
31139.581, 300.298293, 58.913395
6186.685, 300.401564, 59.006112
23878.413, 300.436993, 59.040870
5802.647, 300.536551, 59.129996
21625.368, 300.673245, 59.255560
64806.926, 300.426417, 59.039058
9258.934, 300.643847, 59.229937
24158.870, 300.656028, 59.241668
23958.289, 300.573362, 59.167454
4861.734, 300.375757, 58.985953
5409.179, 300.395520, 59.004106
10180.936, 300.442092, 59.047995
7070.805, 300.446080, 59.051147
17812.058, 300.526783, 59.126100
10157.689, 300.580504, 59.174534
7430.577, 300.612096, 59.204307
5289.557, 300.368969, 58.980520
14495.422, 300.312691, 58.930439
3116.387, 300.407210, 59.016765
20683.353, 300.535351, 59.135458
10069.495, 300.315455, 58.935196
2202.679, 300.334382, 58.949667
86783.056, 300.479472, 59.090774
37253.766, 300.493696, 59.099658
42516.527, 300.418657, 59.032137
174244.279, 300.355346, 58.980954
6963.133, 300.637664, 59.230881
15733.605, 300.438568, 59.050440
69167.174, 300.648239, 59.245240
5292.303, 300.304281, 58.926658
45966.085, 300.317295, 58.941243
6166.205, 300.403354, 59.017978
37219.684, 300.444769, 59.058312
4835.799, 300.298126, 58.922080
2159.175, 300.516823, 59.122871
3448.279, 300.365396, 58.984700
3090.884, 300.591792, 59.191614
47818.732, 300.277953, 58.910671
5267.148, 300.397577, 59.015713
5258.509, 300.323649, 58.948414
84349.945, 300.334105, 58.961929
5693.539, 300.289980, 58.919965
6621.660, 300.366006, 58.991071
8465.546, 300.374013, 58.997877
223915.531, 300.478345, 59.100653
26758.994, 300.290555, 58.923473
35833.473, 300.296463, 58.931503
11375.231, 300.388067, 59.012940
25154.120, 300.281010, 58.917353
5717.839, 300.442555, 59.063023
55574.756, 300.321984, 58.956814
30944.685, 300.543312, 59.158112
32904.685, 300.648759, 59.254347
2219.499, 300.315949, 58.947649
8343.859, 300.380420, 59.008214
5697.159, 300.531325, 59.145116
39626.613, 300.605123, 59.217016
3070.622, 300.305619, 58.941114
6146.469, 300.336895, 58.969996
14401.619, 300.391280, 59.023090
55359.461, 300.570185, 59.190646
8454.602, 300.344788, 58.979572
26651.226, 300.267654, 58.913009
4421.286, 300.300819, 58.940303
2208.793, 300.305564, 58.944353
7446.938, 300.483659, 59.109455
4829.766, 300.418325, 59.050561
7522.624, 300.306185, 58.947578
126933.216, 300.325948, 58.971243
9697.596, 300.369550, 59.006437
3075.503, 300.400997, 59.034409
8827.828, 300.456562, 59.086861
22632.697, 300.337975, 58.979407
15298.914, 300.350776, 58.991030
4800.624, 300.411266, 59.045223
11030.804, 300.543805, 59.166698
14931.562, 300.317754, 58.961172
23071.757, 300.624385, 59.242642
3576.238, 300.290953, 58.936620
14159.412, 300.281748, 58.928927
5761.282, 300.287054, 58.933221
3518.223, 300.450127, 59.082805
20852.021, 300.590942, 59.212847
3052.504, 300.364870, 59.004932
10205.381, 300.424429, 59.061005
2676.989, 300.390892, 59.030651
6358.599, 300.596184, 59.218730
