# Source Fluxes and Coordinates
# Flux (e-/s), RA (deg), Dec (deg)
42792.508, 301.357906, 59.043918
43506.317, 300.968847, 58.696079
1055023.712, 301.100492, 58.834101
8446.368, 301.326529, 59.016553
4702.899, 301.203887, 58.907655
448598.161, 301.206744, 58.921153
10577.857, 301.275174, 58.971785
7577.083, 301.232692, 58.935356
2529.291, 301.010926, 58.735633
15540.147, 301.279255, 58.979043
7120.507, 300.977755, 58.708070
24573.555, 301.292882, 58.993406
21650.628, 301.264337, 58.968967
10419.253, 301.221721, 58.930979
66692.201, 301.242395, 58.953708
6229.998, 301.308510, 59.008548
7163.343, 301.005987, 58.739437
19997.939, 301.035463, 58.767556
7847.451, 301.093000, 58.818708
4189.236, 301.136579, 58.861977
92518.593, 300.991747, 58.736609
4165.683, 301.081787, 58.814724
28980.565, 300.958168, 58.706503
9197.592, 300.954721, 58.702559
2474.375, 300.981446, 58.726903
7050.770, 301.140269, 58.870886
51467.440, 300.944932, 58.700216
2475.033, 301.278317, 58.995329
32697.429, 301.038512, 58.784863
30480.722, 301.235092, 58.961104
18127.089, 301.005480, 58.756267
4984.854, 301.009237, 58.760117
2059.622, 301.026518, 58.776419
2110.351, 301.141970, 58.880655
18344.874, 301.115491, 58.859760
5847.234, 301.165504, 58.903369
24019.977, 301.055344, 58.807797
10041.768, 301.109222, 58.855480
11379.565, 301.141936, 58.884119
15466.639, 301.032402, 58.788378
13354.841, 301.117565, 58.865730
4210.408, 300.981574, 58.741244
10805.979, 301.073870, 58.828247
3351.526, 301.131433, 58.878609
2929.831, 301.145227, 58.890351
2981.718, 301.305085, 59.035319
61200.602, 301.055560, 58.817677
5447.771, 301.077339, 58.835105
29192.503, 301.178023, 58.926918
9128.837, 301.294533, 59.030118
2525.026, 301.000387, 58.765678
26255.308, 301.087562, 58.849203
3787.345, 300.930430, 58.703442
19511.606, 300.991773, 58.761674
45265.304, 300.974163, 58.748789
10454.236, 300.998446, 58.770029
9987.504, 301.271332, 59.014196
29383.816, 301.099625, 58.863864
66088.090, 301.294081, 59.039169
79094.143, 301.304956, 59.049258
37212.381, 300.958135, 58.737351
5789.692, 300.932104, 58.712233
5785.129, 301.025673, 58.798380
5774.557, 301.070650, 58.838568
17564.708, 301.008552, 58.785716
25629.787, 301.061076, 58.837470
9154.886, 300.973856, 58.757305
38207.401, 301.181377, 58.947888
8484.514, 301.283873, 59.038611
6917.685, 301.319086, 59.070178
7932.476, 300.935437, 58.726307
39301.297, 301.011470, 58.798121
2122.442, 301.096522, 58.871332
5437.953, 301.206033, 58.970453
30610.409, 300.982207, 58.773031
30904.828, 301.111558, 58.888184
5813.594, 301.063180, 58.845034
34401.102, 301.134572, 58.911605
4187.586, 301.016558, 58.804280
96590.748, 301.202573, 58.976449
52628.545, 300.928933, 58.730785
60935.466, 301.136776, 58.919412
52853.285, 301.167492, 58.949618
40214.918, 301.210030, 58.986886
36366.695, 301.253482, 59.025480
17170.487, 301.056921, 58.849738
11367.422, 301.269804, 59.038773
4987.235, 300.978035, 58.777514
7505.331, 300.983213, 58.786317
13250.097, 300.944717, 58.752604
3763.966, 300.950359, 58.756475
20908.854, 301.119533, 58.912040
63900.083, 301.170561, 58.958885
2933.069, 301.019582, 58.820247
57623.058, 301.011146, 58.819686
21021.724, 301.065039, 58.864817
23795.297, 300.891054, 58.710907
160188.305, 300.902574, 58.724790
6990.223, 301.026578, 58.830009
55360.869, 301.152733, 58.947929
31799.936, 301.107949, 58.910570
16705.158, 300.940972, 58.759444
2078.687, 301.224570, 59.014082
7525.443, 300.945828, 58.765126
23137.037, 301.088226, 58.894913
4951.720, 300.920152, 58.741537
10480.986, 301.246270, 59.036570
6275.804, 300.908073, 58.732814
7472.700, 300.945230, 58.769246
5417.437, 301.000666, 58.819323
15217.004, 301.217531, 59.016100
2940.686, 300.884516, 58.717589
2878.037, 301.062900, 58.879148
8733.506, 301.012612, 58.835535
51555.233, 301.110290, 58.926631
4142.942, 300.944741, 58.774422
15338.131, 300.985130, 58.812071
89652.327, 300.881324, 58.724888
2104.060, 301.093544, 58.910560
8679.366, 300.920771, 58.757777
30617.824, 300.895222, 58.736816
29781.276, 301.045657, 58.872598
106970.146, 301.068552, 58.896639
5425.661, 300.926262, 58.765047
2107.657, 300.957342, 58.792321
2528.635, 300.935523, 58.774026
87909.251, 300.895292, 58.745907
46305.338, 300.905349, 58.752136
9141.146, 300.939408, 58.780370
59705.502, 300.943029, 58.787943
4621.692, 300.984973, 58.822046
12602.906, 300.974766, 58.814270
55181.717, 301.104638, 58.934168
2056.417, 300.950935, 58.792008
26195.977, 301.112361, 58.941073
12009.071, 300.991064, 58.834591
2465.467, 300.912512, 58.760259
67181.707, 301.167469, 58.994575
5502.599, 301.107230, 58.938599
44019.183, 300.993176, 58.840590
75218.207, 301.016460, 58.864762
16965.059, 301.046803, 58.887811
47116.983, 300.881120, 58.741202
5867.747, 300.942590, 58.793791
32290.206, 301.075666, 58.917113
4141.526, 301.171499, 59.001890
24849.935, 300.918735, 58.779833
9275.510, 301.106635, 58.947783
2105.894, 300.935601, 58.793200
148376.725, 301.137647, 58.982329
81469.630, 300.885561, 58.755178
6282.774, 300.980068, 58.836288
5856.054, 301.034978, 58.886345
7465.164, 300.857668, 58.726714
28396.707, 301.240336, 59.072923
3321.901, 301.041128, 58.893391
53049.567, 300.970191, 58.834957
2140.113, 301.079461, 58.929306
363067.721, 300.859100, 58.741395
12975.192, 301.067419, 58.922656
132117.248, 301.026582, 58.890738
17287.639, 301.188785, 59.032263
8266.534, 300.917405, 58.788003
34638.451, 300.955770, 58.827928
9233.235, 301.049282, 58.908752
24217.173, 300.950532, 58.823280
12586.347, 300.898595, 58.775635
63278.132, 300.999769, 58.871798
13687.274, 300.880558, 58.760176
2066.942, 300.851894, 58.732875
11611.988, 301.014729, 58.882518
3737.319, 300.886963, 58.765980
25862.930, 301.141613, 58.998476
5015.283, 301.222089, 59.069226
2085.699, 300.893608, 58.773363
12055.629, 301.098504, 58.960697
4155.610, 300.929193, 58.808784
47579.682, 300.960380, 58.842504
4254.223, 300.928796, 58.811101
22251.591, 300.952902, 58.837090
5813.145, 301.023299, 58.896788
2437.018, 300.899389, 58.785672
2844.807, 301.008710, 58.884654
4672.053, 300.969765, 58.850830
5874.580, 300.914547, 58.803205
10057.741, 301.213400, 59.073094
5800.674, 300.847794, 58.743414
18213.898, 300.851815, 58.749213
7101.704, 300.882716, 58.776937
2906.029, 300.839156, 58.736731
57651.260, 301.202425, 59.068500
3759.129, 300.832732, 58.732834
110902.074, 300.863328, 58.766478
4592.632, 301.002838, 58.887641
145588.709, 301.023307, 58.914144
40885.980, 301.065836, 58.947774
2913.103, 300.884761, 58.781622
18569.599, 301.106644, 58.984606
5815.517, 300.929152, 58.824015
2468.573, 300.888873, 58.788298
13405.441, 300.923579, 58.820708
5840.299, 300.934228, 58.829735
2922.549, 300.850356, 58.754266
36310.464, 300.839916, 58.750136
35809.225, 301.111692, 58.995093
29924.387, 300.907051, 58.811377
11230.742, 300.831614, 58.743336
9136.501, 300.817888, 58.732556
42894.424, 301.046785, 58.942989
124855.469, 301.131846, 59.022282
2523.147, 300.821094, 58.737209
4225.302, 300.841544, 58.755875
35378.921, 300.962610, 58.870486
68759.970, 300.983376, 58.889129
48268.588, 300.819097, 58.740904
2515.290, 300.873266, 58.785009
56181.952, 301.120084, 59.012986
66610.925, 300.916483, 58.830659
2119.931, 300.977490, 58.884233
18558.091, 300.988681, 58.895659
7201.510, 300.844084, 58.765606
2087.520, 300.924812, 58.837073
2084.815, 301.069763, 58.969360
601821.184, 300.820435, 58.765435
2534.713, 300.900098, 58.817206
10788.974, 300.889119, 58.809775
7906.558, 300.964054, 58.877615
10318.342, 300.823246, 58.751277
105114.458, 300.935962, 58.858961
3328.280, 300.848090, 58.773437
6743.725, 301.015824, 58.926200
2104.562, 300.865089, 58.789236
2069.127, 300.915350, 58.834876
40023.515, 301.143034, 59.043859
15488.077, 300.906881, 58.829780
2488.176, 300.916699, 58.838143
2469.188, 300.815368, 58.746711
31178.749, 301.101099, 59.008523
58280.329, 301.193607, 59.092181
5029.513, 300.805453, 58.740263
8367.757, 301.026089, 58.940338
5841.246, 300.893881, 58.822155
16801.724, 300.975749, 58.896683
22658.706, 301.074632, 58.986747
38748.620, 301.086050, 58.998556
20217.038, 301.174808, 59.076191
11208.206, 300.836156, 58.771202
28557.716, 300.902470, 58.835434
10929.447, 301.063398, 58.978189
56085.898, 300.802504, 58.745700
5046.413, 300.956870, 58.882621
6314.818, 301.067357, 58.982245
89213.530, 300.837272, 58.779329
7948.108, 300.888448, 58.821571
17799.063, 300.847808, 58.787870
6701.554, 300.810470, 58.755813
5828.045, 300.970385, 58.901163
6635.829, 300.942151, 58.875859
40268.854, 301.138797, 59.054627
2541.579, 300.840429, 58.784257
20743.383, 300.821959, 58.774243
9940.409, 300.845778, 58.793275
29989.556, 301.014660, 58.948170
46549.423, 300.923536, 58.867546
47969.684, 300.967719, 58.908223
4966.268, 300.986096, 58.921078
3384.363, 301.165015, 59.081567
5755.768, 300.827112, 58.778714
21404.015, 300.884620, 58.832907
17964.720, 300.985858, 58.925594
10517.062, 301.027895, 58.962488
22238.204, 301.040981, 58.975142
45691.112, 301.058535, 58.992590
42457.059, 301.160585, 59.087518
4623.462, 300.897010, 58.845896
2088.256, 300.927944, 58.873285
12022.511, 300.799156, 58.757803
19569.437, 300.837521, 58.795230
4649.628, 300.970696, 58.914032
4563.412, 300.998394, 58.939991
3363.971, 301.017303, 58.956063
6672.616, 300.890647, 58.842976
6315.675, 300.913801, 58.864572
133890.957, 300.813515, 58.781919
10903.390, 300.824795, 58.788789
5812.631, 300.917705, 58.871668
43407.545, 300.980324, 58.933658
2929.393, 300.787980, 58.755655
24970.862, 300.876149, 58.838399
13298.355, 300.969073, 58.923488
38264.850, 301.130619, 59.070440
33624.917, 301.144739, 59.081831
26252.187, 300.803388, 58.774821
3368.135, 300.846305, 58.811199
75463.996, 301.022883, 58.976032
31258.914, 301.090841, 59.035048
23327.232, 300.777588, 58.751771
13363.612, 300.838038, 58.807390
4629.974, 300.906615, 58.868040
21791.613, 300.940525, 58.900794
13327.189, 301.004251, 58.959275
44713.159, 300.823994, 58.798263
2492.979, 300.817654, 58.790419
5058.050, 301.066354, 59.015372
31251.904, 301.077193, 59.028960
15686.885, 301.110431, 59.058811
4133.937, 300.780162, 58.759872
5769.105, 300.911359, 58.879152
40358.026, 300.974187, 58.939750
61279.557, 300.847405, 58.827504
21529.174, 300.807747, 58.791798
2946.437, 300.867311, 58.843839
22851.598, 300.930084, 58.901708
14738.329, 300.961157, 58.930530
3320.179, 300.784167, 58.769441
20997.871, 300.774362, 58.763287
5785.950, 300.825914, 58.808168
27205.959, 301.106180, 59.063475
5012.848, 300.839760, 58.821803
4964.130, 300.813670, 58.799319
6613.397, 300.871731, 58.852622
81482.606, 301.020225, 58.991817
5806.363, 300.935083, 58.910885
5010.994, 300.948318, 58.923347
31888.632, 301.002472, 58.975278
22602.022, 300.926636, 58.906901
77945.906, 300.961714, 58.941600
4129.868, 300.890693, 58.875952
3388.452, 300.937245, 58.919146
79860.278, 300.774058, 58.776683
114824.743, 300.855604, 58.853094
61401.890, 300.778727, 58.786321
2059.873, 300.830239, 58.823916
2595.427, 300.978433, 58.958606
27939.485, 301.093631, 59.064825
2098.702, 300.909689, 58.896861
27996.371, 301.143908, 59.110663
38199.551, 300.866854, 58.862973
2519.286, 301.153381, 59.116708
5873.966, 301.032325, 59.010338
47981.821, 301.112535, 59.086943
126441.179, 300.741666, 58.760603
2564.650, 300.759456, 58.764532
2080.471, 300.819452, 58.819137
2129.489, 300.874712, 58.869369
190218.239, 301.017134, 59.007098
30101.333, 300.888983, 58.886721
38969.638, 300.784317, 58.795967
9099.666, 300.754875, 58.767079
9569.900, 300.812913, 58.820065
3701.204, 300.751574, 58.765155
9169.657, 300.880938, 58.883976
39534.001, 300.893206, 58.897837
2926.933, 300.934937, 58.931924
2131.004, 300.828786, 58.837729
44478.150, 301.022354, 59.016914
15867.459, 300.977697, 58.975054
40405.223, 300.805314, 58.822413
2480.128, 300.914588, 58.919007
21977.533, 301.031438, 59.025410
12387.007, 300.819172, 58.835133
13742.203, 300.793253, 58.811710
15435.452, 300.920278, 58.926891
50087.894, 301.131393, 59.118839
35347.905, 300.766604, 58.789744
25207.585, 300.865708, 58.880016
29142.856, 300.961177, 58.965830
102897.188, 300.746691, 58.776873
294907.573, 300.899890, 58.921966
13278.213, 300.779132, 58.805358
38576.076, 301.092758, 59.089200
7458.748, 300.741539, 58.770760
11571.730, 300.867060, 58.887644
6630.986, 300.885165, 58.901641
2460.198, 300.735092, 58.765010
40050.710, 300.810300, 58.837232
27332.888, 300.848702, 58.871769
3274.015, 300.894311, 58.912706
2497.878, 300.818562, 58.844894
9987.590, 300.884310, 58.905985
37833.453, 300.732182, 58.770576
29221.231, 300.751787, 58.788745
50125.850, 300.773396, 58.811048
6846.753, 301.077856, 59.080959
35961.573, 300.958576, 58.979248
131343.175, 300.714605, 58.766121
5367.570, 300.812060, 58.848518
9468.272, 300.867033, 58.898567
4592.461, 300.978101, 58.998040
3728.409, 300.901349, 58.929793
2527.845, 300.795004, 58.834121
7547.674, 300.817394, 58.856425
10372.215, 300.824427, 58.863588
65981.355, 300.832161, 58.874103
3393.330, 300.860143, 58.894540
23888.729, 301.033554, 59.052794
50700.693, 300.743362, 58.793372
11340.541, 300.825981, 58.866914
5989.950, 301.104308, 59.116408
49775.155, 300.954295, 58.985686
35581.114, 301.042509, 59.065611
19614.054, 300.842920, 58.885392
6293.632, 300.797713, 58.844891
22093.142, 300.836371, 58.880912
7864.270, 300.722370, 58.776795
8669.729, 300.715777, 58.772368
2477.947, 300.894598, 58.932777
2944.263, 300.759726, 58.813195
3403.003, 300.764638, 58.819459
3751.341, 300.778814, 58.833398
67151.934, 301.017856, 59.053292
2950.920, 300.841329, 58.891048
4233.684, 301.083543, 59.108901
44184.808, 301.052745, 59.085760
10017.288, 300.859686, 58.909559
41951.156, 301.025008, 59.061482
2870.133, 300.882094, 58.930522
5046.795, 300.712758, 58.777825
2851.052, 300.758215, 58.819032
2479.017, 300.777007, 58.835831
26852.449, 300.886802, 58.938851
11645.201, 301.042547, 59.076795
2933.544, 300.708840, 58.775514
4142.007, 300.716014, 58.784225
4565.360, 300.769359, 58.832998
2065.541, 300.927610, 58.976111
66593.183, 300.831441, 58.896180
36818.487, 300.716500, 58.790900
14537.008, 300.761326, 58.829766
7855.312, 300.840141, 58.903851
4159.418, 300.956722, 59.009239
18151.586, 301.052687, 59.097168
2522.408, 300.820720, 58.886811
48226.084, 300.926193, 58.985083
19040.200, 301.047746, 59.093382
3266.329, 300.913232, 58.970919
30732.829, 300.948338, 59.004979
3366.815, 300.740140, 58.814589
33668.490, 300.861366, 58.929221
7109.033, 300.823015, 58.893020
3758.820, 300.752963, 58.830053
69094.111, 300.845249, 58.917917
26922.037, 300.867922, 58.936654
12442.697, 300.756863, 58.835825
19976.545, 300.714944, 58.798934
7052.108, 300.729020, 58.810544
14947.079, 300.800337, 58.876387
5886.693, 300.984533, 59.044078
38996.056, 301.075465, 59.129151
13624.448, 300.829273, 58.906447
13882.824, 300.884597, 58.956801
8367.277, 300.971079, 59.033685
3358.438, 300.736164, 58.821606
48265.325, 300.914346, 58.987253
3726.881, 300.797607, 58.878757
7903.430, 300.809284, 58.890105
15204.368, 301.067055, 59.123522
10199.703, 301.018206, 59.080501
2050.563, 300.715234, 58.806476
36144.348, 300.958497, 59.030123
5044.649, 300.745761, 58.835048
5864.986, 300.689671, 58.785856
19513.609, 300.767610, 58.859572
14234.263, 300.775241, 58.866383
7569.432, 301.023499, 59.090347
4235.361, 300.693527, 58.791070
17230.094, 301.026748, 59.097399
12358.057, 301.035938, 59.104421
73621.390, 300.718866, 58.822635
3363.744, 300.887343, 58.970385
8695.777, 300.792880, 58.885806
48058.092, 300.867610, 58.958058
9590.240, 300.694013, 58.797506
14969.438, 300.752338, 58.852054
305856.100, 300.955561, 59.045059
3346.121, 300.673497, 58.779806
2472.776, 300.698726, 58.802997
5369.105, 300.767701, 58.866001
87654.457, 300.993624, 59.075398
2914.918, 300.842675, 58.934647
14643.849, 300.938832, 59.024430
7566.351, 300.810060, 58.907400
2092.595, 300.827214, 58.923392
14526.589, 300.735660, 58.842867
5853.557, 300.767333, 58.870222
2929.102, 300.680264, 58.791407
70953.558, 300.872250, 58.970093
6270.800, 300.688860, 58.800107
53905.988, 300.708018, 58.820904
58490.874, 300.723374, 58.836504
3367.275, 300.741414, 58.847776
16759.228, 300.940106, 59.031468
38735.180, 300.767121, 58.877053
4544.092, 300.831073, 58.931776
2960.772, 301.038055, 59.118411
14811.316, 300.930963, 59.023993
13905.970, 300.884429, 58.983789
32991.153, 300.891390, 58.992525
40159.073, 300.896664, 58.997094
5796.971, 301.031062, 59.115096
2566.159, 300.678161, 58.795573
12566.782, 300.862508, 58.965013
11685.273, 300.690167, 58.809683
14176.321, 300.699202, 58.817375
10886.384, 300.745583, 58.859941
175129.646, 300.750664, 58.872249
67392.667, 300.658976, 58.785100
2499.021, 300.672187, 58.793899
48821.326, 300.774242, 58.890309
4148.611, 300.800346, 58.911195
4185.289, 300.873182, 58.976774
21814.013, 300.883860, 58.988712
2077.184, 300.677878, 58.799763
45650.604, 300.675010, 58.804008
3744.007, 300.673453, 58.799183
2070.607, 301.054026, 59.144236
13760.060, 300.780421, 58.901205
28958.125, 300.661905, 58.794128
2062.868, 300.719214, 58.843441
14718.101, 300.907039, 59.015375
4625.498, 300.789441, 58.908355
18340.302, 300.973182, 59.076763
2470.629, 300.761272, 58.883230
3308.415, 300.713870, 58.841397
6682.242, 300.736935, 58.863184
13869.414, 300.829549, 58.948019
14969.874, 300.789700, 58.913696
3801.335, 300.938714, 59.046819
62688.205, 300.646020, 58.785967
24890.747, 300.862771, 58.980521
4182.384, 300.801046, 58.924284
5822.634, 300.803574, 58.927226
2089.683, 300.717465, 58.849104
52225.941, 300.880098, 59.001865
24183.907, 300.703448, 58.841083
2122.969, 300.872728, 58.991650
39670.853, 300.964444, 59.078300
136642.290, 300.750454, 58.890697
4190.248, 300.827964, 58.952832
39834.712, 300.662656, 58.807302
2028.228, 300.768646, 58.900809
57028.225, 300.937285, 59.058184
4151.531, 300.986847, 59.098615
19510.453, 301.019074, 59.130034
97030.235, 300.639747, 58.791950
12000.549, 300.686166, 58.830527
3266.465, 300.679756, 58.823534
9082.080, 300.667949, 58.814262
4207.513, 300.792561, 58.927257
162640.763, 300.813182, 58.954401
17712.848, 300.992277, 59.109014
27236.824, 300.688229, 58.835750
3827.094, 300.712100, 58.855418
78315.527, 300.827432, 58.964952
71806.030, 301.034247, 59.151666
30028.183, 300.885589, 59.017199
86191.991, 300.674113, 58.830654
41009.754, 300.924899, 59.054963
8770.642, 300.694994, 58.845244
4132.600, 300.723811, 58.871173
5065.762, 300.969887, 59.094600
8904.895, 301.008125, 59.131082
17846.566, 300.737348, 58.888186
2922.195, 300.801655, 58.944758
58761.548, 300.837699, 58.982807
50337.896, 300.923072, 59.060817
13660.637, 300.723261, 58.877697
2463.958, 300.719031, 58.872831
28407.576, 300.698411, 58.860169
49121.217, 300.737442, 58.896457
3764.338, 300.747954, 58.900909
2915.722, 300.784030, 58.933810
2122.907, 300.788247, 58.937314
15486.477, 300.626350, 58.792542
4636.921, 300.649308, 58.813317
7919.409, 300.678609, 58.841493
10466.350, 300.868305, 59.013434
3340.365, 300.682659, 58.844928
5849.547, 300.636236, 58.803792
47360.848, 300.684858, 58.850617
194599.288, 300.849891, 59.005240
17815.006, 300.628347, 58.798432
13262.508, 300.648376, 58.816396
94926.848, 300.724389, 58.891813
2541.765, 300.772487, 58.930765
19275.574, 300.838052, 58.992574
109016.671, 300.634766, 58.812561
29092.821, 300.803418, 58.964031
10990.862, 300.777281, 58.939112
4601.675, 300.841678, 58.997545
2091.275, 300.659847, 58.831889
19080.261, 300.701784, 58.876832
15171.777, 300.788999, 58.953362
6244.428, 300.620713, 58.800391
18679.476, 300.650804, 58.829576
66806.673, 300.608828, 58.795130
39497.311, 300.754895, 58.927028
5060.554, 300.670575, 58.847709
3794.444, 300.743131, 58.915806
11618.984, 300.729025, 58.904884
5856.865, 300.620910, 58.806470
41924.489, 300.729597, 58.911100
15404.860, 300.807205, 58.977626
2488.638, 300.640062, 58.824854
39418.251, 300.779958, 58.956881
11640.064, 300.633963, 58.822274
12223.206, 300.917784, 59.081079
3798.541, 300.767395, 58.944227
4626.910, 301.002419, 59.156005
4507.683, 300.644889, 58.833740
7052.298, 300.708355, 58.892674
11304.035, 300.884467, 59.052948
15140.805, 300.823930, 58.999401
5876.555, 300.742846, 58.925425
5359.003, 300.699028, 58.886624
34700.726, 300.826466, 59.005029
3315.086, 300.806205, 58.984839
4565.669, 300.611958, 58.808666
19403.887, 300.942110, 59.109521
2099.524, 300.609752, 58.806447
16191.475, 300.668730, 58.863867
8358.297, 300.862888, 59.037916
12591.051, 301.001643, 59.163436
20575.856, 300.714856, 58.905934
25663.714, 300.682447, 58.877918
5420.716, 300.736352, 58.925130
114107.147, 300.982068, 59.152507
17242.062, 300.908591, 59.082803
5463.574, 300.707926, 58.901295
2428.756, 300.780255, 58.966565
63757.150, 300.802737, 58.993474
12001.027, 300.593142, 58.799240
2477.422, 300.633024, 58.834168
4221.945, 300.671341, 58.869345
65911.445, 300.888587, 59.070619
55276.491, 300.794684, 58.987198
2525.895, 300.629502, 58.832494
60121.115, 300.829740, 59.020535
9201.121, 300.731581, 58.927810
35444.318, 300.990465, 59.165128
13794.116, 300.874136, 59.060320
35774.129, 300.641738, 58.850711
45405.712, 300.731738, 58.934481
2483.110, 300.690097, 58.894908
2095.317, 300.774021, 58.970829
12079.978, 300.680100, 58.886803
31578.057, 300.764340, 58.965771
14608.827, 300.772547, 58.974194
3297.737, 300.778264, 58.978324
17899.317, 300.640192, 58.855461
11226.169, 300.619297, 58.836926
39732.078, 300.665886, 58.881926
5112.325, 300.648653, 58.864177
23053.470, 300.601463, 58.825416
20068.960, 300.650227, 58.870562
10012.896, 300.735955, 58.948319
37995.483, 300.789329, 58.999126
3776.843, 300.847330, 59.048497
9909.722, 300.592414, 58.818217
23866.304, 300.654971, 58.876401
6177.217, 300.716331, 58.931750
5846.217, 300.767427, 58.978369
50593.049, 300.880909, 59.084247
22451.940, 300.633231, 58.858220
57011.128, 300.678099, 58.902089
34833.264, 300.964539, 59.160067
69594.908, 300.735801, 58.956731
36462.572, 300.817744, 59.029681
41219.148, 300.824094, 59.036858
5003.944, 300.634964, 58.862079
2202.073, 300.931718, 59.131042
9503.873, 300.667978, 58.894208
39584.771, 300.777546, 58.996418
14580.773, 300.582826, 58.818515
4226.128, 300.706402, 58.929911
22954.811, 300.756832, 58.978084
18239.342, 300.681108, 58.908971
2970.623, 300.921728, 59.126033
9908.561, 300.576722, 58.813662
6597.338, 300.608086, 58.843191
187867.137, 300.652495, 58.891816
3349.791, 300.601106, 58.836802
28545.498, 300.895406, 59.106718
5823.824, 300.631456, 58.865800
9219.083, 300.624537, 58.862582
40243.906, 300.683875, 58.918381
3707.944, 300.707313, 58.935727
9979.782, 300.718432, 58.948979
2109.844, 300.812186, 59.032331
52530.657, 300.738139, 58.971049
59319.537, 300.949179, 59.164531
40988.551, 300.572277, 58.821619
144828.174, 300.905066, 59.126531
10028.676, 300.661068, 58.901344
8364.025, 300.691577, 58.928560
41676.409, 300.616185, 58.866738
17768.032, 300.851149, 59.076746
10470.169, 300.888917, 59.110627
11185.714, 300.598136, 58.846669
6232.916, 300.612732, 58.861145
359838.912, 300.628154, 58.886168
9169.269, 300.794385, 59.026987
2522.836, 300.587043, 58.838527
4201.525, 300.622984, 58.871817
3349.500, 300.863906, 59.090038
7926.920, 300.582059, 58.835059
32366.830, 300.717954, 58.962784
2108.066, 300.652726, 58.899846
54329.132, 300.599339, 58.856794
32463.879, 300.622896, 58.878171
10147.978, 300.885032, 59.113276
7508.056, 300.765306, 59.006123
9677.783, 300.582466, 58.842651
36367.170, 300.801767, 59.044521
7111.642, 300.549032, 58.814001
28702.108, 300.939019, 59.170558
9920.602, 300.555872, 58.821487
12017.072, 300.603181, 58.866966
5473.209, 300.925887, 59.157334
3379.859, 300.599408, 58.861443
99383.465, 300.664041, 58.926448
5394.377, 300.737972, 58.988614
67345.571, 300.848846, 59.092594
11511.412, 300.564595, 58.832359
2472.191, 300.647410, 58.907296
5932.883, 300.844291, 59.086565
14528.215, 300.650477, 58.913115
2466.267, 300.638819, 58.901848
2982.323, 300.799007, 59.048596
3389.437, 300.582495, 58.852720
22914.245, 300.587388, 58.859545
30738.380, 300.540182, 58.820124
13444.736, 300.800711, 59.054513
8807.783, 300.890392, 59.135346
42525.656, 300.813110, 59.071244
4594.925, 300.617538, 58.888902
6606.137, 300.681822, 58.948358
22027.490, 300.602957, 58.879356
2551.223, 300.650180, 58.919697
9548.783, 300.761458, 59.021830
2136.730, 300.908737, 59.153837
14934.659, 300.605642, 58.883565
33438.524, 300.783571, 59.046553
48599.405, 300.870186, 59.124563
33638.424, 300.617424, 58.896317
17781.718, 300.841659, 59.097729
33280.019, 300.622318, 58.901955
28966.709, 300.717136, 58.986684
21966.113, 300.540280, 58.826002
3349.413, 300.548502, 58.831034
4583.355, 300.584207, 58.864183
2911.335, 300.588686, 58.867694
25121.859, 300.565045, 58.849244
3000.824, 300.700565, 58.971046
4557.698, 300.530072, 58.817388
70157.891, 300.893138, 59.151022
2039.763, 300.703499, 58.977370
15370.559, 300.684666, 58.963070
8721.763, 300.586913, 58.873793
34492.587, 300.741319, 59.018365
38488.603, 300.542155, 58.837069
4562.478, 300.655782, 58.937279
53710.209, 300.789249, 59.063298
17537.063, 300.871997, 59.134381
17066.399, 300.661232, 58.944225
7482.438, 300.597389, 58.885409
29695.686, 300.664366, 58.949830
6259.122, 300.526880, 58.823693
17657.431, 300.701349, 58.984234
35623.246, 300.836935, 59.108814
2184.153, 300.583393, 58.876826
93594.287, 300.579428, 58.881310
7087.835, 300.666450, 58.955273
2118.947, 300.672691, 58.960762
16328.062, 300.675205, 58.964541
14907.103, 300.729274, 59.013743
18243.978, 300.807677, 59.086117
15529.459, 300.827743, 59.103927
8288.179, 300.559088, 58.858813
16514.817, 300.812431, 59.090841
19349.050, 300.745925, 59.033145
2076.495, 300.873245, 59.145924
3347.751, 300.595254, 58.894745
24859.655, 300.691816, 58.986118
34689.006, 300.777382, 59.064160
5886.180, 300.520187, 58.827183
37586.767, 300.655744, 58.954548
7969.935, 300.549843, 58.855603
37549.348, 300.538828, 58.849354
5087.837, 300.619188, 58.920019
14217.175, 300.873991, 59.152805
12559.741, 300.613316, 58.918021
2901.966, 300.714827, 59.008712
9100.673, 300.644730, 58.946312
26494.331, 300.898753, 59.178466
311802.062, 300.702931, 59.009989
12387.016, 300.591763, 58.900677
20606.346, 300.741893, 59.038480
35078.130, 300.635232, 58.942205
4967.150, 300.625574, 58.931968
10302.480, 300.577106, 58.889269
10846.393, 300.582685, 58.895489
5789.886, 300.506849, 58.825073
6442.055, 300.883295, 59.167931
10508.149, 300.771251, 59.067788
2130.704, 300.549790, 58.865635
41011.508, 300.586659, 58.906187
25592.821, 300.649452, 58.960228
3304.124, 300.532917, 58.851972
5824.077, 300.550284, 58.868256
12058.027, 300.642374, 58.954433
20723.946, 300.711751, 59.017609
6216.499, 300.597467, 58.913224
2540.463, 300.543792, 58.863461
5463.893, 300.559327, 58.879114
7534.503, 300.716507, 59.021877
5051.262, 300.846158, 59.139598
3350.650, 300.659934, 58.970829
2521.232, 300.667086, 58.977871
2510.332, 300.500125, 58.826990
10821.946, 300.648466, 58.964245
4148.286, 300.654741, 58.968913
60583.569, 300.557208, 58.885113
45177.865, 300.614123, 58.936488
10471.671, 300.661732, 58.976842
7062.281, 300.629351, 58.947649
10435.811, 300.803882, 59.106956
7090.062, 300.506696, 58.836452
2044.155, 300.665184, 58.980627
19225.502, 300.539199, 58.868206
4205.263, 300.587067, 58.910969
3781.819, 300.750234, 59.059165
24056.809, 300.827828, 59.131810
38486.831, 300.740287, 59.054769
19555.842, 300.492798, 58.827885
14631.786, 300.659750, 58.981800
2524.691, 300.574108, 58.901392
2570.019, 300.832128, 59.136127
2494.057, 300.575209, 58.903687
49655.850, 300.718000, 59.038972
35943.136, 300.765930, 59.081590
5447.291, 300.725232, 59.042522
38492.362, 300.813277, 59.124980
45354.636, 300.622896, 58.953509
42640.573, 300.637437, 58.968192
20699.803, 300.861858, 59.170649
5367.830, 300.539078, 58.877124
2439.275, 300.574518, 58.908822
26167.771, 300.500736, 58.847864
9991.847, 300.660322, 58.988912
8313.815, 300.530099, 58.870600
6848.614, 300.846328, 59.157882
26586.678, 300.484835, 58.831721
24417.469, 300.524118, 58.868940
2537.632, 300.556108, 58.894777
15809.083, 300.583903, 58.920557
58496.850, 300.865089, 59.179098
7551.566, 300.884264, 59.193345
8317.702, 300.512847, 58.858418
22322.969, 300.489252, 58.841129
7029.787, 300.660993, 58.997728
20396.940, 300.811137, 59.134783
2527.750, 300.870273, 59.186547
11271.437, 300.633681, 58.976355
10762.152, 300.525453, 58.876671
44103.010, 300.639642, 58.984492
3809.563, 300.693732, 59.029804
48803.892, 300.708331, 59.047168
5796.216, 300.551992, 58.904347
5854.936, 300.604938, 58.951469
37253.945, 300.532714, 58.888542
16531.616, 300.537465, 58.892861
34880.925, 300.655606, 59.003292
37481.981, 300.734403, 59.074490
2069.428, 300.797147, 59.128408
4969.127, 300.478314, 58.838772
2946.179, 300.599697, 58.949757
3326.294, 300.577489, 58.929976
3806.662, 300.494434, 58.854948
2514.269, 300.595946, 58.948452
40288.033, 300.672785, 59.022419
10720.390, 300.524720, 58.886716
2069.329, 300.609452, 58.963912
5806.249, 300.869574, 59.200249
13225.151, 300.483072, 58.850427
91450.291, 300.767890, 59.115138
3314.077, 300.857619, 59.190406
11215.449, 300.472176, 58.841124
8049.113, 300.709605, 59.058768
13434.169, 300.715518, 59.064362
7056.226, 300.485704, 58.854256
7836.882, 300.539550, 58.904994
25498.790, 300.689410, 59.042712
2475.384, 300.694082, 59.045309
4600.756, 300.842382, 59.179648
3736.054, 300.493060, 58.862643
16662.831, 300.585183, 58.948162
18196.488, 300.663925, 59.020421
9129.713, 300.702818, 59.054104
42046.965, 300.527518, 58.898280
4135.904, 300.760423, 59.106424
7437.523, 300.541284, 58.909583
11632.398, 300.569596, 58.934496
16786.249, 300.654186, 59.013339
4561.814, 300.463004, 58.837350
21575.380, 300.612263, 58.975728
3263.065, 300.551936, 58.919999
3719.226, 300.625408, 58.987061
5416.694, 300.492579, 58.866475
30783.132, 300.834587, 59.179551
2493.069, 300.666664, 59.026455
2113.129, 300.466469, 58.843812
4622.529, 300.663162, 59.025059
9120.218, 300.784368, 59.135555
47178.590, 300.735055, 59.094780
9667.886, 300.712010, 59.071290
57508.212, 300.776096, 59.133711
11267.211, 300.460282, 58.841694
2115.925, 300.558296, 58.931356
43777.826, 300.466588, 58.855574
9557.935, 300.490697, 58.871748
17464.516, 300.501257, 58.882678
29426.553, 300.818251, 59.171686
8890.675, 300.841145, 59.190423
65112.859, 300.478993, 58.867370
6620.182, 300.587673, 58.963451
4635.474, 300.597626, 58.972312
39941.725, 300.749994, 59.112915
12038.051, 300.592600, 58.969510
4221.673, 300.820928, 59.176768
41472.987, 300.606414, 58.985688
82745.102, 300.632168, 59.013160
4562.826, 300.529669, 58.913879
15859.777, 300.542083, 58.927685
5410.225, 300.759742, 59.124292
6628.605, 300.451806, 58.842951
7491.635, 300.519747, 58.905749
6290.554, 300.524721, 58.910344
20336.839, 300.620159, 58.999767
51117.268, 300.562556, 58.949746
3387.791, 300.643776, 59.019331
27126.035, 300.690380, 59.064211
12951.930, 300.530497, 58.918974
18394.922, 300.816518, 59.178559
22751.769, 300.836634, 59.198509
5012.325, 300.481711, 58.874059
40215.375, 300.489531, 58.885021
5384.968, 300.484015, 58.879240
32903.846, 300.496960, 58.893355
8395.897, 300.570761, 58.959577
15787.886, 300.580326, 58.968819
4626.614, 300.673166, 59.051246
32453.011, 300.448382, 58.851101
33215.715, 300.456569, 58.860348
8305.178, 300.455853, 58.856258
12944.472, 300.539950, 58.934393
21558.300, 300.551909, 58.947427
20720.576, 300.711300, 59.090770
7884.103, 300.526637, 58.923876
41718.277, 300.616625, 59.007860
65373.853, 300.643631, 59.034752
67321.225, 300.721781, 59.106877
45785.132, 300.810578, 59.185596
30230.193, 300.567358, 58.965728
7115.102, 300.487580, 58.890744
3296.094, 300.474799, 58.879720
4080.452, 300.494258, 58.898458
12105.068, 300.744709, 59.128512
3410.848, 300.804522, 59.181598
68696.549, 300.520821, 58.928505
340694.932, 300.579915, 58.990633
187761.485, 300.453873, 58.874895
7092.406, 300.494595, 58.903043
2102.207, 300.606059, 59.003742
13397.634, 300.752187, 59.139105
8712.055, 300.503821, 58.912536
3346.824, 300.434159, 58.848562
4593.791, 300.499336, 58.909467
45352.177, 300.642388, 59.044577
32577.030, 300.764136, 59.153024
42794.474, 300.779092, 59.167471
38688.003, 300.694198, 59.091990
19974.307, 300.438064, 58.857913
2546.261, 300.449452, 58.866573
3781.953, 300.509008, 58.921745
25357.695, 300.649278, 59.052383
2471.663, 300.734457, 59.127267
8898.556, 300.783566, 59.172472
5006.830, 300.451060, 58.869605
19991.020, 300.799836, 59.189027
28399.789, 300.805160, 59.194241
27877.611, 300.477204, 58.896879
10031.780, 300.535702, 58.948641
10287.035, 300.460366, 58.882121
30932.510, 300.543871, 58.961243
4957.755, 300.617817, 59.024189
9132.064, 300.425890, 58.849957
3367.983, 300.556852, 58.969905
6726.331, 300.518765, 58.936042
16948.313, 300.818229, 59.209866
4585.654, 300.682174, 59.087433
26831.643, 300.725679, 59.130023
4182.351, 300.434895, 58.862940
69390.639, 300.681407, 59.097400
30898.670, 300.697283, 59.107608
55394.746, 300.736997, 59.144474
2487.744, 300.775311, 59.175138
3377.180, 300.496250, 58.922101
3762.654, 300.458094, 58.887310
53710.413, 300.577891, 59.001020
4132.660, 300.651493, 59.065483
3360.102, 300.743669, 59.148015
4271.961, 300.801939, 59.200685
4588.756, 300.490967, 58.919303
12131.983, 300.656374, 59.071117
4222.012, 300.508657, 58.937093
4157.774, 300.434439, 58.869982
5476.398, 300.775873, 59.181079
8698.878, 300.510716, 58.943015
5382.304, 300.453027, 58.892890
4612.426, 300.414956, 58.859598
17989.663, 300.418150, 58.863980
11209.772, 300.437166, 58.881257
2131.038, 300.488979, 58.927258
92951.498, 300.595985, 59.031289
4514.745, 300.424627, 58.868836
32423.300, 300.627760, 59.058165
13092.991, 300.432836, 58.878636
19435.688, 300.444121, 58.890828
7545.016, 300.590712, 59.023487
23687.094, 300.727007, 59.149074
83235.770, 300.562925, 59.002792
4993.480, 300.547522, 58.985823
8772.908, 300.408908, 58.859853
4164.887, 300.466835, 58.912285
5819.761, 300.608909, 59.042282
21353.153, 300.615950, 59.050741
2936.012, 300.584378, 59.020937
2990.423, 300.708942, 59.134404
13356.114, 300.435798, 58.887583
3757.410, 300.521176, 58.964986
13312.515, 300.455284, 58.905788
7085.568, 300.516849, 58.962120
5442.780, 300.412978, 58.867625
59456.085, 300.524723, 58.975721
2495.598, 300.429549, 58.884186
9537.361, 300.436558, 58.892404
33403.182, 300.652466, 59.090864
33796.340, 300.478394, 58.935050
4154.480, 300.493459, 58.945896
20309.120, 300.665071, 59.105025
15095.278, 300.712135, 59.146547
3772.284, 300.430291, 58.889075
16084.961, 300.550497, 59.000957
5747.230, 300.393818, 58.857154
19883.651, 300.412855, 58.875223
37151.971, 300.491770, 58.950052
3731.155, 300.628556, 59.072706
8285.842, 300.443360, 58.905439
2452.837, 300.488187, 58.945015
2580.628, 300.539877, 58.991944
16358.576, 300.731865, 59.169265
4169.998, 300.775895, 59.207835
37792.932, 300.454472, 58.919269
96748.688, 300.417754, 58.889141
11194.665, 300.427319, 58.892908
15901.261, 300.617151, 59.067675
25882.715, 300.672557, 59.119173
7082.445, 300.650933, 59.098167
39071.797, 300.516970, 58.980185
50393.957, 300.709671, 59.155278
31343.523, 300.635412, 59.089043
9536.436, 300.393715, 58.868546
11251.150, 300.406460, 58.878023
10911.862, 300.483266, 58.949054
30234.130, 300.564900, 59.026848
5034.474, 300.411335, 58.884889
31738.754, 300.458082, 58.931450
34154.123, 300.397909, 58.877503
8773.736, 300.527708, 58.994106
17582.361, 300.663163, 59.120130
4156.017, 300.536379, 59.003492
5094.915, 300.481143, 58.953415
11304.534, 300.516303, 58.986360
23123.644, 300.683883, 59.139525
3308.155, 300.425295, 58.904613
56621.456, 300.641821, 59.105869
227394.467, 300.430342, 58.920065
15886.803, 300.455816, 58.935832
27328.821, 300.697465, 59.158600
62366.801, 300.440892, 58.928220
5425.745, 300.502020, 58.979358
10849.290, 300.618959, 59.086804
23827.469, 300.716457, 59.176895
7157.550, 300.461078, 58.943209
5784.841, 300.375766, 58.866060
7448.192, 300.406767, 58.894674
5825.738, 300.417848, 58.904555
3662.392, 300.371437, 58.862467
2529.471, 300.422776, 58.909649
87361.043, 300.470202, 58.959375
24045.476, 300.482650, 58.966768
3724.009, 300.515694, 58.996408
3022.395, 300.407948, 58.902902
2513.825, 300.534959, 59.019919
21677.419, 300.399976, 58.899654
3294.451, 300.412337, 58.910739
55844.104, 300.488340, 58.988096
2092.312, 300.498537, 58.990463
38746.724, 300.678115, 59.158367
6624.135, 300.471485, 58.967329
2534.171, 300.429343, 58.929027
66617.796, 300.524903, 59.021981
5361.582, 300.534791, 59.025953
3306.586, 300.568371, 59.056600
117659.732, 300.628691, 59.119369
3313.567, 300.615959, 59.101203
18006.216, 300.732254, 59.207883
4180.737, 300.561086, 59.051375
2590.544, 300.748823, 59.221683
84179.465, 300.385037, 58.897194
131544.145, 300.508518, 59.010812
74848.400, 300.398247, 58.911940
4626.290, 300.580782, 59.072590
3309.343, 300.695732, 59.176278
4196.385, 300.355225, 58.867201
8733.236, 300.392860, 58.902264
6706.765, 300.411998, 58.919388
23263.292, 300.368562, 58.882486
2514.588, 300.438237, 58.945819
65816.636, 300.541066, 59.045142
8274.472, 300.393546, 58.907432
12885.112, 300.437862, 58.948560
3374.658, 300.413520, 58.926603
3751.482, 300.402680, 58.918772
4238.611, 300.554031, 59.057382
63079.120, 300.345945, 58.874041
4547.657, 300.449647, 58.962165
9071.367, 300.577527, 59.082304
9934.971, 300.477969, 58.992185
13242.850, 300.570267, 59.076373
23500.220, 300.660769, 59.159855
23349.476, 300.357357, 58.885090
24323.673, 300.713303, 59.212330
19044.645, 300.352463, 58.880393
13454.693, 300.373105, 58.899319
8749.966, 300.580681, 59.088826
27891.037, 300.669522, 59.171377
27263.938, 300.414753, 58.939150
5346.838, 300.453472, 58.973068
16256.539, 300.365490, 58.893192
42611.785, 300.609806, 59.123393
55557.100, 300.503044, 59.026074
4609.378, 300.603712, 59.112441
4115.272, 300.383404, 58.911910
32025.114, 300.587995, 59.102068
5465.660, 300.652305, 59.157650
2131.603, 300.389259, 58.917552
8759.610, 300.499387, 59.020331
3395.251, 300.542828, 59.058577
53425.947, 300.579780, 59.096095
8008.951, 300.401474, 58.930509
3316.102, 300.480770, 59.002786
31552.558, 300.413720, 58.945283
3723.973, 300.448316, 58.976875
64709.399, 300.357903, 58.898820
3746.481, 300.436447, 58.966648
9505.044, 300.491071, 59.018428
23496.634, 300.679506, 59.190871
34605.166, 300.470841, 59.003070
4556.795, 300.372610, 58.909962
3773.565, 300.383764, 58.921278
20046.788, 300.635238, 59.153308
26740.643, 300.346470, 58.890203
12568.964, 300.374796, 58.914925
3775.965, 300.423253, 58.958924
27053.304, 300.331309, 58.877933
3275.426, 300.339094, 58.884304
20267.645, 300.574193, 59.102103
2094.899, 300.618710, 59.140381
15879.781, 300.643367, 59.164811
5808.050, 300.685072, 59.200912
4981.976, 300.398296, 58.940355
4187.998, 300.673362, 59.191402
15100.884, 300.513712, 59.048077
5806.598, 300.520988, 59.053445
2476.867, 300.405604, 58.947962
16016.936, 300.500301, 59.036548
9172.834, 300.412766, 58.956654
23717.233, 300.437204, 58.980656
5851.124, 300.550024, 59.082867
4636.174, 300.336253, 58.888396
2112.370, 300.554145, 59.087682
14617.054, 300.528210, 59.066297
2538.344, 300.448501, 58.992174
4330.845, 300.562949, 59.097255
43181.474, 300.612236, 59.145748
21201.209, 300.713529, 59.236327
31797.594, 300.440434, 58.989934
19326.813, 300.566292, 59.103159
63004.847, 300.322046, 58.882840
3780.277, 300.637501, 59.166968
7906.189, 300.339906, 58.897017
11975.052, 300.676213, 59.204640
65442.027, 300.429091, 58.984631
52075.130, 300.537963, 59.083919
12634.551, 300.600297, 59.136864
16351.786, 300.664707, 59.195992
4213.459, 300.466069, 59.013873
9957.356, 300.526784, 59.070287
5767.356, 300.351398, 58.909121
22083.330, 300.372264, 58.931092
16639.759, 300.497844, 59.046282
24586.080, 300.581734, 59.124337
15684.733, 300.405140, 58.963155
4254.226, 300.463487, 59.016683
7529.509, 300.703321, 59.235781
86997.316, 300.365409, 58.937452
19244.449, 300.510094, 59.061789
18325.169, 300.325724, 58.893170
2499.631, 300.451896, 59.007161
20157.164, 300.614384, 59.157686
73681.242, 300.660886, 59.202763
3339.858, 300.377820, 58.940251
6771.149, 300.483178, 59.037525
52506.733, 300.558253, 59.109225
3748.600, 300.335502, 58.902262
9194.800, 300.553626, 59.103356
2111.268, 300.338186, 58.905837
18055.161, 300.327597, 58.899207
28666.125, 300.398257, 58.968098
115778.913, 300.534232, 59.095548
12418.939, 300.307688, 58.882735
12587.936, 300.385855, 58.952988
4276.009, 300.409573, 58.974260
4982.437, 300.488272, 59.045928
2520.010, 300.461605, 59.022137
4600.602, 300.531844, 59.088654
2126.247, 300.668877, 59.213519
7788.283, 300.348032, 58.923033
9228.150, 300.358625, 58.932139
13648.464, 300.311896, 58.891571
18082.800, 300.452147, 59.020822
60268.653, 300.477082, 59.046589
36222.445, 300.610127, 59.166198
4682.411, 300.634975, 59.185362
8227.674, 300.496458, 59.061417
12985.213, 300.542488, 59.105465
164302.390, 300.319128, 58.908710
14903.527, 300.337287, 58.917888
11641.425, 300.416509, 58.990218
85888.040, 300.434828, 59.014237
2862.478, 300.466153, 59.034458
5857.863, 300.527519, 59.090761
22492.139, 300.408562, 58.985688
29724.881, 300.621987, 59.179750
13776.152, 300.355254, 58.936646
4566.458, 300.365669, 58.943995
6665.196, 300.381744, 58.958681
2884.686, 300.635155, 59.189422
27466.806, 300.671519, 59.226462
8363.524, 300.369053, 58.951482
2933.539, 300.459145, 59.032666
32772.136, 300.312169, 58.900026
20272.247, 300.424036, 59.002840
11988.911, 300.487086, 59.060781
7559.219, 300.493266, 59.064552
4891.645, 300.500434, 59.070829
22278.846, 300.544840, 59.113854
72208.486, 300.407658, 58.997050
10382.436, 300.327402, 58.915425
7915.250, 300.406604, 58.988804
2922.844, 300.676589, 59.233309
6242.920, 300.332562, 58.920687
3386.948, 300.588673, 59.154377
21046.817, 300.456408, 59.037214
5384.890, 300.462786, 59.041935
98788.037, 300.530644, 59.107623
29281.231, 300.593136, 59.162549
17206.078, 300.610382, 59.176406
6636.798, 300.664730, 59.225682
18853.116, 300.658319, 59.223856
3372.317, 300.691744, 59.250797
38981.478, 300.466094, 59.047878
3745.122, 300.479060, 59.058219
39547.315, 300.633959, 59.201647
14943.056, 300.640134, 59.205982
23913.108, 300.664718, 59.230851
17279.474, 300.675893, 59.239657
17364.271, 300.362449, 58.954703
47634.634, 300.434967, 59.023748
2967.824, 300.537960, 59.113641
5970.529, 300.577803, 59.150539
3367.968, 300.404396, 58.992113
15853.962, 300.690099, 59.253841
3340.073, 300.447596, 59.032406
6790.660, 300.598293, 59.171974
2526.226, 300.295476, 58.895403
2489.303, 300.676268, 59.243572
22445.534, 300.472675, 59.062601
20270.344, 300.552972, 59.135434
41603.389, 300.677484, 59.249838
18747.638, 300.288979, 58.894357
4175.925, 300.295897, 58.900052
3804.591, 300.439934, 59.032285
3336.737, 300.313787, 58.917669
10390.433, 300.336602, 58.939342
12510.877, 300.373125, 58.973960
11181.973, 300.319710, 58.924364
43341.545, 300.338613, 58.943936
31126.575, 300.506890, 59.098574
34837.853, 300.576107, 59.162479
59328.995, 300.612148, 59.196442
12564.862, 300.646451, 59.224023
4611.046, 300.580962, 59.165300
10396.197, 300.312533, 58.920531
8706.547, 300.344296, 58.951098
33892.777, 300.593037, 59.180821
4610.448, 300.453157, 59.050483
2903.686, 300.564911, 59.152585
31605.645, 300.298375, 58.913443
5841.746, 300.358086, 58.963910
19836.210, 300.430033, 59.031408
6692.204, 300.294196, 58.906906
3819.137, 300.391018, 58.996123
13209.912, 300.545566, 59.138593
3816.401, 300.554263, 59.145167
20402.194, 300.673716, 59.255457
33960.616, 300.418134, 59.024735
17946.099, 300.437363, 59.040890
11604.054, 300.477463, 59.078005
25439.934, 300.656203, 59.240603
8266.855, 300.277206, 58.893591
5870.831, 300.393250, 59.000026
5032.580, 300.441131, 59.043909
5804.660, 300.273146, 58.891173
11948.021, 300.528147, 59.125678
36376.447, 300.573259, 59.168613
3800.194, 300.650871, 59.235948
2513.676, 300.288337, 58.904135
2469.501, 300.316582, 58.930240
2073.288, 300.372395, 58.981281
16675.840, 300.536140, 59.135182
23091.375, 300.339668, 58.955864
3006.450, 300.580791, 59.174385
3765.398, 300.325724, 58.941471
72438.535, 300.481533, 59.090556
7095.399, 300.276003, 58.898364
22338.763, 300.493473, 59.099485
2459.834, 300.374128, 58.988395
10748.210, 300.388049, 59.002942
39178.237, 300.417884, 59.032143
2518.809, 300.432853, 59.043622
23812.445, 300.317539, 58.940766
8354.099, 300.347959, 58.967600
67135.960, 300.335557, 58.962412
29909.656, 300.445089, 59.059087
57053.022, 300.648222, 59.245038
134534.536, 300.355821, 58.981807
23153.000, 300.386672, 59.007872
5449.495, 300.624280, 59.222296
172525.960, 300.479925, 59.100140
8737.635, 300.433390, 59.051872
10802.554, 300.322252, 58.950839
5810.956, 300.498061, 59.111998
3292.332, 300.527645, 59.138302
42545.138, 300.267206, 58.902713
17783.917, 300.279288, 58.913491
6802.395, 300.273663, 58.907497
15759.179, 300.298508, 58.931318
2984.881, 300.303233, 58.935255
10731.464, 300.535155, 59.148146
48286.066, 300.322383, 58.956724
2702.408, 300.625321, 59.229602
34015.712, 300.649225, 59.254382
5443.524, 300.342472, 58.972953
17366.272, 300.388205, 59.016912
6221.041, 300.445234, 59.068473
4989.971, 300.459463, 59.080740
14327.090, 300.280350, 58.917653
9972.787, 300.342784, 58.975990
13342.062, 300.417934, 59.044591
25972.098, 300.605977, 59.216983
3793.080, 300.374138, 59.004897
2109.038, 300.273558, 58.912202
2904.560, 300.335037, 58.970092
7175.816, 300.575607, 59.190959
