# Source Fluxes and Coordinates
# Flux (e-/s), RA (deg), Dec (deg)
41480.186, 301.054957, 58.817863
16314.760, 301.176965, 58.926851
20380.880, 301.087203, 58.849810
38042.377, 300.973961, 58.749077
2269.254, 301.139208, 58.895272
7153.164, 301.271700, 59.014690
12367.547, 300.984460, 58.758867
67940.943, 301.293985, 59.039300
26478.989, 301.099829, 58.864114
8114.496, 301.317099, 59.057096
42176.726, 300.958577, 58.737737
11441.778, 301.061477, 58.832031
3077.091, 301.253857, 59.003202
18638.716, 301.009252, 58.786142
4031.683, 301.177166, 58.936039
13643.381, 301.061619, 58.835742
42793.566, 301.181724, 58.948086
11293.547, 301.283703, 59.038570
2701.742, 301.085386, 58.862378
20035.509, 301.011472, 58.798074
18251.224, 301.111354, 58.888731
28582.123, 301.134733, 58.911836
4453.901, 301.322754, 59.077388
26125.744, 300.980247, 58.773273
99065.581, 301.202419, 58.976353
7917.646, 301.051237, 58.837120
52931.958, 300.929271, 58.731105
2213.935, 301.005060, 58.797085
56986.489, 301.167256, 58.949535
40923.345, 301.253389, 59.025550
60589.553, 301.016980, 58.820509
15448.577, 301.057011, 58.850167
3533.455, 301.003391, 58.800865
9328.423, 301.135892, 58.921216
17895.718, 301.208444, 58.986870
11059.045, 300.945081, 58.752110
15089.672, 300.982463, 58.786536
62999.386, 301.171012, 58.959003
23221.281, 301.065468, 58.864639
60864.205, 301.153350, 58.947782
4943.053, 300.922051, 58.735064
138486.811, 300.901990, 58.724610
8004.482, 300.966289, 58.777611
28922.062, 301.108374, 58.910464
4477.586, 300.916749, 58.737095
6667.069, 300.940671, 58.759602
20590.339, 301.088297, 58.894974
5795.309, 301.246131, 59.036229
16978.092, 301.282025, 59.071303
7564.085, 300.944768, 58.769944
9538.675, 301.294045, 59.083018
6189.506, 300.914790, 58.743139
8461.069, 301.264500, 59.057974
7505.278, 300.972990, 58.797111
11620.711, 300.986215, 58.811580
13702.974, 301.010553, 58.835359
56445.750, 301.109969, 58.927014
34914.710, 300.887443, 58.726787
4425.146, 301.089033, 58.907256
7919.222, 301.034839, 58.861212
3918.975, 300.891035, 58.730724
36739.596, 301.045703, 58.873218
127229.289, 301.068549, 58.896683
22032.473, 301.285423, 59.086812
16901.240, 300.940081, 58.780161
82949.628, 300.897027, 58.745599
55597.093, 301.104973, 58.934060
12606.719, 301.244194, 59.054852
3972.884, 300.891661, 58.737083
46064.442, 300.904635, 58.752247
55847.734, 300.943006, 58.788101
44971.987, 301.112599, 58.941273
12368.561, 300.973950, 58.815608
3095.255, 300.916887, 58.764692
68283.306, 301.167511, 58.994443
3555.501, 300.885139, 58.736079
6127.986, 300.992237, 58.834960
33041.198, 300.994932, 58.840508
6252.709, 301.160621, 58.986917
18481.528, 300.887563, 58.744616
4511.552, 300.877245, 58.734542
28052.176, 300.880614, 58.741761
14125.659, 300.964817, 58.814672
31813.560, 301.075781, 58.917044
71923.400, 301.015821, 58.865123
7519.756, 301.036767, 58.882634
8451.968, 300.916424, 58.774820
4860.961, 300.987253, 58.840249
8405.932, 301.130895, 58.969566
11873.737, 301.035898, 58.886449
170569.245, 301.137806, 58.982122
68944.334, 300.886032, 58.754807
2226.309, 300.904539, 58.767252
29635.767, 301.240363, 59.073232
2642.638, 301.082253, 58.929539
357685.719, 300.859539, 58.741175
2653.330, 300.957728, 58.817589
41776.599, 300.969997, 58.834864
4417.416, 301.126264, 58.973383
4908.654, 300.874679, 58.747268
147738.793, 301.026553, 58.890988
5327.880, 301.067937, 58.923139
14861.553, 301.188864, 59.032372
11104.117, 300.899238, 58.775130
3573.633, 300.941581, 58.811875
25728.815, 300.950654, 58.822837
11033.376, 300.881991, 58.760141
60114.769, 300.999560, 58.871751
4444.072, 300.911338, 58.787011
27454.269, 300.955095, 58.828448
2204.767, 300.924935, 58.800359
7071.450, 300.980503, 58.852911
4492.024, 301.062380, 58.926536
24084.226, 301.141313, 58.998578
3576.506, 300.910615, 58.789133
23793.391, 300.960255, 58.840326
5346.404, 301.251573, 59.099675
5744.110, 300.860816, 58.749243
2249.673, 300.885632, 58.771200
5367.892, 301.061611, 58.932832
15676.050, 300.952616, 58.836908
11486.451, 300.907000, 58.796261
60620.481, 301.202434, 59.068666
11501.491, 301.027134, 58.909173
109087.870, 300.862864, 58.766451
5765.999, 300.849678, 58.750645
26486.748, 301.065521, 58.947483
3064.472, 300.949896, 58.841917
150196.588, 301.022989, 58.914406
19596.519, 301.106180, 58.984769
5790.237, 300.855489, 58.760673
3506.757, 300.993281, 58.884600
29092.941, 301.111693, 58.995212
8874.141, 300.834975, 58.744524
120556.539, 301.132027, 59.022153
7943.999, 300.885143, 58.794368
55868.582, 301.045951, 58.941939
2213.649, 300.913532, 58.820861
63704.394, 300.983006, 58.889307
56368.196, 300.916444, 58.830464
56019.843, 301.119593, 59.012989
4041.980, 300.886761, 58.800295
4462.527, 300.907402, 58.820084
2200.290, 300.960221, 58.867506
17856.591, 300.988065, 58.895186
33289.035, 301.025567, 58.930264
7011.619, 300.908691, 58.825684
8522.767, 300.842359, 58.765965
92659.201, 300.935266, 58.858560
2648.835, 300.837811, 58.762922
4918.301, 300.933662, 58.850238
9303.358, 300.845339, 58.772676
30568.410, 301.142897, 59.044111
534599.865, 300.820150, 58.765651
52270.711, 300.902492, 58.833252
3565.405, 300.918747, 58.841469
31987.613, 301.101429, 59.008748
8805.470, 300.853534, 58.784076
12516.061, 301.025625, 58.939884
48614.671, 301.193784, 59.092488
19013.337, 301.074945, 58.986337
15530.205, 300.974375, 58.896471
3091.824, 300.814754, 58.751017
8603.306, 301.174856, 59.076574
2657.892, 300.922627, 58.850039
7122.349, 300.947374, 58.873054
15203.568, 301.066597, 58.981856
2667.035, 300.832503, 58.769989
87033.888, 300.837623, 58.779438
7540.618, 301.062970, 58.978546
2671.489, 300.835752, 58.774212
42417.949, 301.139166, 59.054449
3642.680, 301.039214, 58.963621
3081.977, 300.915592, 58.853609
34162.586, 300.923292, 58.867508
37238.184, 300.968859, 58.908098
20199.692, 301.014392, 58.948367
22644.812, 300.884616, 58.832695
3068.353, 300.931134, 58.873906
2702.216, 301.021626, 58.956054
19579.352, 301.041216, 58.975181
47947.800, 301.058596, 58.992974
3115.962, 300.820824, 58.777307
42681.843, 301.160321, 59.087521
4065.951, 300.838250, 58.796036
3943.520, 300.951860, 58.899270
47211.164, 300.818273, 58.782706
33700.994, 300.942180, 58.899742
28470.256, 300.803510, 58.774406
58656.184, 300.836612, 58.802939
8396.649, 300.877440, 58.837777
2669.416, 300.833850, 58.798523
31456.790, 300.980760, 58.934181
3118.249, 300.971182, 58.923739
31010.191, 301.131122, 59.070274
27437.802, 301.144760, 59.081829
4006.748, 300.842373, 58.808475
79416.985, 301.022394, 58.976080
20373.585, 301.090216, 59.035099
9741.682, 300.837691, 58.807378
37532.464, 300.823502, 58.797987
5848.142, 300.803500, 58.778917
3169.620, 301.003143, 58.959615
30356.200, 301.077251, 59.029031
17507.779, 301.110607, 59.058895
5828.743, 300.857909, 58.832829
25105.381, 300.974607, 58.940158
56497.967, 300.847656, 58.827603
19072.357, 300.930269, 58.901928
2267.494, 301.111751, 59.061834
2218.325, 300.786255, 58.768234
16863.266, 300.961144, 58.930259
45082.946, 300.778409, 58.766935
80477.777, 301.020234, 58.991818
2210.250, 300.785635, 58.774921
2217.218, 300.935414, 58.911105
2672.931, 300.837938, 58.822982
8807.686, 300.779642, 58.772188
15019.357, 300.892220, 58.876490
16058.309, 300.926938, 58.906960
82679.897, 300.961319, 58.941452
25164.915, 301.002071, 58.975164
2190.712, 300.898198, 58.881267
8045.479, 300.830775, 58.823517
80830.289, 300.774050, 58.776586
80573.890, 300.856974, 58.853318
12502.083, 300.977548, 58.958276
31439.594, 301.093969, 59.064959
3146.467, 300.900080, 58.888187
6665.467, 301.153673, 59.117067
10591.594, 300.792985, 58.793114
33670.107, 301.143614, 59.110488
7563.853, 300.819444, 58.819875
44961.593, 301.112663, 59.086988
214033.541, 301.016890, 59.006922
23109.735, 300.887657, 58.886577
12781.726, 300.794097, 58.801056
6630.831, 300.882774, 58.882240
34963.193, 300.784614, 58.796331
2669.176, 300.872552, 58.874974
7092.031, 300.791850, 58.805094
14714.218, 300.978720, 58.974773
3993.339, 300.887288, 58.891790
46775.254, 301.022125, 59.017005
60066.449, 300.804661, 58.822781
4056.740, 300.854621, 58.862745
3517.102, 300.894505, 58.898977
21452.678, 301.031310, 59.025652
5410.971, 300.795463, 58.812550
46332.321, 301.131677, 59.119069
35608.303, 300.766534, 58.789576
11948.742, 300.919245, 58.926751
25249.098, 300.961151, 58.965768
11946.903, 300.754782, 58.779528
3231.225, 300.773094, 58.794614
2669.555, 300.913142, 58.921672
2630.020, 300.760604, 58.784207
75825.854, 300.743771, 58.776124
3996.454, 300.846131, 58.864543
37633.377, 301.092461, 59.089368
19961.304, 300.778602, 58.806537
2664.458, 300.890503, 58.906380
281690.832, 300.899341, 58.922386
47139.767, 300.809008, 58.837180
20418.362, 300.960699, 58.972761
4820.434, 300.828247, 58.851717
5241.539, 300.750196, 58.782478
32952.009, 301.082713, 59.085095
19503.209, 300.752597, 58.788050
9815.297, 301.077821, 59.080687
5787.406, 300.735367, 58.771556
57648.358, 300.773363, 58.811489
3122.060, 300.799494, 58.829603
2663.180, 300.873421, 58.896739
42295.617, 300.959222, 58.979361
3594.245, 300.741995, 58.781490
12278.908, 300.820464, 58.854846
9300.275, 300.732371, 58.776913
54269.939, 300.832265, 58.874053
12363.646, 300.861125, 58.895494
2623.512, 300.887655, 58.918873
3165.587, 300.918981, 58.949149
42783.792, 300.743845, 58.793967
53875.770, 300.954028, 58.985582
7101.216, 301.032377, 59.052938
5804.663, 301.103462, 59.116650
18759.538, 300.843843, 58.884749
39350.633, 301.042625, 59.065730
9823.258, 300.797334, 58.843915
6189.345, 300.821307, 58.866433
3946.854, 300.837262, 58.881124
16984.946, 300.753801, 58.808698
2667.595, 300.887306, 58.928782
9332.289, 300.771058, 58.825667
66888.848, 301.017880, 59.053359
4079.678, 301.084044, 59.109005
43943.857, 301.052966, 59.085811
9280.073, 300.869035, 58.918821
2725.021, 300.883894, 58.931454
2644.612, 300.745089, 58.806518
7929.592, 300.757268, 58.819056
23537.003, 300.886849, 58.938500
4009.358, 300.826419, 58.882022
38117.519, 300.717984, 58.789451
23964.590, 300.763272, 58.829876
80198.993, 300.831058, 58.895767
8834.539, 300.879292, 58.935316
4419.532, 300.713016, 58.787347
8816.054, 300.861627, 58.922944
5321.887, 300.752705, 58.824222
56885.714, 300.926331, 58.985094
24110.412, 301.048193, 59.093602
34277.180, 300.948381, 59.005191
14108.772, 300.793422, 58.864411
5722.988, 300.839202, 58.904815
87592.347, 300.845168, 58.917866
7952.718, 300.769328, 58.845227
5315.585, 300.794497, 58.868176
3544.514, 300.711714, 58.793430
2232.047, 300.805029, 58.880223
2224.214, 300.866177, 58.936036
8036.917, 300.984310, 59.043862
3560.272, 300.772765, 58.854071
39583.354, 301.075365, 59.129137
3562.778, 300.703763, 58.790984
2670.699, 300.884455, 58.956966
52212.322, 300.914064, 58.987238
2178.917, 300.698406, 58.789247
11893.791, 300.713012, 58.804488
30773.586, 300.958721, 59.030338
4007.889, 300.706848, 58.799733
27085.696, 300.768804, 58.859792
2694.041, 300.852420, 58.934143
2207.995, 300.734981, 58.827542
4463.922, 300.775950, 58.866001
3097.347, 300.781963, 58.871349
3140.080, 300.837668, 58.922303
5350.583, 300.783807, 58.875774
3073.869, 300.694588, 58.794297
12147.810, 301.036144, 59.104268
61461.198, 300.718953, 58.821970
7944.590, 300.687222, 58.789139
14583.596, 300.814124, 58.906083
14321.044, 301.026116, 59.097928
4919.791, 300.700613, 58.802790
68212.282, 300.866064, 58.959911
330400.645, 300.954747, 59.045017
10956.877, 300.798932, 58.894405
92773.314, 300.993653, 59.075357
19169.263, 300.939620, 59.024086
44053.421, 300.727340, 58.836762
42866.030, 301.001137, 59.082912
8452.949, 300.779274, 58.881935
66904.282, 300.872342, 58.969963
15409.295, 300.701861, 58.816021
46247.284, 300.707849, 58.821899
3551.795, 300.744205, 58.852586
5306.575, 300.790437, 58.895452
30410.359, 300.767845, 58.877185
14739.556, 300.939542, 59.031755
29092.285, 300.733664, 58.847772
4912.268, 300.753678, 58.864164
40744.104, 300.896805, 58.997240
6717.331, 300.884617, 58.984122
24794.294, 300.891417, 58.992531
182284.790, 300.750288, 58.871564
8371.944, 300.692783, 58.812890
54402.744, 300.774405, 58.890634
28389.215, 300.784818, 58.899125
20996.083, 300.883977, 58.988935
12720.156, 301.028522, 59.119203
55458.102, 300.674779, 58.804135
35502.198, 300.837616, 58.950694
3578.767, 300.670554, 58.798259
12790.708, 300.843865, 58.958039
13901.806, 300.907730, 59.015431
26648.661, 300.662461, 58.794462
2644.812, 300.698846, 58.825805
4430.232, 300.711347, 58.838764
2234.335, 300.763220, 58.885784
4437.212, 300.789013, 58.909675
13380.403, 300.829305, 58.947719
18327.110, 300.972883, 59.076756
22751.484, 300.863263, 58.981677
9768.331, 300.937565, 59.047088
9633.171, 300.717934, 58.849150
5778.950, 300.803807, 58.927290
3580.793, 300.796253, 58.920145
15088.836, 300.701258, 58.834829
2248.383, 300.690927, 58.826771
29591.481, 300.704036, 58.841975
3560.886, 300.722337, 58.855169
9399.216, 300.745353, 58.876698
45715.887, 300.879875, 59.001672
39124.915, 300.964139, 59.077986
144313.339, 300.751041, 58.890638
3950.251, 300.768932, 58.899409
40308.477, 300.664116, 58.807786
8384.624, 300.803586, 58.932583
4844.644, 300.811039, 58.939274
8827.096, 300.820211, 58.947454
3569.393, 300.724000, 58.860482
55545.076, 300.937101, 59.058132
15418.310, 300.775254, 58.910059
24206.005, 301.018886, 59.130281
2729.704, 301.026686, 59.134954
6745.027, 300.730207, 58.868753
203020.950, 300.814154, 58.954469
4505.530, 300.691433, 58.834979
3945.087, 300.793495, 58.927596
82921.255, 300.828556, 58.964922
12963.789, 300.992730, 59.108933
98745.558, 301.035034, 59.151676
107305.927, 300.674505, 58.830371
8041.875, 300.721433, 58.865970
2711.740, 300.652026, 58.802004
16632.019, 300.667440, 58.818733
16706.227, 300.672969, 58.822642
5380.775, 300.736488, 58.879623
3155.240, 300.785733, 58.924178
33331.641, 300.885722, 59.017020
7512.188, 300.835495, 58.971350
38811.622, 300.924942, 59.054713
6182.110, 300.723812, 58.871134
7553.352, 300.776265, 58.918352
4030.690, 300.729962, 58.877042
27053.538, 300.738048, 58.887028
2683.363, 300.690227, 58.841286
9706.707, 300.693350, 58.846010
9858.202, 301.007443, 59.130587
58569.090, 300.837515, 58.982787
3952.311, 300.657288, 58.815511
49763.716, 300.922939, 59.060793
6670.864, 300.751863, 58.904042
7527.847, 300.869608, 59.012927
2202.088, 300.674979, 58.835648
14563.763, 300.697947, 58.857625
8848.008, 300.707470, 58.866764
66817.813, 300.734439, 58.897510
7990.234, 300.648200, 58.814989
40853.448, 300.684838, 58.851208
4014.119, 300.745256, 58.902196
199383.145, 300.850497, 59.005107
6203.996, 300.675522, 58.839987
93283.773, 300.726845, 58.891638
3121.900, 300.714944, 58.878886
4397.099, 300.749991, 58.911065
113256.189, 300.635726, 58.812414
3556.854, 300.752115, 58.913465
25723.954, 300.777175, 58.939105
14811.004, 300.837636, 58.992504
5334.284, 300.628872, 58.804001
21178.633, 300.804321, 58.965937
19946.814, 300.788878, 58.953195
6608.723, 300.715785, 58.885892
12503.728, 300.799505, 58.963399
38760.377, 300.669803, 58.849417
17644.654, 300.649673, 58.830110
23807.858, 300.660722, 58.840390
5328.994, 300.730487, 58.904279
3105.939, 300.686550, 58.865279
29874.055, 300.619411, 58.806092
7992.519, 300.652028, 58.834577
4056.258, 300.936722, 59.092883
3993.577, 300.771510, 58.943740
46379.563, 300.780274, 58.956673
5310.565, 300.807064, 58.977294
5749.063, 300.639691, 58.827117
40590.006, 300.725570, 58.913990
12220.689, 300.707019, 58.891164
6197.746, 300.916911, 59.080776
6683.237, 300.624138, 58.815897
5795.673, 300.884726, 59.052704
17830.126, 300.824232, 58.999645
3124.801, 300.611865, 58.807169
3563.281, 300.619259, 58.813857
34143.868, 300.826759, 59.004973
59510.607, 301.003118, 59.164892
13555.276, 300.941898, 59.108840
39951.057, 300.715697, 58.907228
116124.664, 300.982352, 59.152591
4888.480, 300.615083, 58.815436
28201.695, 300.682273, 58.877805
4784.497, 300.786894, 58.971724
77384.014, 300.802918, 58.993104
12956.222, 300.909097, 59.082640
14975.770, 300.649653, 58.848489
36757.351, 300.689052, 58.887960
28241.527, 300.715915, 58.913432
65814.145, 300.888820, 59.070619
57289.365, 300.794905, 58.987536
14735.937, 301.000086, 59.169316
66770.275, 300.829756, 59.020545
47048.181, 300.991911, 59.165489
2627.806, 300.668046, 58.871499
50301.961, 300.641231, 58.852091
8016.330, 300.707830, 58.909020
49598.413, 300.765157, 58.965135
17065.148, 300.720208, 58.922673
52374.427, 300.730009, 58.934627
5788.551, 300.679261, 58.885632
13165.228, 300.690768, 58.896185
508292.106, 300.988900, 59.175852
3958.214, 300.606308, 58.821013
11589.320, 300.772371, 58.974505
51957.551, 300.643394, 58.863975
12803.210, 300.701607, 58.912596
16620.486, 300.782209, 58.985623
3580.986, 300.621490, 58.838616
29066.340, 300.666098, 58.881557
14157.092, 300.610928, 58.832199
83942.567, 300.589025, 58.817923
26979.557, 300.600943, 58.824572
40356.644, 300.655524, 58.876352
6658.240, 300.735421, 58.946352
10551.625, 300.847764, 59.047628
10663.924, 300.624900, 58.846592
27179.395, 300.649601, 58.870785
26131.682, 300.791251, 58.999092
76251.074, 300.677465, 58.902069
49459.987, 300.880738, 59.084226
35196.549, 300.964123, 59.159941
3521.962, 300.703655, 58.922559
33263.384, 300.817679, 59.029509
43432.101, 300.738461, 58.958809
2640.014, 300.751953, 58.968171
36612.665, 300.824632, 59.037040
2686.629, 300.692519, 58.915063
6181.450, 300.715012, 58.936435
10160.682, 300.644147, 58.874624
2268.126, 300.665394, 58.891542
21704.267, 300.775913, 58.995862
6725.225, 300.920561, 59.125191
4058.109, 300.756048, 58.978534
4772.405, 300.630100, 58.865278
143902.188, 300.652954, 58.891658
20107.695, 300.894998, 59.106435
2678.729, 300.632776, 58.867545
3556.760, 300.635821, 58.871490
39657.429, 300.683315, 58.918486
2637.100, 300.640470, 58.876280
55934.536, 300.738035, 58.971159
56332.016, 300.949088, 59.164436
32671.778, 300.572198, 58.821556
3985.944, 300.594306, 58.839205
2246.000, 300.632772, 58.874037
13396.632, 300.660857, 58.900542
147119.848, 300.904931, 59.126509
9262.673, 300.636493, 58.879368
18608.998, 300.599612, 58.846509
10291.231, 300.888732, 59.110113
12913.669, 300.850877, 59.076614
50253.113, 300.615603, 58.867245
4467.047, 300.585909, 58.837295
5803.375, 300.794050, 59.026944
358657.827, 300.627759, 58.886560
12378.846, 300.693761, 58.938642
76023.727, 300.599643, 58.857599
5700.237, 300.658107, 58.906171
13704.114, 300.660501, 58.909576
6985.011, 300.704054, 58.948385
9477.634, 300.885593, 59.113218
7093.402, 300.695537, 58.941611
30827.572, 300.716366, 58.962889
2187.814, 300.724747, 58.967373
12181.782, 300.836206, 59.070580
2756.735, 300.927674, 59.151251
15536.341, 300.584275, 58.842785
4495.961, 300.764913, 59.006218
4405.790, 300.818871, 59.055409
4015.948, 300.680042, 58.930470
4471.841, 300.590668, 58.850135
30859.987, 300.801770, 59.044203
9643.474, 300.563699, 58.826992
3628.205, 300.578737, 58.840232
98289.159, 300.665635, 58.926888
26934.834, 300.938436, 59.170258
5648.227, 300.637392, 58.896826
72774.972, 300.848934, 59.092519
5788.280, 300.678773, 58.935300
3163.003, 300.844059, 59.086891
21254.535, 300.609811, 58.879458
39753.895, 300.586404, 58.860725
15998.486, 300.801124, 59.054667
19422.811, 300.642896, 58.911324
8899.002, 300.890508, 59.135490
11052.732, 300.739449, 58.999919
8837.539, 300.626937, 58.898664
4431.640, 300.632114, 58.904112
9742.855, 300.666502, 58.935887
18032.374, 300.612105, 58.889776
5325.600, 300.588917, 58.867396
4881.224, 300.755254, 59.018639
9912.645, 300.842313, 59.098012
22286.515, 300.783935, 59.047280
17775.835, 300.565463, 58.849191
18177.791, 300.810471, 59.071804
19212.703, 300.617466, 58.897461
30031.008, 300.621892, 58.902157
11985.206, 300.698194, 58.971446
3502.849, 300.547175, 58.832851
4024.494, 300.551422, 58.835318
7525.910, 300.703716, 58.976387
66006.461, 300.893349, 59.151405
7945.828, 300.633559, 58.912575
7642.649, 300.835572, 59.096483
36503.696, 300.742608, 59.018424
27337.040, 300.662012, 58.943821
2686.663, 300.764110, 59.033938
46720.983, 300.790001, 59.062927
8834.349, 300.588151, 58.876407
9856.434, 300.871672, 59.134382
15433.537, 300.543542, 58.837534
3164.932, 300.595796, 58.884869
23083.879, 300.664001, 58.950036
4033.486, 300.618073, 58.907204
2236.725, 300.672970, 58.956863
4928.314, 300.705606, 58.986581
9708.710, 300.681754, 58.967907
12413.044, 300.675693, 58.964141
5349.839, 300.559105, 58.857628
105853.781, 300.579876, 58.881674
2213.088, 300.535709, 58.837032
7071.952, 300.606467, 58.901799
17821.820, 300.813076, 59.090702
12415.028, 300.709901, 58.998822
15363.540, 300.827054, 59.103729
6597.494, 300.563217, 58.864872
3548.819, 300.539066, 58.844800
21612.488, 300.698175, 58.992423
9441.558, 300.745100, 59.033412
29384.570, 300.777567, 59.064073
50789.361, 300.637350, 58.943824
34399.180, 300.655634, 58.954528
9327.707, 300.692857, 58.986975
39563.630, 300.538021, 58.848918
7060.605, 300.600159, 58.905923
7578.362, 300.614135, 58.918687
2236.575, 300.604035, 58.909143
3984.499, 300.616312, 58.921088
22977.539, 300.897642, 59.178204
3088.714, 300.630808, 58.935434
13318.408, 300.742638, 59.038452
300177.219, 300.702740, 59.009901
58899.124, 300.767635, 59.066613
19265.864, 300.605193, 58.916057
18203.689, 300.882947, 59.168235
39976.387, 300.712389, 59.017369
29540.963, 300.542909, 58.862279
16318.654, 300.626478, 58.937623
3968.155, 300.643712, 58.954637
13632.015, 300.527934, 58.850594
3974.202, 300.693656, 59.001719
3159.772, 300.717053, 59.022427
5305.607, 300.846300, 59.139256
2213.548, 300.569048, 58.887919
7446.518, 300.556544, 58.879158
24328.102, 300.583940, 58.906473
3086.090, 300.636132, 58.950929
3492.354, 300.684155, 58.994629
7574.909, 300.626924, 58.943486
3569.680, 300.873468, 59.166403
65579.689, 300.614113, 58.936145
3152.268, 300.712172, 59.021250
57615.909, 300.846254, 59.146067
70631.705, 300.557304, 58.885136
10706.775, 300.660620, 58.976790
6625.826, 300.652732, 58.969540
4914.699, 300.589808, 58.913030
5311.299, 300.596435, 58.919465
10140.728, 300.748290, 59.058114
2780.134, 300.803203, 59.107174
9681.395, 300.513543, 58.844946
40991.417, 300.740210, 59.054708
20559.187, 300.827875, 59.132036
31376.601, 300.513269, 58.850241
11931.219, 300.538666, 58.868899
6158.171, 300.584885, 58.911116
3073.911, 300.635512, 58.957249
4440.943, 300.567834, 58.895110
13431.862, 300.659849, 58.981650
44587.441, 300.718035, 59.038642
14921.445, 300.694468, 59.015357
3534.586, 300.532055, 58.865446
16853.027, 300.723963, 59.042113
36619.831, 300.813260, 59.124864
19437.322, 300.566679, 58.902045
47478.673, 300.622471, 58.953454
40863.683, 300.765255, 59.081618
3578.878, 300.804328, 59.115637
37887.845, 300.637748, 58.968353
11897.868, 300.556566, 58.895035
37178.085, 300.812997, 59.130438
3949.874, 300.551637, 58.890639
5336.944, 300.846263, 59.158126
65488.823, 300.865156, 59.179054
14087.191, 300.525685, 58.868120
2231.410, 300.667036, 58.998710
7886.449, 300.685079, 59.018197
25286.122, 300.783249, 59.108129
4037.768, 300.589358, 58.930833
17773.513, 300.811415, 59.134572
4865.934, 300.887161, 59.200349
7523.237, 300.494048, 58.844962
6226.408, 300.514365, 58.864160
5731.818, 300.824822, 59.146665
8770.169, 300.868917, 59.186329
11530.096, 300.505759, 58.858480
3104.617, 300.674454, 59.011541
51079.013, 300.708475, 59.047020
43864.108, 300.639167, 58.984638
13633.872, 300.540440, 58.893750
2708.409, 300.666926, 59.008485
44002.625, 300.734152, 59.074422
7990.704, 300.767357, 59.101945
2659.143, 300.502876, 58.860439
7004.984, 300.521844, 58.880425
32703.067, 300.655448, 59.003594
3116.951, 300.543648, 58.899700
22393.919, 300.672586, 59.021840
4360.967, 300.542606, 58.901772
61880.629, 300.879057, 59.211746
20391.483, 300.483954, 58.850124
38898.731, 300.624785, 58.981628
2685.538, 300.600610, 58.957333
4391.192, 300.505701, 58.871656
96344.263, 300.767732, 59.115141
29244.233, 300.689275, 59.042596
2151.527, 300.710665, 59.058447
10582.810, 300.715131, 59.063930
3545.042, 300.629258, 58.986006
31688.829, 300.664002, 59.020515
34666.644, 300.528125, 58.897914
3127.032, 300.573899, 58.936705
16417.339, 300.549713, 58.917647
29120.823, 300.583849, 58.948784
10208.980, 300.569016, 58.934592
10690.218, 300.653490, 59.012726
4743.228, 300.482712, 58.856519
3151.939, 300.614568, 58.977250
7979.268, 300.624118, 58.986789
4864.093, 300.636294, 58.997600
5726.932, 300.477626, 58.853651
21552.077, 300.835189, 59.180402
2706.710, 300.607604, 58.973444
4843.943, 300.482856, 58.861345
7958.818, 300.547391, 58.920808
47096.913, 300.734716, 59.094813
10193.581, 300.710635, 59.071248
48140.114, 300.776464, 59.133455
6670.890, 300.836383, 59.184436
2651.770, 300.547882, 58.923027
38730.528, 300.838496, 59.191672
4859.618, 300.537186, 58.914405
27589.017, 300.818420, 59.171817
43333.959, 300.750526, 59.113060
41053.315, 300.465588, 58.855186
15429.595, 300.593338, 58.969506
53857.083, 300.477853, 58.867030
15413.064, 300.541942, 58.923937
2645.554, 300.514671, 58.898102
3114.994, 300.536324, 58.918374
42931.253, 300.605968, 58.985124
8863.564, 300.496194, 58.883050
46134.602, 300.564673, 58.949684
96151.549, 300.631884, 59.013106
5833.544, 300.489418, 58.878726
12488.975, 300.621224, 59.000284
6141.820, 300.541686, 58.927117
21410.980, 300.816403, 59.178574
6218.092, 300.523730, 58.911139
2219.469, 300.626362, 59.004408
4132.741, 300.768780, 59.134168
38929.701, 300.497417, 58.892116
18417.073, 300.835942, 59.198251
4439.256, 300.466710, 58.861235
29520.146, 300.489956, 58.885193
11489.279, 300.581380, 58.967182
25540.482, 300.508127, 58.903240
7060.424, 300.549462, 58.938258
53699.965, 300.537949, 58.935419
19814.834, 300.711660, 59.090865
7953.152, 300.458597, 58.859697
73231.617, 300.614879, 59.008574
3595.246, 300.666057, 59.049392
2675.665, 300.585977, 58.977499
29825.941, 300.812584, 59.185518
7064.783, 300.462744, 58.866495
69535.712, 300.643289, 59.034945
4382.156, 300.785821, 59.160296
7909.346, 300.606394, 58.997981
63526.012, 300.721511, 59.106722
3506.598, 300.515985, 58.916249
2207.040, 300.561064, 58.957133
12880.087, 300.451412, 58.861464
2681.975, 300.695533, 59.080900
112572.658, 300.518868, 58.930550
440893.191, 300.579466, 58.992287
48735.875, 300.479788, 58.897042
128997.639, 300.458017, 58.875570
2681.956, 300.500048, 58.906870
8830.046, 300.501257, 58.912433
27122.234, 300.764212, 59.153434
4899.016, 300.541124, 58.949742
29871.073, 300.695269, 59.092137
38555.003, 300.642295, 59.045244
28711.114, 300.649325, 59.052519
11181.741, 300.784847, 59.173186
6172.739, 300.562234, 58.971929
5739.362, 300.568964, 58.978037
15040.267, 300.612219, 59.018205
23744.494, 300.799255, 59.189094
35607.867, 300.543978, 58.960821
24239.853, 300.456095, 58.880690
7468.690, 300.464001, 58.885329
3108.653, 300.490518, 58.908573
4061.500, 300.606916, 59.015358
8447.699, 300.673600, 59.077510
2191.343, 300.533290, 58.949638
6630.093, 300.739117, 59.137028
13925.399, 300.817911, 59.209707
7938.409, 300.494320, 58.916401
11586.691, 300.727125, 59.129262
4351.865, 300.521226, 58.941402
11095.852, 300.555108, 58.974496
25420.674, 300.445365, 58.874316
4395.607, 300.478998, 58.903920
33621.483, 300.697601, 59.107927
61509.982, 300.737108, 59.144305
4461.503, 300.802962, 59.200509
81485.459, 300.681025, 59.098415
6228.694, 300.655759, 59.071087
3088.510, 300.484155, 58.913763
2678.874, 300.775165, 59.178768
2217.535, 300.428991, 58.864022
4414.346, 300.517362, 58.945479
8932.541, 300.604712, 59.027271
3074.189, 300.447933, 58.882993
8932.825, 300.567627, 58.995161
11016.049, 300.430428, 58.870473
4413.386, 300.546135, 58.976495
12691.369, 300.483412, 58.919662
3165.317, 300.493248, 58.929720
10597.185, 300.460289, 58.901724
2205.689, 300.441545, 58.883743
6586.212, 300.471625, 58.912367
94107.084, 300.596540, 59.031503
37253.295, 300.627787, 59.058216
81316.754, 300.563312, 59.002823
20965.322, 300.726924, 59.149183
12763.234, 300.449692, 58.895886
5333.037, 300.483479, 58.926336
4855.239, 300.590451, 59.023652
15870.348, 300.814907, 59.229004
3545.382, 300.492802, 58.935373
5723.309, 300.416738, 58.866805
16109.325, 300.615426, 59.050836
7145.246, 300.708434, 59.133627
27436.111, 300.434678, 58.887073
4867.343, 300.496152, 58.941799
16335.185, 300.546035, 58.987977
8863.361, 300.449916, 58.901712
3046.434, 300.752851, 59.177376
4512.795, 300.420114, 58.875220
6224.512, 300.615987, 59.055036
67022.069, 300.523761, 58.975838
2621.085, 300.414403, 58.871788
11950.146, 300.468982, 58.924571
38408.500, 300.651009, 59.090921
50008.186, 300.478232, 58.934768
5305.107, 300.519053, 58.969359
11981.532, 300.409932, 58.869886
4449.259, 300.602630, 59.046010
13460.904, 300.712170, 59.147115
4018.495, 300.665801, 59.104495
19567.697, 300.492472, 58.950511
34012.432, 300.536147, 58.992619
13962.914, 300.732432, 59.169314
2635.483, 300.419727, 58.884625
48987.102, 300.451915, 58.917830
116937.504, 300.416368, 58.888402
2201.131, 300.581753, 59.034074
4505.916, 300.616057, 59.065658
3624.206, 300.651420, 59.098240
30527.588, 300.672703, 59.119531
3548.105, 300.800362, 59.233307
5717.069, 300.568495, 59.023696
51918.243, 300.709502, 59.155465
41605.468, 300.516894, 58.980168
3994.715, 300.550317, 59.009018
7505.375, 300.596249, 59.051699
8882.201, 300.696575, 59.142109
3155.550, 300.460981, 58.927481
4413.775, 300.427521, 58.898188
5407.985, 300.482651, 58.949064
14954.815, 300.608616, 59.066269
9400.649, 300.795226, 59.234949
39404.821, 300.399399, 58.877801
31080.358, 300.457783, 58.931522
5740.884, 300.559176, 59.025333
8482.904, 300.663978, 59.120494
20258.625, 300.683757, 59.139220
279775.043, 300.429629, 58.920132
5675.003, 300.543506, 59.012065
67908.230, 300.641191, 59.105832
4883.824, 300.774823, 59.222002
4114.608, 300.449705, 58.929061
28041.036, 300.697751, 59.158505
19953.562, 300.405811, 58.891888
6672.285, 300.424187, 58.907342
8404.319, 300.455101, 58.935389
8890.293, 300.618985, 59.086556
2641.501, 300.391200, 58.877873
21831.271, 300.442051, 58.925709
7023.983, 300.493949, 58.974232
10617.721, 300.524653, 59.002292
6302.555, 300.546662, 59.021430
22891.967, 300.716431, 59.176863
16803.296, 300.459135, 58.943624
18097.851, 300.481475, 58.964208
2227.392, 300.549958, 59.025050
39457.028, 300.474376, 58.960149
2670.431, 300.568158, 59.043596
26541.879, 300.439624, 58.930218
14133.441, 300.608455, 59.084551
9756.748, 300.409291, 58.903063
8381.610, 300.508085, 58.992896
6677.036, 300.535648, 59.020197
3537.879, 300.482804, 58.972715
52332.216, 300.391494, 58.893097
27804.869, 300.399205, 58.898824
4879.248, 300.412881, 58.910260
2658.426, 300.475142, 58.969230
22777.880, 300.490912, 58.986916
46807.655, 300.677805, 59.158197
77459.083, 300.366857, 58.881606
8330.087, 300.462886, 58.960306
41377.196, 300.501659, 58.998569
9662.441, 300.555860, 59.045917
3147.346, 300.508162, 59.002994
63662.661, 300.525001, 59.021861
9867.574, 300.732904, 59.208041
89533.299, 300.384826, 58.897483
58184.967, 300.398270, 58.911585
3615.491, 300.457529, 58.959107
163511.584, 300.509005, 59.011946
5284.857, 300.560386, 59.052802
94952.191, 300.627105, 59.119188
4427.395, 300.491278, 58.992191
28944.663, 300.484961, 58.989940
36201.431, 300.402624, 58.916051
2284.187, 300.724613, 59.206451
16665.124, 300.754965, 59.236189
2734.056, 300.428048, 58.937578
14624.473, 300.448738, 58.958290
72063.158, 300.540963, 59.045204
14190.809, 300.411970, 58.928394
2664.567, 300.419547, 58.933596
4846.639, 300.457880, 58.968991
10235.988, 300.554503, 59.057617
15196.756, 300.611705, 59.110324
3972.752, 300.365634, 58.886454
9371.765, 300.591758, 59.094480
12053.005, 300.694128, 59.187568
3107.571, 300.516108, 59.025020
5341.409, 300.433399, 58.950717
5787.079, 300.571056, 59.076400
21534.774, 300.660971, 59.160096
33743.698, 300.750136, 59.241654
14627.203, 300.374413, 58.899239
8506.147, 300.715178, 59.209476
23720.705, 300.669428, 59.171289
31635.821, 300.414604, 58.939579
11918.720, 300.363185, 58.891358
4422.665, 300.578447, 59.088589
14120.084, 300.366498, 58.896173
2657.903, 300.477480, 58.996688
69380.596, 300.411434, 58.944792
28297.086, 300.504291, 59.026239
26942.438, 300.588286, 59.102053
38800.929, 300.709327, 59.212835
8050.273, 300.402460, 58.930909
50928.761, 300.579894, 59.096438
7079.649, 300.430671, 58.958183
2173.762, 300.447992, 58.973383
5320.954, 300.434906, 58.963875
49346.481, 300.349451, 58.890854
10156.845, 300.373417, 58.909649
29645.757, 300.455843, 58.988097
15002.264, 300.472080, 59.002416
4494.801, 300.618983, 59.133413
2210.561, 300.673411, 59.182763
66238.529, 300.357445, 58.898903
18094.928, 300.372509, 58.912824
9834.805, 300.606461, 59.124189
12026.302, 300.680187, 59.190654
17194.447, 300.379042, 58.918413
3076.730, 300.417716, 58.952525
2225.930, 300.436184, 58.969172
24507.309, 300.635688, 59.153505
9715.438, 300.532658, 59.061538
15842.875, 300.741161, 59.251893
2657.866, 300.383737, 58.924574
7137.491, 300.464608, 59.000008
22803.945, 300.574038, 59.101403
24647.529, 300.639204, 59.161217
10152.315, 300.387335, 58.929970
3095.543, 300.473008, 59.008122
11918.849, 300.628649, 59.151166
4033.662, 300.642940, 59.164453
24781.503, 300.500588, 59.037390
73333.096, 300.432554, 58.983357
5252.780, 300.476889, 59.016524
6212.184, 300.347252, 58.897892
9728.274, 300.423166, 58.968020
5797.617, 300.507842, 59.045937
4358.243, 300.367570, 58.917325
32127.187, 300.441820, 58.989495
11639.622, 300.528907, 59.066703
7087.720, 300.562911, 59.097258
64445.394, 300.611836, 59.146079
8392.780, 300.353922, 58.907507
29908.097, 300.360416, 58.915517
12003.607, 300.392347, 58.942994
3973.348, 300.427881, 58.975244
3109.544, 300.447843, 58.993529
23588.900, 300.566050, 59.103018
16325.458, 300.401921, 58.953064
6610.416, 300.480042, 59.024763
67748.519, 300.538303, 59.083941
3931.396, 300.454331, 59.001976
16950.552, 300.665462, 59.196326
16315.111, 300.366708, 58.923649
3123.779, 300.374020, 58.928809
13786.099, 300.526005, 59.069943
4941.476, 300.589173, 59.126313
11625.252, 300.599654, 59.136628
5361.247, 300.661950, 59.192632
8998.824, 300.675422, 59.204784
14520.107, 300.360277, 58.919633
20730.942, 300.463506, 59.015732
3580.915, 300.696219, 59.225423
4826.145, 300.335285, 58.896867
17054.386, 300.342867, 58.905732
133879.173, 300.367576, 58.936280
5674.690, 300.330029, 58.892680
14095.828, 300.415941, 58.974034
12467.405, 300.582498, 59.124930
2207.246, 300.490443, 59.040457
6195.293, 300.499430, 59.049800
2223.346, 300.558215, 59.102826
25207.356, 300.347425, 58.913677
32838.975, 300.510779, 59.062625
27290.542, 300.612713, 59.157377
68067.192, 300.661072, 59.202535
4071.519, 300.554775, 59.103476
53713.301, 300.558399, 59.109053
3556.267, 300.435691, 58.994977
5357.373, 300.488793, 59.044162
27991.710, 300.327374, 58.899067
13536.697, 300.380557, 58.947705
23446.039, 300.386288, 58.953428
7971.713, 300.409197, 58.974019
6174.746, 300.523865, 59.079511
106111.597, 300.534529, 59.095000
12852.901, 300.320807, 58.895735
4058.603, 300.476751, 59.037292
15483.267, 300.495763, 59.055456
185443.700, 300.320485, 58.908818
4900.953, 300.351454, 58.923239
15457.937, 300.426634, 58.994271
6629.710, 300.708867, 59.249727
17322.447, 300.358517, 58.932936
16872.925, 300.396529, 58.968162
11496.416, 300.499443, 59.061315
3999.388, 300.588900, 59.142517
7047.027, 300.335282, 58.911730
20818.641, 300.711150, 59.256316
19152.956, 300.451992, 59.020935
21146.747, 300.475930, 59.042209
29487.079, 300.609591, 59.166004
3962.018, 300.635249, 59.186950
8840.510, 300.372308, 58.948537
6156.312, 300.405864, 58.979061
37445.045, 300.409138, 58.986191
4854.817, 300.320974, 58.901679
96104.766, 300.435851, 59.014072
2269.076, 300.462764, 59.031251
8373.608, 300.584053, 59.143460
5726.475, 300.341660, 58.921943
42985.383, 300.477248, 59.050419
10644.211, 300.416072, 58.994025
21182.981, 300.671700, 59.226697
21566.764, 300.424664, 59.003277
136146.012, 300.531261, 59.106788
33727.728, 300.308870, 58.898916
2140.676, 300.489600, 59.060717
6194.311, 300.653352, 59.210983
5332.951, 300.418756, 58.997597
19745.902, 300.544534, 59.113442
4030.588, 300.360137, 58.945035
11521.484, 300.373871, 58.958211
8325.661, 300.329070, 58.918116
16960.381, 300.610179, 59.175574
6230.250, 300.326111, 58.915860
7057.785, 300.620415, 59.184579
2183.695, 300.365275, 58.951711
11470.807, 300.424685, 59.007876
23838.204, 300.468718, 59.049755
2216.758, 300.479900, 59.057797
28880.688, 300.592208, 59.163044
2674.659, 300.643926, 59.207704
14819.182, 300.489494, 59.069398
36834.557, 300.633477, 59.201557
24812.204, 300.388005, 58.983380
48404.919, 300.434177, 59.022791
11999.875, 300.577923, 59.150200
3527.459, 300.399924, 58.987611
4906.019, 300.414942, 59.002148
24423.997, 300.598303, 59.172012
2681.489, 300.657909, 59.222613
10742.054, 300.665381, 59.230260
10305.205, 300.675965, 59.239509
37867.487, 300.690523, 59.254752
14101.926, 300.340110, 58.936336
2221.689, 300.366226, 58.958195
36666.221, 300.405373, 58.997975
6596.942, 300.552613, 59.130853
2679.132, 300.382359, 58.974750
7540.615, 300.491737, 59.076245
7051.597, 300.333944, 58.931318
3520.496, 300.343220, 58.939662
3611.736, 300.518957, 59.100757
6627.205, 300.324428, 58.923736
6175.852, 300.460382, 59.048914
20234.525, 300.566445, 59.147069
21352.906, 300.553178, 59.135697
4040.263, 300.643028, 59.215478
6643.577, 300.648229, 59.220425
18945.599, 300.363689, 58.962667
4457.232, 300.473807, 59.062895
37013.296, 300.676898, 59.249875
4488.496, 300.309045, 58.912697
3120.607, 300.535102, 59.119716
35206.745, 300.294298, 58.904519
5710.536, 300.486140, 59.076455
20292.210, 300.340050, 58.944853
30585.258, 300.507240, 59.098419
8080.391, 300.647399, 59.223829
5705.081, 300.349446, 58.952630
9386.723, 300.418695, 59.016878
28921.988, 300.576142, 59.162470
66424.028, 300.612059, 59.196515
19369.516, 300.392707, 58.995388
9211.309, 300.351955, 58.958323
6278.328, 300.555250, 59.144540
39709.950, 300.592141, 59.180873
3979.664, 300.359496, 58.965908
18253.075, 300.655837, 59.240303
13669.660, 300.304005, 58.917721
8791.022, 300.332731, 58.943085
15858.525, 300.350323, 58.963539
28662.203, 300.673415, 59.255607
21616.631, 300.298190, 58.913482
11892.186, 300.316033, 58.928877
26936.082, 300.370598, 58.980705
2701.419, 300.383348, 58.990264
11342.267, 300.436741, 59.040717
7973.984, 300.405914, 59.012791
2273.503, 300.482356, 59.081407
18328.767, 300.529231, 59.126110
26483.434, 300.430373, 59.037348
55095.489, 300.446741, 59.057599
2214.175, 300.494946, 59.094283
16284.911, 300.545687, 59.142459
23065.803, 300.573669, 59.167710
23963.282, 300.536015, 59.134749
6703.873, 300.441634, 59.047650
82468.962, 300.480931, 59.090171
261030.472, 300.481178, 59.100309
9253.684, 300.504869, 59.106067
24086.021, 300.338342, 58.955942
5255.298, 300.363844, 58.977980
4816.233, 300.470640, 59.076437
3537.222, 300.672218, 59.259235
29436.883, 300.418283, 59.031859
6199.640, 300.498730, 59.102635
43319.619, 300.276172, 58.907343
3580.875, 300.285172, 58.908946
44779.845, 300.316205, 58.941086
7987.392, 300.402168, 59.017628
7486.434, 300.430793, 59.045500
56910.174, 300.648336, 59.245117
64653.926, 300.334982, 58.962103
137728.944, 300.355843, 58.981667
7956.724, 300.371678, 58.989892
7080.857, 300.440386, 59.053086
2268.166, 300.343796, 58.964953
3119.272, 300.375415, 58.993658
2251.856, 300.372223, 58.992484
5314.809, 300.469622, 59.083392
17163.469, 300.364231, 58.988065
9804.116, 300.423331, 59.043726
3626.809, 300.598225, 59.201054
32078.522, 300.279973, 58.913919
3596.902, 300.518759, 59.130449
72538.977, 300.322898, 58.956980
2645.995, 300.446913, 59.066447
3982.781, 300.497194, 59.112361
15863.529, 300.311499, 58.944559
6193.579, 300.344590, 58.974139
6617.906, 300.373106, 59.001692
34567.468, 300.649143, 59.254325
6605.766, 300.393690, 59.019585
3577.370, 300.461142, 59.080899
3540.046, 300.336724, 58.967720
39147.168, 300.605501, 59.217077
3988.527, 300.293364, 58.928568
23381.416, 300.280654, 58.922939
17210.472, 300.385845, 59.016977
3548.036, 300.572021, 59.184526
3052.180, 300.274630, 58.912834
10639.501, 300.355933, 58.990281
15592.046, 300.308280, 58.947718
64735.289, 300.570173, 59.190757
37277.993, 300.336781, 58.979007
6663.260, 300.430764, 59.062819
31913.506, 300.625133, 59.242440
2649.002, 300.300004, 58.942121
5341.186, 300.362898, 59.000720
5717.339, 300.270695, 58.917084
209396.832, 300.323985, 58.973553
6660.598, 300.417333, 59.052107
26091.214, 300.590798, 59.213152
2186.580, 300.284982, 58.932669
4054.330, 300.407184, 59.045176
14022.431, 300.317350, 58.964944
2283.221, 300.423313, 59.060300
11709.968, 300.595646, 59.219171
12807.489, 300.292338, 58.941820
16257.513, 300.257488, 58.912279
7984.651, 300.295630, 58.946479
13756.786, 300.304089, 58.955806
12307.675, 300.355805, 59.002470
50904.320, 300.393035, 59.038866
3511.157, 300.449602, 59.087854
14131.999, 300.498078, 59.134490
24929.741, 300.614944, 59.240092
8344.636, 300.337912, 58.986116
41675.359, 300.339056, 58.990837
13278.671, 300.380765, 59.027191
62903.150, 300.602352, 59.231926
2688.062, 300.371494, 59.018371
15863.554, 300.266209, 58.924382
2227.028, 300.312375, 58.964949
5709.920, 300.329346, 58.980731
8447.389, 300.258328, 58.916918
3999.118, 300.286401, 58.942201
124805.543, 300.289226, 58.953059
191078.868, 300.362731, 59.029878
2661.296, 300.563298, 59.195329
48813.248, 300.590766, 59.223319
34206.978, 300.452012, 59.098228
4847.876, 300.261557, 58.920131
3145.416, 300.308509, 58.963735
118883.265, 300.483801, 59.131791
21749.090, 300.275885, 58.937638
14210.309, 300.627234, 59.257782
5357.638, 300.302271, 58.960275
55928.968, 300.391070, 59.046934
5774.064, 300.424576, 59.073993
4459.997, 300.314082, 58.972651
7052.719, 300.328247, 58.985843
5822.344, 300.525595, 59.166644
4390.717, 300.561613, 59.199295
2232.802, 300.364908, 59.019456
16489.330, 300.377074, 59.032785
10596.010, 300.515037, 59.158483
4407.371, 300.249219, 58.915346
31479.829, 300.303072, 58.969790
17490.737, 300.570415, 59.213264
81767.822, 300.585334, 59.234730
5727.408, 300.282266, 58.948572
11986.026, 300.458831, 59.110967
33076.792, 300.580176, 59.223788
5720.338, 300.244169, 58.914908
8388.367, 300.264948, 58.933971
3960.144, 300.298158, 58.965011
13494.295, 300.550702, 59.196030
9642.259, 300.382519, 59.043022
6262.525, 300.468956, 59.122088
2185.982, 300.326179, 58.990787
27097.582, 300.373618, 59.037897
72250.229, 300.471907, 59.130463
9307.069, 300.509071, 59.160835
2697.352, 300.244842, 58.917706
9338.840, 300.350960, 59.017935
11842.051, 300.253809, 58.929587
3520.993, 300.410801, 59.073345
37579.197, 300.308692, 58.983039
7088.000, 300.523572, 59.178197
10627.073, 300.534765, 59.188581
27772.448, 300.302901, 58.978558
11426.425, 300.373857, 59.042219
4061.273, 300.612544, 59.259139
5306.299, 300.336900, 59.008520
22067.735, 300.238291, 58.920700
29967.592, 300.288209, 58.967480
6215.791, 300.353341, 59.024819
38403.886, 300.489646, 59.152059
5241.791, 300.270817, 58.948492
26761.325, 300.561191, 59.217491
9317.823, 300.258730, 58.939703
12332.431, 300.383040, 59.054062
49123.907, 300.505316, 59.167162
16018.556, 300.601464, 59.253457
28601.122, 300.250634, 58.933715
60939.292, 300.425816, 59.096194
12315.667, 300.373772, 59.047729
22975.180, 300.452137, 59.119734
32902.032, 300.530446, 59.191730
10710.892, 300.586519, 59.241065
3054.482, 300.328647, 59.006176
6165.323, 300.273026, 58.955892
3509.097, 300.330849, 59.008929
41859.626, 300.520266, 59.186584
