# Source Fluxes and Coordinates
# Flux (e-/s), RA (deg), Dec (deg)
431492.820, 301.205800, 58.921256
17790.425, 301.291715, 58.993747
17088.310, 301.263365, 58.969102
972701.149, 301.099787, 58.834705
63910.939, 301.242290, 58.953893
3581.012, 301.047625, 58.775684
8788.956, 301.092001, 58.818527
3939.217, 301.042735, 58.775443
2614.363, 301.271445, 58.980709
13482.916, 301.094902, 58.825803
2160.805, 301.004384, 58.742964
6188.302, 301.135386, 58.862089
10264.878, 300.990197, 58.732297
84426.514, 300.992210, 58.737688
23205.747, 300.958749, 58.706536
73193.666, 301.036474, 58.785741
8412.959, 301.140245, 58.870824
9800.454, 301.362490, 59.070366
8349.185, 301.007657, 58.753987
30950.251, 301.234496, 58.961177
3569.163, 301.247532, 58.969644
15412.155, 301.349286, 59.063411
4875.421, 301.010015, 58.760433
9187.605, 301.028593, 58.778032
2693.140, 301.180098, 58.915316
17267.272, 301.142292, 58.883829
7495.283, 301.110280, 58.855116
8036.536, 301.115437, 58.859513
23458.405, 301.054613, 58.807912
49869.287, 301.093342, 58.845523
3048.802, 301.006116, 58.763767
15520.405, 301.116771, 58.866097
7511.530, 301.021948, 58.779792
4454.817, 301.131216, 58.878334
2246.065, 301.152093, 58.896878
62319.483, 301.056399, 58.817281
5676.019, 301.048414, 58.805443
4909.415, 301.303822, 59.034952
23227.330, 301.177842, 58.926821
2667.149, 301.002077, 58.766740
4849.183, 301.293773, 59.030088
4816.704, 300.993267, 58.763126
3984.112, 301.025441, 58.791850
20193.772, 301.026651, 58.794785
47112.403, 300.973980, 58.748867
2660.497, 301.169989, 58.922785
7526.641, 301.271407, 59.014224
5243.873, 300.936850, 58.714139
13292.104, 301.084912, 58.849214
64074.520, 301.293832, 59.039070
20070.409, 301.099863, 58.864261
53791.077, 300.957808, 58.737288
3519.267, 301.018041, 58.790200
3518.743, 301.203144, 58.956773
12011.241, 301.009419, 58.785197
8409.052, 301.062076, 58.835656
77222.487, 301.311454, 59.062485
2601.891, 300.927105, 58.714985
4343.485, 301.000128, 58.781295
41058.974, 301.181644, 58.947913
3078.530, 300.937025, 58.725682
4943.898, 301.207139, 58.970622
11186.641, 301.283290, 59.039181
25459.382, 300.982214, 58.772963
34823.889, 301.010583, 58.798817
18180.544, 301.111782, 58.888753
3086.268, 300.994288, 58.782936
29983.731, 301.134755, 58.911694
103146.948, 301.202467, 58.976318
2220.544, 301.322638, 59.077776
59698.868, 300.928909, 58.730840
4380.231, 300.926219, 58.725920
6150.687, 301.028261, 58.820388
54930.157, 301.167386, 58.949552
36718.547, 301.253255, 59.025301
29491.757, 301.135159, 58.920976
24372.028, 301.209007, 58.986963
4448.161, 300.978769, 58.777847
34909.427, 301.054484, 58.850158
7162.817, 301.268690, 59.039380
28885.480, 300.981765, 58.786274
9691.675, 301.034547, 58.830924
37963.089, 301.143800, 58.931067
57608.111, 301.011875, 58.820111
2629.287, 301.078740, 58.870883
29928.278, 300.943670, 58.752232
63144.210, 301.170847, 58.958928
21695.151, 301.065173, 58.865025
2649.274, 301.021262, 58.824825
56477.236, 301.153165, 58.947839
131361.701, 300.902351, 58.724540
2620.018, 300.995837, 58.806011
12374.523, 300.941323, 58.759619
20367.272, 301.107918, 58.910487
22661.053, 301.088196, 58.895116
4460.118, 301.246737, 59.036675
18494.798, 300.901463, 58.729904
7849.510, 300.931707, 58.755973
12694.388, 300.945376, 58.769568
12509.512, 301.293533, 59.082607
61585.563, 301.110632, 58.926845
5340.834, 301.264893, 59.058024
3951.010, 300.908110, 58.736834
15297.605, 300.985999, 58.811487
2166.094, 301.004776, 58.828856
27417.573, 300.888924, 58.726994
5723.904, 300.957065, 58.787164
6576.627, 300.987862, 58.816719
31684.272, 301.045303, 58.872708
117437.436, 301.068375, 58.896510
14865.867, 301.285117, 59.086737
4348.269, 300.919972, 58.757145
20138.341, 300.940055, 58.780148
2683.065, 300.975026, 58.809209
163154.946, 300.898997, 58.748453
55306.106, 301.104724, 58.933839
55921.320, 300.943076, 58.787986
2647.220, 300.961424, 58.800784
19314.498, 300.974807, 58.814782
31354.142, 301.112791, 58.940942
3054.807, 300.891283, 58.738586
70955.908, 301.167429, 58.994585
24400.910, 300.994979, 58.840218
55445.081, 300.881140, 58.741159
9659.720, 301.045745, 58.887198
11318.545, 301.002305, 58.849422
30306.349, 301.075536, 58.917136
70461.974, 301.015500, 58.865272
382550.297, 300.859342, 58.740914
8820.159, 301.106504, 58.947938
16125.460, 301.019928, 58.871798
21004.214, 301.035608, 58.885891
160528.232, 301.137811, 58.982211
96421.826, 300.885099, 58.754106
3143.525, 300.986142, 58.840887
8339.745, 300.907277, 58.771724
6618.742, 301.041534, 58.892700
27179.536, 301.240273, 59.072990
5262.994, 301.043184, 58.895454
5289.612, 300.927290, 58.792802
8731.504, 300.958617, 58.821814
54020.475, 300.970044, 58.835087
2188.096, 301.129373, 58.974568
10046.363, 300.913017, 58.781024
131915.790, 301.026341, 58.890694
16513.685, 301.188908, 59.032132
2176.829, 300.950183, 58.816263
7959.769, 301.066898, 58.923583
4407.812, 300.942929, 58.812712
29904.425, 300.949695, 58.822903
33770.724, 300.898732, 58.776799
26452.422, 300.955219, 58.827621
68731.771, 300.999754, 58.871717
6537.593, 300.915385, 58.790045
10053.810, 300.881286, 58.760477
3516.670, 300.910666, 58.786528
4780.999, 300.924796, 58.799418
14595.659, 301.014775, 58.882032
32710.438, 301.055695, 58.921886
4834.618, 301.062080, 58.925554
25019.984, 301.140898, 58.998592
13166.549, 300.883700, 58.766663
2225.079, 301.039987, 58.906187
2187.328, 300.866690, 58.749622
2688.253, 300.915682, 58.794198
2643.980, 300.978003, 58.852119
39747.500, 300.957186, 58.839176
3564.980, 301.097061, 58.960861
3020.181, 300.857065, 58.747120
3101.554, 301.058343, 58.929369
6575.625, 300.862878, 58.755087
2170.897, 300.918192, 58.805518
7576.601, 301.213224, 59.072782
37702.751, 300.851543, 58.751968
3125.686, 300.957535, 58.844054
68789.488, 301.202433, 59.068552
118350.177, 300.862604, 58.766268
13175.255, 300.951274, 58.842723
36506.387, 301.066270, 58.947831
2666.143, 300.875164, 58.772180
4041.452, 301.011621, 58.897250
18297.345, 301.106336, 58.984692
7015.581, 300.907965, 58.804487
144094.762, 301.023121, 58.914234
6654.259, 300.878935, 58.781179
7949.752, 300.923324, 58.819750
7454.591, 300.919718, 58.816846
2224.134, 300.988144, 58.878296
6567.499, 300.970798, 58.866182
36714.714, 301.111197, 58.995108
4769.298, 301.037280, 58.930129
6538.039, 300.865673, 58.775112
6147.072, 300.950904, 58.852950
8307.305, 300.844725, 58.756993
38472.097, 301.047234, 58.943046
116539.880, 301.132016, 59.022241
2213.204, 300.861124, 58.771921
70816.580, 300.982429, 58.889134
58927.965, 301.120014, 59.012879
62189.563, 300.915624, 58.830541
3522.010, 300.924708, 58.834833
7598.290, 300.959566, 58.866492
3956.529, 300.850163, 58.768229
11366.251, 300.962731, 58.872202
11858.836, 300.988251, 58.895712
3981.787, 300.991703, 58.899554
5736.877, 300.833183, 58.756529
3076.285, 300.871064, 58.791291
13138.955, 300.835399, 58.761475
2599.834, 300.847811, 58.772194
107896.149, 300.934854, 58.858834
2648.141, 300.842148, 58.768995
10576.097, 300.822998, 58.755588
25478.849, 301.141644, 59.043441
2608.257, 300.906528, 58.829662
58243.960, 301.193933, 59.092339
690103.821, 300.818437, 58.765857
29688.941, 301.101216, 59.008848
3530.437, 300.886982, 58.813711
6922.789, 300.850307, 58.781114
4896.607, 300.856261, 58.786924
13609.936, 300.986258, 58.907048
25867.005, 301.074987, 58.986309
106091.340, 300.837950, 58.779667
2635.463, 300.926401, 58.850912
14068.405, 300.975743, 58.896830
5227.596, 300.998109, 58.916018
15174.315, 301.174697, 59.076530
37523.486, 300.901634, 58.835397
7508.228, 301.063713, 58.978008
6296.555, 301.067456, 58.981935
2656.352, 300.879027, 58.812653
5256.974, 301.050548, 58.968650
13554.642, 300.850180, 58.790173
7991.886, 301.151211, 59.061090
31693.385, 301.092308, 59.011603
44787.581, 301.139515, 59.054809
5253.825, 301.011385, 58.937882
4378.061, 300.872908, 58.814645
3535.095, 300.885676, 58.825103
3541.994, 300.936418, 58.873664
33979.652, 300.884770, 58.831959
30152.817, 301.014974, 58.948277
48626.578, 300.923992, 58.867547
31681.439, 300.968620, 58.908267
2200.247, 300.984863, 58.919386
2204.373, 300.840898, 58.791649
12934.581, 301.041374, 58.975311
44441.125, 301.058634, 58.992840
8038.689, 300.985138, 58.924829
2631.064, 300.846004, 58.798708
4821.956, 300.893882, 58.844360
6066.315, 300.838129, 58.794876
16733.606, 300.848733, 58.806276
4322.047, 300.873381, 58.826847
43877.490, 301.160076, 59.087515
62380.399, 300.819892, 58.783145
5686.094, 300.845378, 58.803135
3536.157, 301.102801, 59.035541
2624.262, 300.804955, 58.766481
4844.276, 300.900494, 58.854470
3435.124, 300.830669, 58.793960
4425.236, 300.840686, 58.802989
48065.144, 300.980107, 58.933963
90669.371, 301.023797, 58.976261
34178.344, 301.144905, 59.081590
6595.751, 300.874476, 58.837335
33503.752, 301.130780, 59.070386
4428.079, 300.810154, 58.779366
6977.051, 300.885931, 58.849208
3531.773, 301.000504, 58.951488
31368.135, 300.797057, 58.769277
23296.268, 300.940201, 58.900750
28661.308, 301.090150, 59.035145
79939.104, 300.820746, 58.797448
13674.443, 300.837034, 58.806969
19258.296, 300.900030, 58.863291
8780.016, 300.789820, 58.763962
4390.623, 301.004222, 58.959549
15727.828, 300.803502, 58.779899
25745.269, 300.891950, 58.862286
28045.597, 301.076904, 59.029083
22268.984, 301.110583, 59.058678
2275.624, 300.948457, 58.910777
7501.215, 300.875038, 58.847980
55287.543, 300.847581, 58.827480
27051.068, 300.974810, 58.940575
53839.186, 300.924746, 58.901219
4005.248, 300.942841, 58.910016
2649.912, 300.912448, 58.883573
4352.989, 300.914133, 58.886407
4405.361, 300.807252, 58.790168
2621.110, 300.835986, 58.815510
15539.887, 300.961089, 58.930436
89153.942, 301.020283, 58.991732
25833.819, 300.804296, 58.795673
2659.172, 300.885549, 58.865345
2679.491, 300.835631, 58.820956
3484.138, 300.916432, 58.894976
20636.634, 300.990991, 58.964129
3075.479, 300.904340, 58.884746
18624.383, 300.926818, 58.906799
4354.176, 300.946621, 58.923462
17830.886, 301.002674, 58.975429
83987.130, 300.960957, 58.941514
39274.005, 301.113654, 59.076916
109868.653, 300.858990, 58.853657
17917.674, 300.890561, 58.876083
3503.670, 300.819785, 58.811375
74694.709, 300.774450, 58.776722
16689.376, 300.978364, 58.958067
38597.257, 301.143939, 59.110064
8292.539, 300.767387, 58.769176
6606.271, 300.900893, 58.889127
32816.845, 301.093220, 59.064663
3489.012, 300.826794, 58.822811
3181.218, 301.153305, 59.116913
16164.893, 300.761129, 58.767435
9189.300, 300.871111, 58.866992
45813.502, 301.112234, 59.087012
198255.728, 301.017071, 59.006863
97371.363, 300.785562, 58.798730
3581.548, 300.837305, 58.837416
13497.107, 300.863816, 58.863306
19300.556, 300.846586, 58.847786
16802.050, 300.887993, 58.886264
6061.039, 300.783686, 58.791997
3485.464, 300.805350, 58.810839
3129.190, 300.922452, 58.917349
64277.320, 300.871153, 58.875181
20946.841, 300.791894, 58.805093
4386.340, 300.823383, 58.832461
11891.978, 300.768486, 58.785017
47195.498, 301.021923, 59.016999
53276.824, 300.805357, 58.822686
12360.319, 300.977269, 58.975437
13199.659, 300.920236, 58.926296
23143.803, 301.030837, 59.025562
11791.152, 301.088413, 59.075786
45494.609, 300.767064, 58.789501
11837.448, 300.793001, 58.811940
25804.248, 300.960921, 58.965428
49693.993, 301.131282, 59.119178
12802.932, 300.755027, 58.778972
6570.211, 300.865873, 58.879308
3542.694, 300.747459, 58.771576
78431.701, 300.743455, 58.776649
38896.658, 301.092405, 59.089128
51274.068, 300.809557, 58.836810
304514.023, 300.899030, 58.922277
6191.935, 300.830789, 58.854808
2238.538, 300.876125, 58.895104
3509.789, 300.777871, 58.806302
2659.417, 301.069541, 59.070144
43974.490, 300.751425, 58.787449
9381.693, 301.077634, 59.081173
51214.268, 300.773384, 58.811605
2634.904, 300.736403, 58.772920
2145.165, 300.860588, 58.885876
3055.024, 300.938317, 58.956370
9318.156, 300.871278, 58.898147
34162.738, 300.958798, 58.979527
3554.372, 300.831876, 58.864222
2163.428, 301.102084, 59.108577
11477.427, 300.862055, 58.895881
7048.317, 300.765226, 58.809178
56919.800, 300.832140, 58.873784
12744.511, 301.032997, 59.052464
3503.837, 300.855853, 58.892092
8069.015, 301.104005, 59.116311
34899.127, 300.743660, 58.793610
27499.291, 300.844131, 58.885056
3067.532, 300.869028, 58.905028
3535.448, 300.896246, 58.929255
55624.588, 300.954230, 58.985693
38692.124, 301.042262, 59.065547
19258.187, 300.797988, 58.845553
18916.143, 300.835842, 58.881347
8769.147, 300.789357, 58.837913
5151.812, 300.942063, 58.977475
3037.364, 300.751749, 58.804178
5291.767, 300.778927, 58.830555
20098.285, 300.743107, 58.800067
5375.296, 300.823427, 58.871791
7928.712, 301.083408, 59.108603
3475.414, 300.735048, 58.792768
2654.306, 300.790303, 58.843750
64921.652, 301.017755, 59.053306
46286.479, 301.053007, 59.085939
6632.451, 300.837880, 58.890864
28820.535, 300.887116, 58.938477
8416.204, 300.731467, 58.795535
3160.465, 300.764201, 58.824555
32187.304, 300.763027, 58.829434
4410.043, 300.879017, 58.932085
33064.476, 300.718272, 58.789707
4425.181, 300.858533, 58.915288
15352.377, 300.859331, 58.919678
46026.103, 301.031168, 59.074755
4401.457, 300.791336, 58.855631
18660.414, 300.814804, 58.877372
58265.706, 300.830572, 58.895896
9266.227, 300.842349, 58.904049
7870.795, 300.707898, 58.782296
59164.512, 300.926337, 58.985139
4031.905, 300.871123, 58.931990
18357.898, 301.047982, 59.093247
29289.722, 300.737946, 58.815464
32796.615, 300.948234, 59.005055
3987.563, 300.774160, 58.845532
86519.135, 300.845547, 58.917582
11819.599, 300.789498, 58.863914
31054.099, 300.976687, 59.036557
14232.076, 301.058551, 59.110939
35929.509, 300.868014, 58.942175
39126.027, 301.075413, 59.129035
8431.288, 300.970796, 59.033541
13559.644, 300.696107, 58.785477
31105.093, 300.874558, 58.949932
10909.071, 300.885246, 58.957358
3476.224, 300.803503, 58.883324
47109.639, 300.914251, 58.987361
6087.001, 300.755797, 58.841988
28517.564, 300.782954, 58.868735
13582.545, 300.698060, 58.790761
34109.162, 300.958431, 59.030075
4465.098, 301.048845, 59.109138
5618.906, 300.829643, 58.912760
3556.862, 300.834640, 58.917392
7493.800, 300.761980, 58.852964
20647.254, 300.767713, 58.859284
128615.104, 300.714967, 58.821673
4851.606, 300.884014, 58.964031
6200.642, 301.023942, 59.090480
11860.860, 300.775040, 58.866516
15586.934, 301.073374, 59.136482
12520.228, 301.036355, 59.104283
5718.980, 300.800896, 58.891352
3952.094, 300.752648, 58.848033
10928.219, 300.782591, 58.877418
14273.643, 301.026627, 59.098067
4842.928, 300.815888, 58.908613
33046.832, 300.868462, 58.957142
2194.006, 300.813512, 58.905824
10061.257, 300.702235, 58.805749
9695.212, 300.776792, 58.874408
303477.126, 300.955383, 59.045192
85715.519, 300.993770, 59.075365
8323.490, 300.764957, 58.864851
5695.291, 300.841539, 58.933653
24827.252, 300.843155, 58.939896
4013.952, 300.938895, 59.024228
5725.013, 300.696085, 58.805022
27177.015, 300.790196, 58.893335
30167.220, 300.726586, 58.836706
4039.832, 300.803336, 58.904643
52554.034, 300.871610, 58.969811
7073.637, 300.743274, 58.851505
2620.241, 300.750395, 58.858317
41304.504, 300.767901, 58.877454
12889.674, 300.939952, 59.031477
12630.628, 300.792646, 58.898807
2650.638, 300.830905, 58.932001
4041.745, 300.816577, 58.920816
193510.852, 300.751466, 58.872146
16752.528, 300.863323, 58.965119
16698.624, 300.884363, 58.983855
46152.904, 300.896878, 58.997072
7882.207, 301.030968, 59.115672
70733.361, 300.775315, 58.889315
28980.834, 300.891686, 58.992676
5306.353, 301.066307, 59.147521
11519.594, 300.698506, 58.816737
3110.789, 300.824165, 58.929655
2647.283, 300.987599, 59.078162
63585.628, 300.666723, 58.794619
10979.171, 300.688639, 58.809364
9204.440, 300.739582, 58.854836
27466.783, 300.714543, 58.834777
2169.755, 300.814532, 58.923586
3573.327, 300.782801, 58.895350
8390.030, 300.796933, 58.909963
17740.170, 300.883845, 58.989141
54738.452, 300.674644, 58.804259
5708.719, 300.720887, 58.843789
21241.723, 300.907935, 59.014997
10107.786, 300.777554, 58.897486
7037.127, 300.807060, 58.922956
14190.803, 300.972804, 59.076745
9653.939, 300.678313, 58.810026
19001.889, 300.829601, 58.947839
11801.187, 300.752845, 58.879985
4418.821, 300.665173, 58.799151
2614.860, 300.699696, 58.830730
24519.552, 300.779647, 58.907089
21085.407, 300.863381, 58.981401
7857.631, 300.712119, 58.843619
23621.246, 300.704710, 58.840633
141507.607, 300.751742, 58.890727
7039.583, 300.795606, 58.921437
11821.034, 300.784348, 58.913631
49848.323, 300.880447, 59.002086
6198.763, 300.721329, 58.854980
7472.534, 300.731840, 58.866537
31895.543, 300.964183, 59.077964
9570.138, 300.700035, 58.837146
41442.058, 300.662843, 58.807562
3960.250, 300.802982, 58.933417
53516.249, 300.937459, 59.058279
22264.092, 301.019342, 59.130294
5722.889, 300.682305, 58.824946
5726.505, 300.690019, 58.831200
3918.339, 300.692315, 58.835375
3545.100, 300.744568, 58.883247
200178.232, 300.814003, 58.954334
9160.238, 300.699433, 58.843922
26571.936, 300.703740, 58.849231
77752.791, 300.828218, 58.964890
14054.068, 300.992558, 59.109649
4002.166, 300.813355, 58.948183
90761.146, 301.034272, 59.151749
3487.867, 300.686052, 58.832549
10072.334, 300.757137, 58.899535
31262.303, 300.885255, 59.017004
5648.842, 300.650296, 58.803416
15431.276, 300.723887, 58.870920
38571.593, 300.924992, 59.054680
119323.429, 300.673811, 58.831263
2611.856, 300.808997, 58.946453
8743.174, 300.782288, 58.924521
3532.994, 300.711280, 58.859836
14421.518, 300.727733, 58.879108
19043.155, 301.008053, 59.130785
4357.161, 300.693971, 58.845839
19434.700, 300.736270, 58.887703
2662.793, 300.689076, 58.842817
4839.592, 300.711680, 58.863544
7004.314, 300.790263, 58.935377
71346.770, 300.837753, 58.982674
3104.713, 300.717695, 58.869556
29922.114, 300.753743, 58.906463
6656.784, 300.730765, 58.883914
4879.505, 300.782784, 58.931306
47863.280, 300.922780, 59.060875
11432.899, 300.795025, 58.944299
4800.237, 300.874414, 59.016542
160690.363, 300.638248, 58.812455
43506.653, 300.685736, 58.851034
133632.005, 300.729654, 58.893401
6545.633, 300.829581, 58.978755
3050.211, 300.662488, 58.826948
196199.375, 300.850367, 59.005018
6167.732, 300.753345, 58.913148
7978.243, 300.635249, 58.805504
13313.684, 300.838025, 58.992466
10546.820, 300.949975, 59.094869
3475.907, 300.665745, 58.836562
21485.000, 300.673114, 58.847189
3142.438, 300.689078, 58.858608
24075.841, 300.775110, 58.939215
3564.929, 300.730092, 58.897025
15054.264, 300.789764, 58.953079
23309.700, 300.650470, 58.829560
3929.941, 300.706842, 58.876590
10667.845, 300.800114, 58.964104
4884.219, 300.643149, 58.821886
27022.230, 300.810715, 58.977460
6964.223, 300.755816, 58.924955
5678.301, 300.678839, 58.855523
3135.921, 301.021409, 59.165227
3036.976, 300.749154, 58.919925
11415.313, 300.621700, 58.806198
2232.695, 300.652212, 58.835597
2204.999, 300.718886, 58.898055
38496.129, 300.780145, 58.956806
64034.728, 300.618956, 58.812315
12813.321, 300.916407, 59.081336
4864.848, 300.689005, 58.874900
7066.748, 300.692364, 58.879582
3113.542, 300.696611, 58.881781
16835.622, 300.823515, 58.999256
2220.247, 300.809113, 58.984651
5312.062, 300.650406, 58.841213
16660.704, 300.726442, 58.912945
52124.901, 301.003385, 59.164742
3935.014, 300.746402, 58.929800
37502.363, 300.826182, 59.004762
3558.819, 300.729370, 58.914918
17198.706, 300.941900, 59.109226
7925.129, 300.862452, 59.037331
5302.960, 300.662292, 58.855887
24620.094, 300.715160, 58.906067
114496.511, 300.982249, 59.152456
12238.731, 300.672806, 58.869597
12007.474, 300.909031, 59.082670
3103.055, 300.643063, 58.840401
37395.391, 300.681247, 58.878050
8784.587, 300.611888, 58.814234
2271.964, 300.706850, 58.900225
71191.947, 300.802316, 58.993482
67224.976, 300.888653, 59.070535
13678.254, 300.632712, 58.837421
5272.977, 300.687123, 58.884920
47507.666, 300.794668, 58.987373
70404.845, 300.829587, 59.020392
4458.232, 301.001190, 59.169944
2669.146, 300.673102, 58.874221
49368.456, 300.991461, 59.165277
18195.995, 300.875847, 59.060825
64905.185, 300.642115, 58.852009
6960.218, 300.681504, 58.886245
20216.425, 300.688839, 58.895077
3031.961, 300.694882, 58.897564
50333.589, 300.730387, 58.934530
2615.519, 301.002351, 59.175591
6984.629, 300.615034, 58.826885
11305.665, 300.749830, 58.953067
38713.179, 300.764329, 58.965639
515577.800, 300.988680, 59.175932
96342.976, 300.652896, 58.872608
3521.586, 300.710571, 58.915509
15384.344, 300.714998, 58.920761
19351.612, 300.772216, 58.974154
7069.119, 300.598238, 58.816236
2209.782, 300.703215, 58.911605
21519.731, 300.647280, 58.865028
32878.493, 300.665664, 58.881710
4856.744, 300.598630, 58.819045
33372.897, 300.601621, 58.825790
3039.343, 300.729147, 58.939282
26721.967, 300.733208, 58.948379
2234.968, 300.697673, 58.912456
27090.731, 300.790850, 58.999121
3559.822, 300.847419, 59.048192
7470.052, 300.686157, 58.903513
65691.067, 300.678060, 58.902210
53623.376, 300.880914, 59.084313
39863.277, 300.964803, 59.159890
6653.922, 300.613374, 58.839128
2197.394, 300.639139, 58.862509
41382.149, 300.739775, 58.958786
33311.094, 300.817891, 59.029495
44026.343, 300.824614, 59.036792
4883.617, 300.774931, 58.989735
14408.214, 300.713609, 58.936731
6636.567, 300.682883, 58.909329
18093.700, 300.776030, 58.995162
11139.276, 300.755713, 58.978443
2171.374, 300.639883, 58.871643
25844.299, 300.895008, 59.106214
6664.275, 300.581287, 58.821317
151842.180, 300.652665, 58.891612
2644.131, 300.713864, 58.941113
78093.073, 300.738730, 58.970296
42828.863, 300.682656, 58.918495
6160.413, 300.834452, 59.054173
4415.101, 300.618225, 58.858152
2639.570, 300.669970, 58.904737
16640.331, 300.661157, 58.900707
16693.099, 300.600758, 58.845576
8374.206, 300.628069, 58.869832
153176.432, 300.905140, 59.126542
2227.629, 300.927741, 59.140537
31361.741, 300.572092, 58.821637
43376.284, 300.948905, 59.164222
50790.241, 300.615843, 58.866636
12509.192, 300.851328, 59.076671
19855.828, 300.887699, 59.111366
379028.983, 300.627955, 58.886234
14293.305, 300.842398, 59.069365
5355.956, 300.590032, 58.839583
6624.190, 300.663323, 58.908218
7115.312, 300.580910, 58.833066
14082.885, 300.793772, 59.026568
4817.588, 300.585134, 58.837205
4020.834, 300.669139, 58.914018
65617.443, 300.599394, 58.856708
4370.726, 300.621280, 58.871188
2612.589, 300.693645, 58.937862
6142.663, 300.679136, 58.926785
28383.425, 300.717183, 58.963068
2215.454, 300.927942, 59.151475
15396.857, 300.582991, 58.842876
3543.993, 300.623438, 58.878978
7428.232, 300.588159, 58.847998
4325.716, 300.643592, 58.898380
29849.544, 300.801933, 59.044581
11834.406, 300.567135, 58.831002
24971.911, 300.598471, 58.862273
7498.173, 300.718681, 58.969055
11904.246, 300.924905, 59.156926
39174.207, 300.938007, 59.169913
12628.675, 300.561059, 58.826836
3535.491, 300.649649, 58.906540
12804.625, 300.603606, 58.866511
101875.210, 300.665418, 58.927131
73106.109, 300.848698, 59.092456
4855.830, 300.678687, 58.934939
3087.244, 300.720112, 58.974066
3117.413, 300.844026, 59.086076
12685.224, 300.555960, 58.828486
2202.099, 300.647737, 58.912131
16001.882, 300.801178, 59.054348
16004.410, 300.891156, 59.135166
6174.177, 300.573524, 58.846461
21061.034, 300.585855, 58.859364
20147.154, 300.952451, 59.192516
2218.283, 300.629293, 58.897637
30834.829, 300.634967, 58.907003
13968.363, 300.689563, 58.955622
10139.073, 300.680876, 58.949602
40015.578, 300.783995, 59.046245
34552.016, 300.622841, 58.902366
10346.942, 300.841615, 59.097863
25960.614, 300.565896, 58.848979
39704.079, 300.617299, 58.897208
21345.427, 300.810471, 59.071863
14459.761, 300.610596, 58.891094
10051.185, 300.550773, 58.836150
6996.025, 300.703597, 58.976343
65824.973, 300.893261, 59.151424
12664.489, 300.630093, 58.912440
12716.273, 300.672472, 58.950866
3570.384, 300.698612, 58.972959
66919.073, 300.875608, 59.136967
6916.817, 300.572215, 58.860014
15318.613, 300.587270, 58.874747
28926.568, 300.661476, 58.942829
32773.782, 300.740661, 59.018329
50416.077, 300.789343, 59.063045
12470.322, 300.543844, 58.836974
24247.931, 300.663606, 58.950085
2630.154, 300.637574, 58.923713
2650.683, 300.706339, 58.987014
2677.555, 300.674905, 58.960896
99561.013, 300.579320, 58.881185
19038.987, 300.675181, 58.964267
2652.373, 300.546088, 58.845386
13232.137, 300.549813, 58.851506
3114.346, 300.741399, 59.025248
18497.481, 300.812307, 59.090810
15994.986, 300.827352, 59.104150
4896.689, 300.586593, 58.885178
11808.299, 300.617789, 58.914579
33709.228, 300.843278, 59.121943
4454.346, 300.535655, 58.840213
11350.208, 300.635620, 58.934124
13231.397, 300.745659, 59.033164
33345.527, 300.777093, 59.063948
12682.874, 300.622238, 58.922078
4405.564, 300.626521, 58.925033
36208.843, 300.655988, 58.954667
8473.803, 300.693282, 58.986836
5714.008, 300.698644, 58.991347
46705.137, 300.537668, 58.849869
3536.639, 300.874558, 59.151710
19536.369, 300.813123, 59.099776
14073.868, 300.613419, 58.918762
6087.248, 300.609010, 58.914773
363151.864, 300.704329, 59.010817
23528.842, 300.742870, 59.038164
3119.073, 300.686566, 58.985741
17431.224, 300.897640, 59.178183
12654.735, 300.543179, 58.856481
5281.568, 300.627988, 58.932921
31004.293, 300.634536, 58.941344
19246.385, 300.518444, 58.836995
3130.801, 300.620575, 58.928902
7201.409, 300.883237, 59.168021
9373.501, 300.771651, 59.068221
2178.673, 300.560306, 58.875238
4419.986, 300.627340, 58.936957
10061.232, 300.572776, 58.888938
2645.925, 300.551399, 58.869339
7069.960, 300.717636, 59.021925
3992.305, 300.889651, 59.177061
6152.390, 300.542362, 58.862920
6135.790, 300.612665, 58.928923
3587.963, 300.845406, 59.139816
3941.079, 300.649726, 58.963224
73683.386, 300.658122, 58.974274
82238.568, 300.577868, 58.908561
17004.804, 300.592866, 58.914683
3043.271, 300.514670, 58.842560
15780.161, 300.522604, 58.851860
51609.960, 300.558387, 58.885468
5274.405, 300.519012, 58.847057
5333.427, 300.576586, 58.899983
39500.112, 300.611615, 58.936118
2666.465, 300.888517, 59.183698
19699.906, 300.539515, 58.868370
23670.920, 300.827891, 59.132159
23827.208, 300.660192, 58.981285
39734.428, 300.740334, 59.054958
43115.594, 300.718740, 59.038639
4458.066, 300.564906, 58.895276
10528.903, 300.674699, 58.996772
37706.530, 300.765587, 59.081672
33280.816, 300.813623, 59.125209
45851.038, 300.623332, 58.953608
7512.155, 300.724699, 59.042859
3987.632, 300.636212, 58.963485
10550.167, 300.682593, 59.006003
7448.792, 300.565692, 58.900521
40325.845, 300.637714, 58.968432
3050.642, 300.513836, 58.853291
7924.814, 300.556403, 58.894825
6198.106, 300.531417, 58.872838
3067.945, 300.594080, 58.928971
8417.173, 300.836786, 59.149888
92931.818, 300.865823, 59.180449
3089.853, 300.576154, 58.915579
5322.140, 300.542539, 58.887901
2594.277, 300.710094, 59.041330
15477.261, 300.810914, 59.134702
2256.184, 300.885688, 59.199982
5709.009, 300.669327, 59.005969
56455.227, 300.639725, 58.984381
8774.995, 300.589937, 58.936260
55416.341, 300.708936, 59.047194
8292.635, 300.493143, 58.849157
6624.824, 300.539332, 58.893209
33610.912, 300.655174, 59.003615
4834.817, 300.535876, 58.891247
3069.392, 300.559835, 58.912962
39619.371, 300.733915, 59.074690
3489.150, 300.508705, 58.866908
51877.604, 300.669015, 59.020975
61399.722, 300.879138, 59.211871
3106.429, 300.579788, 58.936801
16818.950, 300.709635, 59.057283
14403.557, 300.483078, 58.850615
2666.534, 300.556854, 58.917119
3068.190, 300.645835, 58.997985
89493.127, 300.767941, 59.115327
54126.080, 300.527873, 58.896619
24978.388, 300.689156, 59.042644
6190.601, 300.714724, 59.064230
2675.207, 300.843003, 59.179570
2188.130, 300.572860, 58.935326
13573.429, 300.585444, 58.948579
3952.137, 300.546945, 58.913886
13761.490, 300.653358, 59.012490
11391.362, 300.827404, 59.169827
11861.015, 300.548053, 58.917538
6226.278, 300.624480, 58.986914
20637.843, 300.499799, 58.876113
13097.129, 300.557471, 58.927164
29468.053, 300.834712, 59.180152
3968.096, 300.514769, 58.889530
7080.715, 300.837804, 59.184799
11863.530, 300.711565, 59.071542
42481.577, 300.734923, 59.095126
51724.607, 300.776388, 59.133536
9230.838, 300.504718, 58.884061
13142.442, 300.516772, 58.895804
11501.347, 300.841188, 59.190440
11008.194, 300.490372, 58.871787
28493.925, 300.818313, 59.171639
39451.465, 300.749817, 59.113035
48854.378, 300.478772, 58.866930
6621.539, 300.532728, 58.914156
4888.710, 300.593127, 58.969803
2132.050, 300.525990, 58.908487
7470.158, 300.641868, 59.015842
42926.575, 300.604918, 58.985590
43906.950, 300.463479, 58.856264
21553.134, 300.621820, 59.000186
85384.067, 300.631512, 59.013022
5733.623, 300.542869, 58.928756
30147.346, 300.563245, 58.949316
14275.013, 300.816672, 59.178295
2646.322, 300.859643, 59.215302
38756.686, 300.490297, 58.884810
6932.868, 300.465729, 58.860283
5240.608, 300.579468, 58.963030
18568.788, 300.835822, 59.198497
13558.333, 300.478313, 58.874296
3473.667, 300.581076, 58.968001
3534.797, 300.672294, 59.051404
13177.966, 300.467415, 58.866299
21928.416, 300.496484, 58.893741
9642.190, 300.503834, 58.899499
23275.825, 300.711584, 59.090794
3991.558, 300.463553, 58.863545
2209.936, 300.514138, 58.909635
3958.774, 300.601240, 58.990669
45643.725, 300.616528, 59.008552
5685.897, 300.683535, 59.066782
33136.221, 300.812565, 59.185580
3518.114, 300.582953, 58.975091
65089.658, 300.721552, 59.106821
8824.276, 300.538889, 58.935911
67080.123, 300.643343, 59.035014
2286.409, 300.568476, 58.963686
3572.871, 300.636205, 59.025951
5285.122, 300.454345, 58.861526
6973.673, 300.562346, 58.960600
17903.103, 300.543430, 58.946640
4814.171, 300.548702, 58.949949
8925.034, 300.745246, 59.129102
72420.720, 300.520342, 58.928456
372621.796, 300.580379, 58.990757
3129.431, 300.476204, 58.884631
11885.167, 300.812347, 59.193411
2620.538, 300.817856, 59.196605
149757.318, 300.455311, 58.875175
9679.361, 300.752773, 59.139444
14845.668, 300.487846, 58.899210
32523.545, 300.764287, 59.152998
3945.133, 300.605783, 59.007422
30557.079, 300.695259, 59.092224
3146.614, 300.573782, 58.980053
33374.590, 300.642138, 59.045228
14028.920, 300.718535, 59.112560
23425.840, 300.649313, 59.052259
11940.974, 300.783859, 59.172539
22317.742, 300.799197, 59.189222
2154.664, 300.596450, 59.004328
2664.591, 300.755539, 59.148745
23548.257, 300.476828, 58.897227
14502.536, 300.606290, 59.015355
7119.784, 300.497890, 58.916974
7946.637, 300.519173, 58.936170
36747.757, 300.543668, 58.961001
18177.389, 300.818178, 59.209730
3153.467, 300.739032, 59.137182
6086.277, 300.678938, 59.085140
3526.575, 300.463224, 58.889040
6586.763, 300.726780, 59.129801
3062.343, 300.551665, 58.970849
29661.197, 300.686514, 59.096771
31796.816, 300.697532, 59.107679
59786.094, 300.736674, 59.144310
3525.475, 300.556828, 58.977693
65663.761, 300.577616, 59.000700
7169.685, 300.802073, 59.200461
8009.806, 300.479137, 58.907611
26588.922, 300.445427, 58.880010
4445.634, 300.600973, 59.019299
3955.015, 300.457064, 58.889098
32834.233, 300.506315, 58.936139
4918.538, 300.567114, 58.992614
3568.136, 300.676033, 59.092825
10090.173, 300.524476, 58.956587
51181.150, 300.628705, 59.058094
26291.745, 300.676443, 59.097879
4838.538, 300.513061, 58.948705
11828.539, 300.557292, 58.990116
32550.393, 300.437941, 58.886704
3942.078, 300.662323, 59.085801
19820.227, 300.590660, 59.023585
96638.849, 300.596089, 59.031335
15689.537, 300.463887, 58.908080
2696.179, 300.489368, 58.929702
11900.073, 300.432268, 58.880615
82126.215, 300.563539, 59.002814
28759.067, 300.727757, 59.149702
22854.747, 300.814336, 59.229221
3518.635, 300.494873, 58.937012
3092.609, 300.578643, 59.015234
5792.651, 300.708233, 59.134006
19764.936, 300.614135, 59.049890
3511.754, 300.785227, 59.203504
8878.800, 300.466606, 58.916224
6120.270, 300.475600, 58.925427
63547.089, 300.524343, 58.975867
32508.794, 300.652460, 59.091262
6997.217, 300.612273, 59.053624
46666.129, 300.478378, 58.935267
6992.569, 300.506378, 58.958608
8980.281, 300.712491, 59.146688
3018.550, 300.594387, 59.040993
12315.814, 300.564312, 59.016163
15153.767, 300.731976, 59.169107
3550.621, 300.405009, 58.869619
8717.731, 300.451392, 58.912976
14126.871, 300.491637, 58.951119
3150.081, 300.775151, 59.208006
35349.159, 300.531958, 58.990305
36074.337, 300.672419, 59.119437
131469.279, 300.416469, 58.888775
21514.176, 300.438944, 58.906550
34606.508, 300.453012, 58.918793
55530.944, 300.710007, 59.155323
4427.317, 300.764689, 59.201520
35921.869, 300.517118, 58.980363
13232.816, 300.596847, 59.051393
19393.494, 300.482861, 58.948906
2226.052, 300.619673, 59.072233
47245.033, 300.459214, 58.932912
5288.436, 300.571162, 59.030397
61241.238, 300.398349, 58.877020
9749.387, 300.795263, 59.235269
7437.066, 300.428322, 58.901329
2209.295, 300.607768, 59.065090
15428.667, 300.662919, 59.120087
23995.676, 300.683861, 59.139540
88781.569, 300.641981, 59.104379
19798.789, 300.419174, 58.899363
6147.826, 300.615014, 59.076644
334636.351, 300.433437, 58.921804
3068.263, 300.489873, 58.962923
3993.642, 300.507339, 58.980187
33710.318, 300.697712, 59.158771
24525.543, 300.514148, 58.990725
9285.569, 300.501357, 58.979063
5227.398, 300.557475, 59.030183
26629.456, 300.715888, 59.176925
10514.143, 300.483404, 58.963517
2180.528, 300.613625, 59.081431
6587.257, 300.403658, 58.891007
2176.686, 300.757393, 59.213326
40879.559, 300.473981, 58.960440
7872.504, 300.402551, 58.894941
2657.987, 300.387035, 58.881960
3097.881, 300.578483, 59.057194
26774.169, 300.738530, 59.204461
11028.601, 300.407697, 58.903092
8716.663, 300.531357, 59.016395
12316.117, 300.650128, 59.127274
4383.599, 300.474443, 58.964363
4822.730, 300.376522, 58.876005
3059.369, 300.445490, 58.938789
18357.573, 300.380338, 58.882141
5271.037, 300.476725, 58.970017
6579.158, 300.398378, 58.899426
8767.482, 300.401594, 58.902750
2219.048, 300.459166, 58.954903
48074.151, 300.677907, 59.158171
59245.789, 300.486615, 58.988475
3937.428, 300.596984, 59.082238
7653.276, 300.748936, 59.221473
78499.218, 300.524945, 59.021743
4453.244, 300.403247, 58.907123
111268.617, 300.627868, 59.119180
28640.542, 300.669529, 59.152851
12703.056, 300.696270, 59.175417
6212.223, 300.610780, 59.098049
10306.496, 300.732119, 59.208280
56891.198, 300.401937, 58.912404
6186.948, 300.458308, 58.959488
20356.220, 300.368609, 58.881006
83521.375, 300.385364, 58.897369
39793.271, 300.505420, 59.008590
77256.481, 300.512297, 59.013786
3541.797, 300.538278, 59.033624
6162.396, 300.415522, 58.923706
3939.570, 300.681797, 59.165634
9657.430, 300.542914, 59.040401
2210.797, 300.420763, 58.928271
11842.234, 300.441416, 58.949473
5836.682, 300.724530, 59.206415
24634.339, 300.754771, 59.236371
71567.182, 300.540957, 59.044959
5657.841, 300.575954, 59.072871
84605.414, 300.390502, 58.909125
7379.302, 300.579874, 59.078450
8780.059, 300.592711, 59.090360
3060.766, 300.406658, 58.921633
5841.626, 300.554513, 59.057025
2246.592, 300.444163, 58.956956
4372.580, 300.360654, 58.881432
7448.770, 300.572839, 59.076789
8322.246, 300.428083, 58.945944
4844.733, 300.437292, 58.953716
6234.560, 300.450635, 58.966203
8950.982, 300.693518, 59.188012
4795.188, 300.365334, 58.888416
46753.261, 300.375219, 58.900494
4914.917, 300.495825, 59.008991
15095.598, 300.661306, 59.160049
34618.393, 300.749848, 59.241816
33600.116, 300.415618, 58.939138
2161.153, 300.607809, 59.110503
23859.555, 300.713422, 59.211092
11384.539, 300.358527, 58.885681
5741.037, 300.580080, 59.088370
10562.927, 300.395098, 58.920447
4018.102, 300.499764, 59.014999
32201.485, 300.669216, 59.171925
17616.892, 300.505106, 59.025394
10070.437, 300.511671, 59.029739
20648.060, 300.401997, 58.931121
2658.792, 300.455516, 58.978724
6675.377, 300.554777, 59.070242
31493.014, 300.588106, 59.102121
7056.949, 300.458767, 58.982948
41894.375, 300.580479, 59.096759
41522.158, 300.413015, 58.946294
24457.686, 300.373169, 58.908590
16662.947, 300.403631, 58.937909
7908.348, 300.618828, 59.132993
3050.654, 300.552887, 59.073043
20277.984, 300.636252, 59.152698
61999.345, 300.357290, 58.898952
5317.693, 300.607307, 59.124741
13852.323, 300.679136, 59.191088
6622.442, 300.664698, 59.177749
65365.998, 300.348296, 58.891731
7989.973, 300.599467, 59.119531
8373.368, 300.382220, 58.921602
10957.387, 300.417224, 58.953343
2683.399, 300.434221, 58.968513
2187.574, 300.534974, 59.060184
14943.908, 300.361626, 58.904050
76852.464, 300.433845, 58.982329
26305.848, 300.677099, 59.195112
4047.444, 300.427043, 58.965272
20450.009, 300.574217, 59.102197
13004.661, 300.740221, 59.252263
11430.240, 300.496460, 59.030497
2144.566, 300.611171, 59.134543
2661.350, 300.617836, 59.140864
2179.045, 300.341281, 58.887968
6559.500, 300.368663, 58.913047
11901.560, 300.642871, 59.164588
3912.469, 300.480421, 59.016732
13724.334, 300.500392, 59.036803
8792.247, 300.389733, 58.934869
26240.496, 300.356059, 58.909729
3085.045, 300.429619, 58.973725
48088.226, 300.443647, 58.990478
11755.835, 300.504789, 59.045761
16663.347, 300.336303, 58.890217
2650.844, 300.382010, 58.930379
2693.607, 300.607821, 59.137403
2206.157, 300.702423, 59.222554
13319.846, 300.527832, 59.066216
6677.773, 300.562428, 59.097293
45098.977, 300.612172, 59.145676
13838.526, 300.519890, 59.061062
16800.757, 300.566200, 59.103150
17714.150, 300.677498, 59.204763
4788.270, 300.422836, 58.971358
17928.593, 300.364124, 58.919859
23547.214, 300.599216, 59.137130
27542.897, 300.393902, 58.949403
14949.987, 300.465490, 59.016633
25993.809, 300.540550, 59.084028
9358.892, 300.665152, 59.196469
4395.958, 300.454126, 59.003829
13631.975, 300.525451, 59.069809
3959.274, 300.582066, 59.120801
11503.570, 300.581968, 59.125260
32357.590, 300.440714, 59.001279
4412.236, 300.405797, 58.964167
19818.835, 300.510522, 59.062021
2686.875, 300.330230, 58.895493
6201.704, 300.412975, 58.971899
7397.679, 300.487026, 59.041910
69945.171, 300.661306, 59.202657
21378.485, 300.532111, 59.083884
11902.228, 300.554245, 59.103127
58620.385, 300.557398, 59.109613
16717.948, 300.613647, 59.157655
3929.395, 300.496185, 59.049840
9248.087, 300.467240, 59.025146
13131.607, 300.352770, 58.921005
66823.413, 300.365009, 58.937330
26848.318, 300.384957, 58.952699
25039.569, 300.432090, 58.995831
29776.181, 300.530779, 59.089135
100325.728, 300.535017, 59.094903
19052.721, 300.327400, 58.899487
21832.549, 300.518857, 59.075996
4416.300, 300.377809, 58.945794
4849.930, 300.409262, 58.975180
5816.879, 300.488771, 59.048460
8713.002, 300.387984, 58.957350
3959.560, 300.319822, 58.894976
9635.236, 300.358891, 58.932154
66642.820, 300.394040, 58.971350
14449.947, 300.498075, 59.061387
12404.641, 300.634237, 59.185533
7084.562, 300.681103, 59.226573
25927.470, 300.711819, 59.256470
16416.273, 300.452046, 59.020687
8712.219, 300.541510, 59.102105
159505.522, 300.319503, 58.909173
10466.124, 300.333767, 58.912435
2232.552, 300.588204, 59.144318
23173.204, 300.609532, 59.165862
2616.294, 300.466169, 59.033947
6224.183, 300.475471, 59.043186
7896.743, 300.411486, 58.985504
78993.170, 300.435324, 59.014106
5678.074, 300.320104, 58.902192
9252.462, 300.351473, 58.931313
16861.565, 300.478394, 59.049654
2255.416, 300.541674, 59.105660
12711.946, 300.311009, 58.895832
32661.420, 300.424449, 59.003324
6198.495, 300.484052, 59.054428
14066.425, 300.493315, 59.063959
26273.759, 300.671495, 59.226937
3934.754, 300.368372, 58.950009
5336.163, 300.370613, 58.951930
21141.726, 300.311073, 58.899532
4834.008, 300.330730, 58.915878
14244.586, 300.545239, 59.113712
10619.185, 300.654228, 59.212373
3150.006, 300.404718, 58.984587
109599.553, 300.531486, 59.107602
6614.848, 300.494620, 59.068336
8212.475, 300.518621, 59.091069
3121.267, 300.574505, 59.141686
4005.238, 300.644172, 59.205892
9233.775, 300.354615, 58.943158
10206.156, 300.609764, 59.176282
14518.398, 300.376019, 58.963670
25024.395, 300.592013, 59.163034
7873.057, 300.350468, 58.940366
5694.686, 300.478903, 59.057972
41456.094, 300.633136, 59.201742
14164.858, 300.467760, 59.049818
12057.896, 300.577522, 59.150525
15045.162, 300.676234, 59.239524
3594.993, 300.448553, 59.032117
38020.726, 300.690691, 59.254687
9627.412, 300.355888, 58.947508
5691.043, 300.450516, 59.034853
19464.145, 300.435776, 59.023807
19889.604, 300.598207, 59.171839
6218.695, 300.322651, 58.919296
3553.868, 300.369905, 58.961829
7576.854, 300.663985, 59.230751
3486.748, 300.496728, 59.079293
2166.059, 300.305702, 58.903850
12272.403, 300.331017, 58.929554
31639.096, 300.404411, 58.997886
4860.041, 300.300314, 58.900621
10119.877, 300.417663, 59.009227
3466.631, 300.469635, 59.055995
25336.987, 300.553012, 59.135250
4902.279, 300.565065, 59.144327
17579.414, 300.533497, 59.117123
35454.096, 300.677259, 59.249766
7867.182, 300.311878, 58.915394
8877.444, 300.472076, 59.062486
8704.119, 300.420849, 59.016797
8008.874, 300.429162, 59.023273
25563.766, 300.339791, 58.944407
7502.158, 300.362790, 58.964026
4826.894, 300.318332, 58.923564
3923.318, 300.371090, 58.971550
10891.743, 300.453088, 59.048009
24034.071, 300.506931, 59.098348
35947.051, 300.575990, 59.162185
2610.948, 300.335404, 58.938912
8775.914, 300.441423, 59.038005
73394.088, 300.611560, 59.196360
6328.695, 300.646135, 59.223874
10117.587, 300.322809, 58.929573
20128.769, 300.324416, 58.933256
22345.379, 300.391545, 58.995575
3979.935, 300.318119, 58.925976
7066.537, 300.348754, 58.955963
13990.516, 300.384411, 58.989353
26134.636, 300.592947, 59.180888
3489.092, 300.418098, 59.019340
5251.322, 300.291181, 58.903800
22142.010, 300.656020, 59.240387
21371.153, 300.673303, 59.255582
34999.591, 300.297116, 58.913436
20115.825, 300.436600, 59.040641
4421.920, 300.336622, 58.947435
12621.552, 300.315133, 58.930975
9252.439, 300.442653, 59.047730
12325.103, 300.527780, 59.125931
20077.355, 300.573473, 59.167956
29846.288, 300.339216, 58.955627
74293.032, 300.481015, 59.090259
15025.149, 300.535307, 59.135619
19101.172, 300.403776, 59.018128
245930.979, 300.481309, 59.100254
38942.587, 300.417116, 59.032169
41573.686, 300.317495, 58.940846
165676.207, 300.356152, 58.981538
47243.355, 300.295202, 58.924335
39506.800, 300.423325, 59.037441
20151.247, 300.352141, 58.971642
3528.196, 300.440713, 59.051587
32290.503, 300.444897, 59.058831
2209.071, 300.615703, 59.211111
55237.667, 300.648084, 59.245028
13536.119, 300.321562, 58.945339
5722.320, 300.325798, 58.948602
10596.342, 300.452574, 59.065687
3941.160, 300.636439, 59.232628
59216.734, 300.334661, 58.962044
4333.205, 300.377091, 58.997920
16208.958, 300.471102, 59.085316
3558.849, 300.642585, 59.239995
3088.559, 300.281383, 58.909786
26359.451, 300.272976, 58.906671
10060.765, 300.302617, 58.931554
4387.445, 300.585943, 59.190869
4468.853, 300.392030, 59.013714
3998.408, 300.289209, 58.919745
10088.221, 300.540009, 59.151098
3562.989, 300.306584, 58.936866
5664.751, 300.393770, 59.018941
8748.899, 300.444601, 59.064779
37487.212, 300.649127, 59.254289
10915.523, 300.339215, 58.969552
17489.632, 300.421552, 59.045706
3533.384, 300.301132, 58.933850
4417.809, 300.315721, 58.947745
51612.917, 300.321062, 58.956544
23290.945, 300.280177, 58.917755
12211.527, 300.294817, 58.930750
7901.148, 300.487246, 59.107872
34087.899, 300.605320, 59.216995
13086.648, 300.396601, 59.026371
4842.452, 300.315622, 58.952166
3562.094, 300.440483, 59.066900
21883.300, 300.573923, 59.191945
7876.696, 300.388110, 59.021258
7908.816, 300.511261, 59.134821
4445.972, 300.294699, 58.935564
10587.536, 300.306097, 58.947557
102422.830, 300.326284, 58.971297
29226.589, 300.338361, 58.978768
7443.619, 300.369040, 59.005561
6980.918, 300.286493, 58.930743
4814.682, 300.297112, 58.939394
10915.630, 300.354518, 58.994548
13218.660, 300.424256, 59.057793
5304.562, 300.553379, 59.175047
26346.023, 300.567225, 59.189486
7380.931, 300.276990, 58.922950
3073.755, 300.387589, 59.025036
16367.025, 300.624747, 59.242578
2160.772, 300.466646, 59.098380
3913.139, 300.515287, 59.142440
11084.221, 300.591621, 59.213121
