# Source Fluxes and Coordinates
# Flux (e-/s), RA (deg), Dec (deg)
746765.459, 301.098910, 58.834869
59295.107, 301.198122, 58.922506
54587.669, 300.991174, 58.737870
9516.961, 300.956727, 58.706800
5520.604, 301.191216, 58.918076
5466.263, 301.361916, 59.070521
46988.525, 301.037561, 58.785606
28746.169, 301.235003, 58.961136
10913.498, 301.349362, 59.063506
2263.246, 301.009909, 58.760490
5213.780, 301.215603, 58.947563
9074.642, 301.115933, 58.859582
5469.241, 300.997738, 58.753639
25183.119, 301.055286, 58.807856
3601.872, 301.111162, 58.855743
2274.638, 301.141912, 58.883591
6347.721, 301.148793, 58.890516
5391.423, 301.016286, 58.774728
7646.144, 301.117249, 58.866164
4045.728, 301.131294, 58.878253
58920.134, 301.056203, 58.817390
25812.887, 301.177977, 58.926727
5838.924, 300.994790, 58.762559
45799.497, 300.974125, 58.748923
7240.314, 301.271968, 59.014073
74212.035, 301.294163, 59.039102
54475.862, 300.958335, 58.737194
5794.140, 301.085639, 58.849596
17214.401, 301.100304, 58.864089
22805.096, 301.041015, 58.811577
4445.347, 300.978392, 58.756069
18369.508, 301.008725, 58.785616
40149.692, 301.181716, 58.947880
3958.840, 300.945704, 58.736245
25665.818, 301.011398, 58.798305
21170.476, 301.112613, 58.889027
26928.461, 301.135339, 58.911621
27391.491, 300.980994, 58.773356
101808.171, 301.202409, 58.976376
58758.164, 300.929463, 58.730915
54891.691, 301.167458, 58.949549
28822.729, 301.209826, 58.986790
40665.337, 301.253356, 59.025515
4903.926, 300.919607, 58.724500
15248.206, 301.055895, 58.849497
10634.435, 301.298776, 59.065986
3550.649, 300.978593, 58.777934
5447.275, 301.135708, 58.921729
73681.509, 301.170835, 58.958770
9024.602, 300.982941, 58.786514
17295.131, 300.945537, 58.753875
2222.964, 301.122270, 58.912992
23296.314, 301.065264, 58.864957
3197.373, 300.999826, 58.805706
58660.058, 301.152994, 58.947655
137671.115, 300.902553, 58.724467
2739.200, 301.116485, 58.911278
2225.735, 301.012852, 58.818912
13064.487, 300.940882, 58.759659
4429.794, 301.009996, 58.821003
14797.736, 301.108442, 58.910566
20310.033, 301.088493, 58.895088
34297.759, 301.131487, 58.934691
7209.765, 301.247198, 59.036238
3821.406, 301.262114, 59.049706
16116.584, 300.904178, 58.730292
9363.711, 300.945312, 58.769248
8185.256, 301.013339, 58.834729
28300.048, 300.888777, 58.726375
58207.147, 301.109950, 58.926768
17931.237, 300.984158, 58.810939
12951.041, 300.899727, 58.736300
11641.778, 300.921587, 58.757362
4078.040, 300.895179, 58.732986
31690.859, 301.045554, 58.872764
127822.703, 301.068610, 58.896500
20828.678, 301.285287, 59.086637
27703.653, 300.942410, 58.781323
4522.027, 301.054924, 58.882631
64075.927, 300.905011, 58.752088
2683.384, 300.919966, 58.760787
6277.508, 300.896329, 58.740980
56146.017, 301.105076, 58.934035
73980.187, 300.896591, 58.745872
52209.441, 300.943204, 58.787952
4062.828, 300.974293, 58.814947
15011.786, 301.112687, 58.940830
75559.661, 301.167520, 58.994582
2687.190, 300.877689, 58.730452
4459.418, 300.991279, 58.834975
17246.974, 300.995040, 58.840437
35000.952, 300.880973, 58.742172
69629.198, 301.016027, 58.865098
35539.009, 301.075551, 58.917558
103062.382, 300.886166, 58.754987
7600.086, 301.131747, 58.968755
3582.444, 301.106487, 58.948177
161896.039, 301.137789, 58.982191
9845.035, 300.867947, 58.735064
2759.700, 301.035192, 58.886005
4045.182, 300.869816, 58.737981
18816.334, 301.240589, 59.073092
3103.115, 300.873228, 58.741605
55771.795, 300.970570, 58.834871
137644.762, 301.026899, 58.890586
348380.028, 300.858651, 58.741315
4033.547, 301.068145, 58.923077
10848.597, 301.189473, 59.032562
15184.195, 300.869552, 58.748862
3602.957, 300.937380, 58.808972
23740.450, 300.950237, 58.822524
66273.657, 301.000076, 58.872036
34715.520, 300.896280, 58.776437
24413.075, 300.954978, 58.827912
4087.545, 300.914703, 58.790820
3592.454, 301.015322, 58.882834
11662.150, 300.873394, 58.755807
23051.524, 301.141334, 58.998491
3579.626, 301.222017, 59.069125
6223.041, 300.955321, 58.831529
3187.545, 300.907112, 58.788000
23446.027, 300.959575, 58.839812
3141.530, 300.913116, 58.798609
8966.871, 300.952449, 58.837666
62281.794, 301.202612, 59.068739
34575.000, 301.066318, 58.947681
138739.458, 300.862881, 58.767264
3218.474, 300.851584, 58.752499
150266.350, 301.022874, 58.914222
16685.455, 301.106109, 58.984700
16067.928, 300.922374, 58.822680
2645.764, 301.015890, 58.905838
31643.091, 301.111787, 58.995262
3542.343, 300.886182, 58.791031
4499.583, 301.007053, 58.903890
41448.703, 301.047279, 58.943022
118839.051, 301.132207, 59.022006
4476.345, 300.912126, 58.818430
62270.990, 300.983269, 58.889032
58427.947, 301.119983, 59.013189
2257.333, 300.832501, 58.749793
71189.820, 300.915994, 58.830386
22778.124, 300.990037, 58.895407
5855.350, 300.960520, 58.867280
7635.760, 300.875358, 58.790425
3613.356, 300.905842, 58.818639
2677.042, 300.946702, 58.856313
5025.437, 301.035720, 58.937633
4494.431, 300.906480, 58.824218
95230.248, 300.935339, 58.858464
4466.236, 301.015905, 58.925944
593853.809, 300.819505, 58.765221
7998.995, 300.877203, 58.802411
2728.235, 300.864858, 58.791558
4003.829, 300.927261, 58.848444
3092.327, 301.015358, 58.928208
32344.280, 301.101307, 59.008852
16862.325, 301.141712, 59.043444
51889.918, 301.193844, 59.092288
13899.863, 301.026070, 58.940800
11283.348, 300.975753, 58.896791
19137.636, 301.074821, 58.986438
5449.637, 301.174895, 59.076414
15755.348, 301.066923, 58.981769
94923.252, 300.837974, 58.779379
3125.091, 301.059064, 58.973987
3571.781, 301.063150, 58.977670
4033.209, 300.909177, 58.839787
14043.976, 300.901644, 58.835560
7502.650, 300.933204, 58.864439
37619.189, 301.139015, 59.054654
4469.118, 300.872580, 58.815103
31422.738, 301.014886, 58.948310
2283.898, 300.943837, 58.881805
48053.426, 300.923422, 58.867856
38537.593, 300.968699, 58.908189
30212.934, 300.884089, 58.832247
24921.908, 300.833582, 58.789270
13943.298, 301.041398, 58.975442
42749.744, 301.059048, 58.992931
3174.776, 300.832440, 58.785739
4523.358, 300.985233, 58.924832
4070.121, 300.819369, 58.775794
48822.016, 301.160425, 59.087670
14415.718, 300.845538, 58.806006
4478.162, 300.862738, 58.818340
44616.420, 300.818322, 58.782458
41228.834, 300.796268, 58.762137
56761.779, 301.014457, 58.962188
7595.789, 300.852915, 58.815779
36829.338, 300.980112, 58.933733
12538.563, 300.875556, 58.838138
37585.217, 301.131194, 59.070234
25732.699, 301.144860, 59.082030
17896.641, 300.803332, 58.774523
3112.952, 300.909904, 58.869766
82275.702, 301.023040, 58.976190
3123.479, 300.798492, 58.769089
28481.454, 300.939965, 58.900425
44642.193, 300.824058, 58.798113
17402.782, 300.836887, 58.806747
25374.581, 301.089909, 59.035260
2640.133, 300.816723, 58.787389
19639.001, 301.004043, 58.959240
19764.757, 301.106232, 59.053013
33911.364, 301.076976, 59.028979
6235.826, 300.804849, 58.782035
4912.496, 300.945556, 58.908980
3526.752, 300.955080, 58.917940
12210.000, 301.110385, 59.058726
64744.697, 300.848092, 58.827528
26148.157, 300.974803, 58.940283
2716.385, 300.780719, 58.762274
19615.692, 300.793167, 58.777242
14777.540, 300.929482, 58.901842
20380.398, 300.961118, 58.930049
8992.574, 300.855455, 58.836792
12104.735, 300.893545, 58.871641
87419.504, 301.020105, 58.991892
6292.986, 300.873150, 58.855689
10753.023, 300.805253, 58.794961
17915.460, 300.927705, 58.907170
11669.141, 300.946849, 58.923732
2287.660, 300.777155, 58.768845
82696.275, 300.961361, 58.941396
22256.051, 301.002736, 58.975612
4033.100, 300.936732, 58.915067
8474.452, 300.910949, 58.893397
21323.699, 300.980001, 58.958265
106514.157, 300.857638, 58.853046
3582.383, 300.890813, 58.876572
93517.194, 300.772994, 58.778035
6266.937, 300.827384, 58.822748
31139.582, 301.092744, 59.064614
29730.959, 301.144056, 59.110375
3638.562, 301.153243, 59.116755
2706.606, 300.932680, 58.919646
15205.257, 300.847223, 58.845459
7147.431, 300.867044, 58.862726
46234.282, 301.112482, 59.086994
11679.098, 300.836828, 58.837284
28181.032, 300.889227, 58.886491
259348.896, 301.018069, 59.009107
8496.377, 300.794582, 58.799670
32780.052, 300.784630, 58.795935
5316.730, 300.920854, 58.921950
3555.348, 300.931476, 58.929844
8474.248, 300.978476, 58.975246
49068.374, 300.804673, 58.822164
3120.630, 300.876593, 58.883600
16395.435, 300.913084, 58.919259
6737.179, 300.926465, 58.929652
8466.854, 300.793724, 58.810892
19448.621, 301.030515, 59.025249
53508.852, 301.131855, 59.119129
2258.516, 300.753657, 58.774312
39537.508, 300.766650, 58.789482
25711.327, 300.961065, 58.965863
17460.178, 300.755150, 58.778784
78305.168, 300.743373, 58.776236
288176.939, 300.899556, 58.922246
2223.700, 300.775637, 58.798929
2261.385, 300.845956, 58.862920
7128.253, 300.953194, 58.960683
39889.694, 301.092638, 59.089208
16973.257, 300.754803, 58.785723
137485.737, 300.773483, 58.807499
3583.233, 300.804649, 58.826969
43964.580, 300.810344, 58.837873
35093.897, 300.762988, 58.794656
2704.026, 300.860351, 58.881699
5890.364, 300.872171, 58.897320
3487.074, 300.913908, 58.935246
43727.894, 300.958956, 58.979401
8459.109, 300.928125, 58.950143
61680.696, 300.744358, 58.792838
3561.809, 300.876102, 58.905123
4503.378, 300.900497, 58.930684
49513.917, 300.832233, 58.873876
13327.267, 300.880581, 58.915921
6346.159, 301.032678, 59.052770
16942.973, 300.844108, 58.884999
55149.620, 300.953813, 58.985823
4497.146, 300.799226, 58.843883
16961.171, 300.807689, 58.855093
34359.067, 301.042381, 59.065656
8047.740, 300.837823, 58.881193
4428.707, 300.908629, 58.946583
6261.893, 300.886669, 58.927627
8880.387, 300.809865, 58.861246
2653.776, 300.886346, 58.930050
65482.644, 301.017664, 59.053236
23254.960, 300.733442, 58.795602
38058.003, 301.053225, 59.086123
32204.548, 300.886493, 58.938880
9807.919, 300.742571, 58.805182
6726.854, 300.756980, 58.817657
2234.387, 300.762233, 58.825420
34175.276, 300.718876, 58.789953
24233.104, 300.763228, 58.829888
4036.654, 300.845531, 58.904312
11148.211, 300.781361, 58.848680
63042.976, 300.830497, 58.896023
14779.835, 300.818160, 58.883867
5842.901, 300.958545, 59.009445
7559.352, 300.870229, 58.930608
56859.113, 300.926503, 58.985019
22584.600, 300.738363, 58.816041
26618.486, 300.948437, 59.005140
26456.614, 301.046937, 59.094230
3580.807, 300.822535, 58.892554
79922.979, 300.845593, 58.917846
2275.773, 300.879354, 58.943632
15662.039, 300.773003, 58.850618
28865.438, 300.800852, 58.877708
7573.501, 300.697860, 58.785116
9405.553, 300.704402, 58.790598
46966.584, 301.018488, 59.078280
38217.320, 301.075373, 59.128986
17414.090, 300.885190, 58.956960
4960.186, 300.971487, 59.033424
4964.117, 300.983264, 59.043864
48045.422, 300.914021, 58.987402
3597.967, 300.778132, 58.862176
40699.988, 300.830112, 58.913053
23062.023, 300.732684, 58.823877
31926.070, 300.958636, 59.030314
2238.093, 300.784030, 58.871041
15292.780, 300.767560, 58.859450
15657.288, 300.717474, 58.814759
4486.260, 300.775628, 58.866524
2215.563, 300.876082, 58.957617
333308.141, 300.956424, 59.044502
3198.535, 301.023029, 59.090342
65652.167, 300.719253, 58.821708
8901.210, 300.755077, 58.850697
35901.463, 300.868587, 58.956510
11392.207, 301.035766, 59.104599
13549.545, 301.027297, 59.097985
32696.392, 300.855143, 58.945692
2725.741, 300.746031, 58.844466
29496.774, 300.861145, 58.953179
87359.272, 300.994033, 59.075273
11126.667, 300.724241, 58.828965
18709.020, 300.690834, 58.802469
2743.971, 300.939394, 59.024582
2214.262, 300.742958, 58.846942
2762.492, 300.782557, 58.883225
3122.901, 300.795074, 58.894256
18292.949, 300.759651, 58.865400
4537.140, 300.809282, 58.908493
34836.823, 300.700363, 58.816196
29787.318, 300.725773, 58.836939
2787.077, 300.836185, 58.933755
66176.417, 300.871519, 58.969931
44027.739, 300.708191, 58.821519
7153.781, 300.797390, 58.899564
37474.575, 300.767844, 58.876786
14756.891, 300.940143, 59.031420
4097.358, 300.715455, 58.827796
5375.972, 300.787491, 58.893578
10761.073, 300.885249, 58.983791
5391.162, 300.732678, 58.846339
6272.625, 300.798424, 58.905120
23364.435, 300.862977, 58.965058
37129.431, 300.896756, 58.997190
66805.662, 300.775231, 58.890650
33898.318, 300.891079, 58.992272
23369.283, 300.686994, 58.807900
14734.283, 300.671431, 58.793892
18584.678, 300.884088, 58.988796
169170.870, 300.749964, 58.872186
51781.617, 300.675101, 58.803960
8870.954, 300.786625, 58.902242
7228.071, 300.741353, 58.862255
17388.906, 300.695321, 58.822715
38777.556, 300.662328, 58.794383
8620.827, 300.907193, 59.015514
10856.139, 300.973373, 59.076696
19252.871, 300.829856, 58.948202
4909.276, 300.756406, 58.880680
21178.586, 300.864019, 58.981727
43303.790, 300.706637, 58.842095
16044.759, 300.786753, 58.912836
7997.261, 300.722439, 58.855641
47416.505, 300.880966, 59.002355
5805.103, 300.717292, 58.851681
37103.008, 300.964313, 59.078111
142767.965, 300.751219, 58.892803
3155.952, 300.655921, 58.797508
191763.574, 300.814851, 58.954213
48367.175, 300.661908, 58.807514
3563.729, 300.773572, 58.905814
59657.226, 300.937183, 59.058114
20591.376, 301.019160, 59.130017
9820.244, 300.695757, 58.837239
2649.758, 300.775136, 58.908592
7156.131, 300.720023, 58.860252
13767.039, 300.748236, 58.886379
8026.461, 300.792426, 58.926370
3184.576, 300.775514, 58.912067
82459.882, 300.828507, 58.964908
11286.459, 300.991892, 59.109036
11116.458, 300.651338, 58.801411
3175.703, 300.684647, 58.830310
6742.488, 300.708996, 58.854350
84856.045, 301.034479, 59.152016
32765.887, 300.885559, 59.016961
90031.825, 300.674681, 58.830723
37092.694, 300.924827, 59.054823
16313.363, 300.821813, 58.961166
13354.722, 300.657078, 58.811587
7569.840, 300.672590, 58.825040
4496.230, 300.723995, 58.871699
3191.967, 300.767917, 58.910820
6278.331, 300.715960, 58.866060
4858.434, 300.648410, 58.805514
8154.798, 301.007512, 59.130822
12398.450, 300.686748, 58.841650
10700.887, 300.759315, 58.907325
69803.566, 300.837795, 58.982904
2246.085, 300.692966, 58.847692
4503.948, 300.724358, 58.876845
11118.074, 300.642381, 58.803427
45974.838, 300.922751, 59.060844
50394.985, 300.736613, 58.896224
6637.212, 300.747166, 58.902415
3617.748, 300.868993, 59.012948
10787.928, 300.809752, 58.961934
11720.014, 300.649138, 58.816303
87291.411, 300.727014, 58.891686
35353.916, 300.685001, 58.851021
200153.259, 300.850120, 59.004619
10273.355, 300.698625, 58.864030
6283.556, 300.723836, 58.884744
12999.812, 300.651386, 58.820516
135518.027, 300.635390, 58.812163
18977.390, 300.838371, 58.992241
14306.219, 300.699273, 58.868786
9415.644, 300.776381, 58.939404
5746.920, 300.752217, 58.917741
11704.079, 300.790230, 58.953487
4030.735, 300.658708, 58.833880
6280.363, 300.675802, 58.848747
18002.708, 300.799762, 58.963615
3168.755, 300.686894, 58.861043
23612.611, 300.649266, 58.830835
14278.428, 300.673317, 58.853391
17999.602, 300.621077, 58.805862
4018.335, 300.758065, 58.929756
2681.769, 300.720799, 58.896907
5400.828, 300.807125, 58.977644
42344.820, 300.779945, 58.957034
6230.508, 300.659977, 58.845433
2261.461, 300.694838, 58.876583
22196.589, 300.824553, 58.999091
2219.315, 300.672252, 58.858824
36511.146, 300.826809, 59.004586
14799.448, 300.726368, 58.912646
101932.942, 300.997906, 59.165168
7049.456, 300.647815, 58.841943
5378.143, 300.730037, 58.916633
18171.991, 300.799501, 58.981109
7273.390, 300.942078, 59.108784
23268.490, 300.714803, 58.906306
15769.235, 300.909143, 59.083073
116580.451, 300.981997, 59.152429
27454.496, 300.681745, 58.878286
6613.186, 300.730910, 58.922904
8064.050, 300.751473, 58.941715
73648.798, 300.802135, 58.993513
5325.072, 300.627019, 58.828307
5434.898, 300.773228, 58.962249
41897.178, 300.795910, 58.986868
62929.541, 300.888659, 59.070824
9984.936, 300.999952, 59.169768
3538.921, 300.657126, 58.859283
69288.456, 300.830015, 59.020621
2297.895, 300.635639, 58.841716
45701.530, 300.641531, 58.850954
13786.445, 300.714326, 58.916238
5325.396, 300.697797, 58.900807
2713.988, 300.789223, 58.982877
2284.077, 300.667148, 58.872731
44487.759, 300.730984, 58.934161
45614.863, 300.764712, 58.965486
18610.488, 300.618861, 58.832700
51112.805, 300.666857, 58.881140
497041.103, 300.988876, 59.175843
7125.646, 300.629674, 58.844025
3576.848, 300.772778, 58.974288
29443.156, 300.647830, 58.864004
4019.846, 300.713987, 58.922342
5416.894, 300.730999, 58.939289
2290.524, 300.792367, 58.994822
4033.935, 300.733199, 58.942648
58939.827, 300.740517, 58.957588
3128.810, 300.612054, 58.832278
15093.023, 300.632450, 58.852786
4922.584, 300.684682, 58.898771
8019.542, 300.742618, 58.952638
21599.086, 300.600603, 58.824983
2679.609, 300.848458, 59.048157
4467.394, 300.613837, 58.836627
4888.288, 300.621009, 58.842937
17127.622, 300.649726, 58.870542
23042.682, 300.655298, 58.876323
9407.279, 300.635638, 58.859130
13229.160, 300.676518, 58.896601
9963.796, 300.790733, 58.999358
4297.238, 300.862841, 59.064391
2711.269, 300.604778, 58.829700
4928.138, 300.697567, 58.915199
50391.575, 300.880738, 59.084218
60273.588, 300.677869, 58.901987
12071.196, 300.700555, 58.919616
36353.359, 300.964529, 59.159993
39886.913, 300.817639, 59.029508
14668.289, 300.705098, 58.926145
37518.717, 300.824512, 59.036818
11239.740, 300.713681, 58.936315
15162.152, 300.683569, 58.910746
16180.182, 300.776181, 58.995340
2740.386, 300.921595, 59.126018
148759.241, 300.653073, 58.891568
25606.593, 300.895318, 59.106568
6752.501, 300.580825, 58.821458
5286.013, 300.623511, 58.860322
47363.022, 300.683434, 58.918327
15118.640, 300.737370, 58.964475
3138.212, 300.598138, 58.837288
4499.514, 300.592350, 58.833001
4451.726, 300.586283, 58.829188
55746.760, 300.737920, 58.971196
154346.524, 300.905132, 59.126465
84502.004, 300.569858, 58.823962
4915.075, 300.639645, 58.881815
42440.494, 300.948788, 59.164334
3588.207, 300.598823, 58.845617
9949.913, 300.850853, 59.076593
51040.372, 300.614430, 58.867115
2230.651, 300.683092, 58.924430
2237.142, 300.578586, 58.830007
19989.884, 300.666043, 58.913115
22276.603, 300.703916, 58.946929
4045.260, 300.793218, 59.026354
65801.314, 300.600018, 58.856250
370295.106, 300.628323, 58.886577
25236.150, 300.717619, 58.962793
9088.584, 300.885264, 59.113377
4962.278, 300.624851, 58.878657
2204.495, 300.757482, 58.999546
27924.754, 300.802855, 59.044428
7090.971, 300.581336, 58.842028
9387.558, 300.710010, 58.960595
15669.687, 300.575391, 58.839507
4056.269, 300.585221, 58.846504
11606.276, 300.600190, 58.861483
16986.192, 300.679831, 58.935799
74027.301, 300.848779, 59.092261
24034.593, 300.938712, 59.170394
4081.297, 300.604554, 58.866383
100557.312, 300.665081, 58.926680
2656.493, 300.556326, 58.823458
3137.188, 300.653775, 58.914638
2236.463, 300.780716, 59.032440
3149.375, 300.613745, 58.881416
9506.834, 300.890893, 59.135254
13045.242, 300.586535, 58.859672
7132.792, 300.556765, 58.834396
41559.014, 300.569095, 58.850498
18243.203, 300.612566, 58.889098
7972.948, 300.591996, 58.869299
16772.893, 300.842001, 59.097386
40131.027, 300.617668, 58.896527
25612.232, 300.783603, 59.046860
4868.023, 300.588707, 58.866634
8052.532, 300.560533, 58.842981
20695.565, 300.809792, 59.071549
29036.113, 300.621732, 58.902353
23672.298, 300.702258, 58.975601
68219.836, 300.893101, 59.151459
2320.451, 300.862734, 59.120553
8109.707, 300.541738, 58.830576
14297.323, 300.687734, 58.963772
2674.775, 300.662698, 58.940697
48905.204, 300.789900, 59.063168
13060.579, 300.872105, 59.134624
38926.598, 300.542512, 58.836703
9434.336, 300.639398, 58.924068
12201.947, 300.660031, 58.943753
20267.124, 300.740372, 59.018346
21604.201, 300.664950, 58.950150
4109.188, 300.926202, 59.184734
29333.881, 300.815016, 59.089430
23238.918, 300.674119, 58.963427
4020.663, 300.558413, 58.856601
106476.296, 300.579069, 58.881246
4381.030, 300.658725, 58.947812
7664.884, 300.565665, 58.865346
15438.893, 300.827508, 59.104128
3088.918, 300.616961, 58.913970
49343.649, 300.863771, 59.141199
36159.934, 300.656204, 58.954638
9467.720, 300.745982, 59.033779
33298.279, 300.777777, 59.064134
7215.873, 300.693689, 58.986679
35170.923, 300.539303, 58.849523
15180.680, 300.529302, 58.840897
2712.594, 300.730277, 59.022198
2671.710, 300.557970, 58.865188
4427.741, 300.586497, 58.891603
17460.980, 300.613404, 58.918383
314152.481, 300.703140, 59.010006
2662.127, 300.725383, 59.020280
18464.086, 300.742772, 59.038419
15414.600, 300.897945, 59.178301
23904.869, 300.634460, 58.941333
4968.977, 300.544068, 58.857015
3161.420, 300.647983, 58.952811
13602.674, 300.883841, 59.168182
10255.923, 300.555182, 58.869829
5804.857, 300.720224, 59.020393
15795.386, 300.771527, 59.067784
33821.436, 300.533510, 58.854275
30783.153, 300.711693, 59.017178
7998.254, 300.560560, 58.877675
4516.757, 300.612239, 58.925287
18574.219, 300.830797, 59.125481
6703.084, 300.662641, 58.971707
6230.733, 300.588966, 58.905465
2676.203, 300.582686, 58.902230
56233.128, 300.558791, 58.885431
62953.772, 300.614012, 58.936755
21386.184, 300.800384, 59.103018
3124.928, 300.594424, 58.914250
20278.881, 300.660928, 58.976829
4944.994, 300.760863, 59.066376
11516.655, 300.521831, 58.852008
14762.642, 300.582363, 58.906288
16589.926, 300.539377, 58.868673
46736.927, 300.740535, 59.054735
23544.005, 300.827285, 59.131952
4005.429, 300.653579, 58.973747
7997.312, 300.506464, 58.841411
7980.595, 300.534208, 58.865912
18872.888, 300.659331, 58.981823
48200.966, 300.718159, 59.039058
22722.820, 300.513463, 58.850802
40686.711, 300.765464, 59.081395
58780.679, 300.622497, 58.953854
29393.628, 300.813271, 59.125030
4044.954, 300.544767, 58.879855
8532.922, 300.723528, 59.043041
9423.437, 300.504108, 58.845150
35419.773, 300.637355, 58.968092
9855.053, 300.513889, 58.854492
2698.647, 300.552555, 58.889435
5789.265, 300.577761, 58.912406
5019.157, 300.846560, 59.157991
2752.540, 300.556676, 58.894919
3677.890, 300.563402, 58.901079
8971.042, 300.580889, 58.919042
66774.880, 300.864970, 59.178995
2726.769, 300.579859, 58.916577
2221.415, 300.518647, 58.862888
10766.503, 300.562260, 58.905325
9391.808, 300.522296, 58.868847
12935.382, 300.811372, 59.134969
5424.817, 300.682766, 59.018396
16444.259, 300.591427, 58.936275
12468.888, 300.492277, 58.847351
4010.059, 300.524021, 58.874376
48575.338, 300.559469, 58.911750
56864.195, 300.638924, 58.984810
49788.702, 300.708261, 59.047128
2273.831, 300.500902, 58.855740
3098.596, 300.579984, 58.928123
4063.245, 300.677231, 59.017807
4426.066, 300.508430, 58.865289
2294.155, 300.698383, 59.037968
4923.685, 300.622891, 58.970323
46143.283, 300.733957, 59.074399
44789.473, 300.653497, 59.003663
2253.827, 300.609979, 58.959271
12027.096, 300.581500, 58.936330
29299.817, 300.672905, 59.021993
57443.065, 300.879260, 59.211976
5349.181, 300.481972, 58.848052
4919.620, 300.486434, 58.852044
45837.089, 300.561103, 58.925488
2250.057, 300.490408, 58.855936
4503.540, 300.501892, 58.867661
9930.631, 300.710327, 59.058707
98497.311, 300.767836, 59.115303
11134.282, 300.537004, 58.902258
23484.642, 300.689439, 59.042659
41156.026, 300.528281, 58.898080
16526.094, 300.656273, 59.013917
13107.407, 300.664050, 59.020689
9795.824, 300.585352, 58.948504
12905.902, 300.612732, 58.975825
2231.261, 300.712683, 59.064474
4120.687, 300.574795, 58.939350
14005.015, 300.548588, 58.917289
29655.261, 300.835664, 59.180397
11613.568, 300.518926, 58.894211
2709.719, 300.623000, 58.987019
6363.832, 300.711993, 59.070838
47350.051, 300.734781, 59.094795
5345.684, 300.482648, 58.862322
7649.539, 300.842510, 59.190633
48903.270, 300.776439, 59.133564
40328.250, 300.818569, 59.171828
3588.184, 300.836485, 59.184594
2232.037, 300.534633, 58.911476
91831.727, 300.464063, 58.855910
78612.784, 300.477974, 58.866761
2249.337, 300.590157, 58.963311
46334.832, 300.749978, 59.113086
2723.628, 300.568087, 58.945992
15174.887, 300.591986, 58.970607
38779.795, 300.606175, 58.985280
61684.906, 300.490782, 58.884676
7609.676, 300.543735, 58.927603
38680.740, 300.564191, 58.949298
86262.843, 300.631375, 59.013116
2208.211, 300.503314, 58.890533
12174.232, 300.621182, 59.000095
2228.025, 300.550554, 58.934533
18985.706, 300.816089, 59.178810
16079.148, 300.484296, 58.877670
20853.399, 300.836272, 59.198539
2675.619, 300.466633, 58.862079
31866.556, 300.497230, 58.893707
3176.819, 300.553623, 58.941840
10738.671, 300.515114, 58.910264
7209.045, 300.520127, 58.914025
4109.310, 300.614765, 59.000238
23062.135, 300.711511, 59.090650
3647.114, 300.822578, 59.189953
16150.774, 300.568596, 58.963149
39422.333, 300.811681, 59.185433
6412.522, 300.471189, 58.872757
8093.484, 300.539739, 58.935903
38480.438, 300.616281, 59.008315
3585.616, 300.630818, 59.019067
60701.583, 300.722260, 59.106987
3635.101, 300.805634, 59.177479
71977.126, 300.643147, 59.034865
8505.953, 300.505568, 58.906634
4028.527, 300.519064, 58.918426
85534.647, 300.520955, 58.928232
9421.615, 300.746445, 59.128774
2215.877, 300.455309, 58.862486
4977.742, 300.804103, 59.181369
426700.467, 300.579556, 58.992065
8187.662, 300.468996, 58.878450
125814.868, 300.457712, 58.875619
6763.342, 300.497117, 58.905009
6760.070, 300.752726, 59.139721
22459.990, 300.684735, 59.080964
27435.067, 300.764166, 59.153133
28058.616, 300.445560, 58.865080
29482.709, 300.695705, 59.092099
2669.786, 300.510108, 58.920836
2761.176, 300.530416, 58.939030
43805.084, 300.642078, 59.045027
3121.203, 300.453394, 58.869811
28646.110, 300.649360, 59.052417
5437.442, 300.783984, 59.172291
33204.523, 300.477473, 58.897128
3157.368, 300.541303, 58.952571
22904.525, 300.799394, 59.189307
24293.041, 300.543946, 58.960935
24808.330, 300.817764, 59.209661
5399.355, 300.739219, 59.137000
6789.893, 300.436914, 58.864734
33344.198, 300.445191, 58.874522
2233.010, 300.521228, 58.941892
36418.826, 300.686291, 59.096700
34983.866, 300.697919, 59.107681
63543.077, 300.737130, 59.144326
8995.644, 300.494470, 58.921288
9866.618, 300.521593, 58.946924
11129.948, 300.531251, 58.954129
7239.743, 300.802448, 59.200729
7985.883, 300.437485, 58.869970
5423.943, 300.510548, 58.937357
13436.735, 300.448415, 58.882830
9356.538, 300.460042, 58.893829
4919.792, 300.466705, 58.899711
23356.751, 300.667396, 59.085889
15236.477, 300.453987, 58.889713
2237.309, 300.503936, 58.934492
5752.012, 300.513414, 58.944356
29684.051, 300.700517, 59.116543
8490.845, 300.427389, 58.866858
2237.972, 300.561233, 58.989534
30324.705, 300.676416, 59.097873
6634.385, 300.475391, 58.914696
33186.036, 300.553522, 58.987695
3662.185, 300.466381, 58.906027
11232.186, 300.486164, 58.925147
106014.415, 300.595615, 59.031653
38970.523, 300.435752, 58.885737
93947.527, 300.563390, 59.002718
45264.363, 300.626217, 59.057969
2221.624, 300.509335, 58.949140
20762.722, 300.726788, 59.149004
22622.624, 300.815406, 59.229285
9996.827, 300.465975, 58.910923
16620.639, 300.472405, 58.922111
10255.533, 300.486557, 58.929458
7670.879, 300.513381, 58.954262
6243.865, 300.458597, 58.905341
4047.562, 300.503698, 58.947089
3589.165, 300.708539, 59.133956
7687.520, 300.615142, 59.050655
15153.920, 300.445378, 58.896918
9364.837, 300.555363, 58.998704
4082.775, 300.778633, 59.199894
8941.344, 300.449812, 58.901589
7631.705, 300.425545, 58.880230
32152.844, 300.652666, 59.090914
150754.842, 300.522077, 58.977668
5311.730, 300.521857, 58.970751
9355.650, 300.409861, 58.869143
41570.955, 300.478649, 58.935040
29943.003, 300.509799, 58.963360
8983.182, 300.712424, 59.146562
11608.445, 300.451208, 58.909580
2688.230, 300.638566, 59.079567
9362.019, 300.485286, 58.940952
4981.090, 300.492754, 58.947477
3123.971, 300.418953, 58.880672
3613.535, 300.470113, 58.927595
2255.387, 300.497269, 58.952162
5792.255, 300.624746, 59.070518
21886.895, 300.731700, 59.169358
5008.988, 300.775668, 59.207875
17982.084, 300.491270, 58.950546
4061.155, 300.512542, 58.969437
32186.646, 300.672724, 59.119508
121711.907, 300.415780, 58.889705
52561.245, 300.451319, 58.917905
7760.211, 300.616080, 59.066366
58615.898, 300.709585, 59.155149
5406.196, 300.598280, 59.051332
10291.117, 300.483033, 58.948836
10720.206, 300.525147, 58.986878
37833.285, 300.457908, 58.932169
63202.309, 300.398156, 58.875752
4053.605, 300.410661, 58.884569
5970.250, 300.794662, 59.234709
2688.823, 300.556047, 59.018424
3142.338, 300.419587, 58.895331
4494.527, 300.528086, 58.994793
15231.712, 300.662878, 59.120078
13173.374, 300.683355, 59.139378
3597.827, 300.517312, 58.987544
11638.764, 300.429136, 58.908478
333200.981, 300.433169, 58.921604
5382.035, 300.461158, 58.937393
44684.382, 300.519293, 58.993567
60217.869, 300.641612, 59.105785
7838.554, 300.731739, 59.185711
12498.421, 300.387217, 58.874382
2243.154, 300.565659, 59.035766
2675.960, 300.502201, 58.978912
27837.412, 300.697163, 59.158866
3588.935, 300.714002, 59.171725
20416.812, 300.398627, 58.887468
2677.454, 300.524476, 59.000282
8114.792, 300.617884, 59.086364
26380.569, 300.716176, 59.176661
40881.710, 300.744689, 59.203506
14580.167, 300.389155, 58.878702
10656.639, 300.418685, 58.905730
9435.107, 300.486762, 58.968017
41819.538, 300.474179, 58.960398
7978.256, 300.480048, 58.964051
7708.670, 300.609777, 59.084447
2715.979, 300.399633, 58.892120
13888.558, 300.409171, 58.903646
13566.103, 300.629038, 59.105662
3965.050, 300.499119, 58.986986
24986.339, 300.399247, 58.898948
7997.667, 300.427705, 58.925562
2249.926, 300.375285, 58.875934
6286.914, 300.412573, 58.912563
4522.707, 300.454410, 58.950307
27372.143, 300.490724, 58.986724
2693.710, 300.506957, 58.998371
3993.071, 300.593825, 59.078163
49358.772, 300.678043, 59.158017
6645.077, 300.380709, 58.885571
166672.571, 300.383050, 58.897292
118732.542, 300.628087, 59.119274
83539.705, 300.524797, 59.021870
15406.348, 300.732301, 59.208295
81804.503, 300.511606, 59.013396
4963.556, 300.442832, 58.944698
27135.735, 300.372865, 58.886354
50519.881, 300.401033, 58.912480
40979.469, 300.505088, 59.008752
15226.450, 300.368212, 58.881890
24328.266, 300.485301, 58.989793
2705.999, 300.639432, 59.129117
83313.963, 300.541293, 59.045361
2666.027, 300.689706, 59.175870
20943.221, 300.753890, 59.236182
3166.997, 300.687154, 59.174293
8494.115, 300.602824, 59.100678
2211.724, 300.425295, 58.937985
9392.430, 300.554613, 59.057275
18451.189, 300.392869, 58.911684
4084.249, 300.447109, 58.959643
11554.108, 300.370852, 58.892007
3612.457, 300.360354, 58.881426
19176.365, 300.383396, 58.907018
23055.525, 300.656537, 59.156478
19022.886, 300.660878, 59.160026
6787.547, 300.692875, 59.187542
34178.302, 300.749144, 59.241995
4037.971, 300.365414, 58.889230
12436.222, 300.489335, 59.004243
5916.530, 300.715846, 59.209287
12089.363, 300.359560, 58.885149
60579.982, 300.414840, 58.941318
9451.381, 300.480900, 58.998571
2286.828, 300.543140, 59.052310
10316.893, 300.498657, 59.013929
3113.928, 300.510737, 59.024031
6687.905, 300.529334, 59.041664
33351.784, 300.670078, 59.171813
14233.303, 300.400516, 58.926067
2697.123, 300.432750, 58.953629
11108.478, 300.579607, 59.088839
2712.113, 300.411163, 58.935321
9421.449, 300.364224, 58.893942
16865.846, 300.352086, 58.885634
8932.392, 300.421109, 58.946964
6210.844, 300.457343, 58.979624
34571.309, 300.588112, 59.102287
18855.803, 300.600650, 59.114308
4562.249, 300.712411, 59.212607
24982.900, 300.378298, 58.910607
5450.382, 300.402291, 58.930615
23339.550, 300.503965, 59.025729
40335.166, 300.580319, 59.096772
2271.903, 300.357830, 58.889926
2283.267, 300.465131, 58.989872
4948.562, 300.607372, 59.121604
50767.986, 300.383771, 58.922063
37574.485, 300.392505, 58.928257
49411.132, 300.400899, 58.940920
2683.592, 300.418760, 58.949399
2713.574, 300.572324, 59.090043
4103.800, 300.401601, 58.934984
10747.197, 300.457810, 58.987696
7652.211, 300.495145, 59.021296
60676.355, 300.357772, 58.899148
9398.271, 300.367743, 58.906170
9554.054, 300.679976, 59.190882
17354.363, 300.470881, 59.002301
20250.476, 300.635678, 59.153246
51532.379, 300.344477, 58.891047
12176.458, 300.350207, 58.894114
20789.137, 300.741132, 59.251897
7566.703, 300.510037, 59.042168
22936.824, 300.575270, 59.101837
19355.954, 300.438592, 58.980000
2300.493, 300.494314, 59.027491
29445.284, 300.501424, 59.037233
13086.343, 300.643117, 59.164188
10758.263, 300.360431, 58.906536
11228.234, 300.722198, 59.237417
4961.348, 300.365808, 58.912331
4446.677, 300.371391, 58.918784
4480.632, 300.391282, 58.936855
9331.874, 300.405680, 58.951225
2673.428, 300.534907, 59.068180
19351.064, 300.562516, 59.097412
2261.132, 300.519022, 59.056030
4961.537, 300.537941, 59.073572
51324.740, 300.612287, 59.145619
36044.814, 300.442466, 58.989924
9971.433, 300.528497, 59.066376
14505.290, 300.607336, 59.139111
3595.583, 300.387172, 58.937322
7662.757, 300.397102, 58.947001
9837.547, 300.452922, 58.999178
17066.901, 300.566508, 59.102815
9365.121, 300.366495, 58.920059
3593.045, 300.637465, 59.166756
2207.933, 300.539634, 59.077928
4011.540, 300.645757, 59.175113
8907.628, 300.332665, 58.889930
3163.297, 300.404968, 58.956449
11736.822, 300.676168, 59.204432
67367.751, 300.537127, 59.083735
13053.884, 300.665291, 59.196249
8989.337, 300.527105, 59.070171
14409.410, 300.599092, 59.136904
2212.337, 300.614717, 59.149193
4459.870, 300.406149, 58.959476
52173.108, 300.429129, 58.985004
4051.968, 300.384373, 58.940284
13038.576, 300.469369, 59.019843
5366.068, 300.499696, 59.047155
22794.205, 300.581744, 59.123526
80234.424, 300.662025, 59.202361
3101.227, 300.371264, 58.929294
7170.569, 300.384719, 58.943304
3502.838, 300.463129, 59.013096
100968.671, 300.346633, 58.917390
7624.625, 300.411292, 58.967652
10337.647, 300.448770, 59.001489
22662.868, 300.416254, 58.974873
3586.491, 300.338837, 58.901564
2710.513, 300.341552, 58.905159
3586.011, 300.399105, 58.959903
11287.686, 300.509835, 59.062192
45670.909, 300.558551, 59.109144
19890.826, 300.613044, 59.157122
10299.862, 300.324618, 58.892353
99442.524, 300.364377, 58.937113
25814.905, 300.721713, 59.256863
6728.143, 300.365574, 58.930992
4504.017, 300.403379, 58.965856
7987.895, 300.553659, 59.103470
5819.027, 300.410008, 58.972708
13036.023, 300.416377, 58.979666
2709.059, 300.434158, 58.994996
90669.628, 300.537423, 59.094581
6707.164, 300.649398, 59.192877
34038.458, 300.326259, 58.900179
33087.390, 300.383300, 58.952176
2656.669, 300.470162, 59.030442
59796.017, 300.711833, 59.254353
4082.953, 300.454066, 59.016848
5439.752, 300.531816, 59.089031
16486.323, 300.416246, 58.985296
16137.508, 300.385908, 58.957081
17495.488, 300.357652, 58.931987
3978.900, 300.433804, 59.001135
7197.735, 300.396156, 58.967873
18429.888, 300.476716, 59.043036
12173.501, 300.451696, 59.020353
32747.003, 300.609524, 59.166078
95824.712, 300.435795, 59.013951
3167.377, 300.521805, 59.085281
243108.630, 300.314146, 58.909745
2676.181, 300.348556, 58.927823
21771.826, 300.405481, 58.983435
6798.295, 300.364278, 58.943648
6221.197, 300.485644, 59.055793
26848.995, 300.545917, 59.113742
24657.415, 300.671770, 59.226837
7571.164, 300.392961, 58.972319
15208.462, 300.476660, 59.049647
25724.343, 300.527230, 59.096414
24512.373, 300.329661, 58.915325
7737.096, 300.654427, 59.211735
11208.816, 300.311981, 58.899356
3127.469, 300.635499, 59.194469
26776.016, 300.393958, 58.979432
15873.227, 300.423943, 59.003303
107326.928, 300.530915, 59.107762
32633.245, 300.593122, 59.163265
7651.105, 300.608999, 59.175584
2229.789, 300.333508, 58.923324
8064.359, 300.499358, 59.077112
7566.133, 300.685113, 59.245908
2264.113, 300.388935, 58.974589
7170.155, 300.396439, 58.982945
8937.801, 300.477602, 59.057588
34588.177, 300.633195, 59.201548
8912.114, 300.304363, 58.899342
3213.808, 300.309217, 58.902422
49142.716, 300.433704, 59.023830
9893.208, 300.455176, 59.038068
17176.626, 300.467574, 59.049565
20627.010, 300.664672, 59.230409
12688.305, 300.675232, 59.239592
37991.562, 300.690641, 59.254616
4098.978, 300.461709, 59.044392
3649.021, 300.577950, 59.150229
3559.718, 300.319304, 58.915043
12583.674, 300.597429, 59.171329
4986.374, 300.620534, 59.191807
27324.064, 300.404608, 58.998036
17472.047, 300.357101, 58.954277
9296.410, 300.467455, 59.055374
18813.177, 300.473750, 59.062734
8929.212, 300.386443, 58.982642
18025.831, 300.552554, 59.135637
13400.733, 300.331110, 58.933263
40924.007, 300.676832, 59.250010
6794.951, 300.322102, 58.924668
65203.024, 300.340886, 58.945720
34853.285, 300.314714, 58.921976
11234.702, 300.420219, 59.017404
29914.275, 300.506809, 59.098520
13033.000, 300.646664, 59.224395
12513.604, 300.331971, 58.937312
5416.289, 300.380903, 58.981761
36923.398, 300.575803, 59.162312
66029.141, 300.612051, 59.196360
28350.703, 300.295747, 58.906283
2228.437, 300.441553, 59.037562
12109.390, 300.474694, 59.069953
41353.140, 300.651413, 59.233271
2237.388, 300.404689, 59.005587
34437.509, 300.592237, 59.180980
6719.724, 300.306144, 58.916000
11953.716, 300.391510, 58.995976
27705.810, 300.407259, 59.012737
3179.318, 300.515112, 59.108135
4534.069, 300.563809, 59.153012
4514.538, 300.289571, 58.902745
5792.386, 300.344259, 58.953263
15219.029, 300.373695, 58.981860
3163.684, 300.553631, 59.144590
25164.759, 300.656589, 59.240678
21414.713, 300.673700, 59.255290
31233.545, 300.381221, 58.990951
22492.336, 300.436820, 59.040757
9361.011, 300.317075, 58.930827
7181.508, 300.356031, 58.965340
2281.366, 300.557889, 59.149662
20045.874, 300.349399, 58.962939
8505.962, 300.360499, 58.971275
3129.783, 300.367235, 58.976648
12110.101, 300.527966, 59.125753
24540.350, 300.573669, 59.167547
4542.875, 300.419455, 59.025443
16853.770, 300.445357, 59.053855
3985.933, 300.514288, 59.112846
20197.381, 300.339559, 58.956162
68561.309, 300.480913, 59.090241
4498.746, 300.457755, 59.062782
9059.293, 300.535963, 59.135320
29160.586, 300.493783, 59.099463
29581.098, 300.418109, 59.032169
14189.842, 300.352556, 58.972209
69893.759, 300.648743, 59.245347
25824.845, 300.317452, 58.941141
151781.224, 300.356156, 58.981197
35820.654, 300.444907, 59.058706
3119.221, 300.407197, 59.022775
15565.220, 300.320217, 58.945659
7119.523, 300.288784, 58.916124
2255.192, 300.400776, 59.018151
66092.609, 300.334517, 58.962006
201230.249, 300.479029, 59.100405
2260.941, 300.293840, 58.922645
31159.107, 300.271883, 58.908013
77078.307, 300.320382, 58.955875
2215.694, 300.373344, 58.999565
11759.263, 300.408926, 59.033814
10250.526, 300.277063, 58.913048
36965.220, 300.648305, 59.254348
4123.617, 300.474857, 59.094647
3168.295, 300.501222, 59.118601
7945.096, 300.534632, 59.150776
16237.554, 300.280316, 58.917809
29538.038, 300.605337, 59.217100
4070.505, 300.427136, 59.053084
34877.968, 300.308004, 58.948921
32885.709, 300.410999, 59.041367
4509.052, 300.378046, 59.009590
3087.525, 300.526860, 59.145621
13431.943, 300.291483, 58.932009
5353.517, 300.358362, 58.993132
3159.354, 300.462781, 59.087922
64780.166, 300.569980, 59.190318
14311.076, 300.417831, 59.050599
7680.677, 300.450004, 59.078629
2773.031, 300.597803, 59.212741
6258.895, 300.336598, 58.974991
8916.472, 300.382124, 59.017918
6711.974, 300.276862, 58.920589
184445.628, 300.324875, 58.972308
26048.566, 300.339005, 58.979790
26329.824, 300.624528, 59.242525
7245.702, 300.360330, 58.998526
2744.517, 300.369606, 59.006526
2742.216, 300.291097, 58.936119
24979.958, 300.422923, 59.061034
4439.269, 300.441802, 59.074671
3099.410, 300.392269, 59.030684
20899.328, 300.442917, 59.078268
20499.897, 300.591054, 59.213269
38293.573, 300.258385, 58.912270
4063.378, 300.431358, 59.066805
25656.105, 300.595133, 59.218871
3627.240, 300.602127, 59.223429
21843.020, 300.311819, 58.960350
4931.503, 300.500260, 59.132001
33671.451, 300.615320, 59.239947
6739.692, 300.370828, 59.016670
50040.776, 300.392488, 59.039221
79823.150, 300.602042, 59.231572
11693.627, 300.363040, 59.010060
53675.497, 300.373916, 59.024790
8920.696, 300.389021, 59.035200
37390.864, 300.339085, 58.991169
5775.534, 300.271564, 58.927290
8987.940, 300.266725, 58.924313
125056.356, 300.293171, 58.953053
21310.219, 300.401101, 59.049732
49658.811, 300.590854, 59.223401
26196.291, 300.276211, 58.936692
3611.763, 300.483166, 59.123453
78866.063, 300.485275, 59.130644
3162.573, 300.315008, 58.969627
22359.208, 300.451974, 59.098539
8129.915, 300.526249, 59.166373
6894.690, 300.627279, 59.257757
4093.568, 300.377015, 59.031836
