# Source Fluxes and Coordinates
# Flux (e-/s), RA (deg), Dec (deg)
697686.769, 301.099250, 58.834958
84145.069, 301.198505, 58.922359
65401.387, 300.991453, 58.737697
16624.718, 300.957684, 58.706293
14096.089, 301.191946, 58.917867
2503.904, 301.055216, 58.794714
4491.830, 301.139903, 58.871150
27587.954, 301.235005, 58.961271
29444.932, 301.038099, 58.784757
2493.813, 301.104077, 58.842810
3031.929, 301.349509, 59.063953
2975.792, 301.099969, 58.842476
30903.457, 301.135363, 58.878418
15987.672, 301.028094, 58.782037
13447.848, 301.141638, 58.883932
25002.127, 301.055195, 58.808154
11329.768, 301.031383, 58.788403
19864.785, 301.116484, 58.865968
50059.541, 301.056073, 58.817640
14741.287, 301.178109, 58.926885
46700.902, 300.973994, 58.748938
13465.860, 301.085580, 58.849899
29479.951, 301.099474, 58.863728
66800.928, 301.293665, 59.039217
39547.873, 300.958445, 58.737636
2482.040, 301.021367, 58.792683
6451.009, 300.936544, 58.718439
9024.566, 301.009597, 58.786059
44470.587, 301.181587, 58.948041
13362.328, 300.936403, 58.725987
2884.002, 301.045263, 58.824428
7065.517, 301.283219, 59.038559
2448.172, 301.206570, 58.970404
23282.005, 301.011457, 58.798054
14605.656, 301.112208, 58.889234
30827.355, 301.135008, 58.911735
17002.230, 300.981316, 58.773404
101414.201, 301.201981, 58.976426
7465.055, 301.012728, 58.804495
81962.135, 301.298346, 59.063722
48838.419, 300.928749, 58.730915
38324.503, 301.253310, 59.025740
57418.172, 301.166915, 58.949682
10528.779, 301.056582, 58.849576
15875.259, 301.135653, 58.921589
19004.862, 301.208003, 58.986754
11846.301, 300.945868, 58.752117
67342.291, 301.170730, 58.959047
14734.541, 300.979171, 58.785757
2925.959, 301.119528, 58.911149
2831.805, 301.312679, 59.084737
10377.911, 301.013641, 58.818150
14078.983, 301.065227, 58.864832
3419.803, 301.048109, 58.849888
54992.100, 301.152788, 58.947896
129323.725, 300.902070, 58.724384
38462.488, 301.131122, 58.932478
8431.997, 300.940660, 58.758970
9444.525, 301.009009, 58.821136
25542.861, 301.088675, 58.894588
14488.385, 301.107851, 58.910995
5652.567, 301.261186, 59.047461
2510.783, 301.024231, 58.837425
9874.081, 301.066648, 58.880094
2969.401, 300.902540, 58.730373
5937.228, 300.992358, 58.812709
3039.093, 301.293313, 59.083274
3506.212, 300.933306, 58.762577
3071.123, 301.264353, 59.060406
51235.977, 301.109797, 58.926854
45855.572, 300.885372, 58.726020
27033.087, 301.045782, 58.872738
112992.310, 301.068637, 58.896757
12701.755, 301.284873, 59.086746
3966.168, 301.124648, 58.943374
13932.646, 300.940497, 58.780272
48607.319, 300.905512, 58.752255
77822.980, 300.896173, 58.745780
60517.522, 300.943573, 58.788157
47780.553, 301.104733, 58.934156
10945.504, 300.915436, 58.760553
22971.186, 301.113145, 58.940944
12905.151, 300.973905, 58.814626
72029.804, 301.167255, 58.994597
13290.887, 301.210814, 59.030519
24172.678, 300.904470, 58.758420
20453.474, 300.994661, 58.840503
18358.430, 300.883718, 58.740312
36345.697, 301.076314, 58.917209
66083.220, 301.015892, 58.865209
11355.373, 300.980812, 58.833520
97458.027, 300.887180, 58.753777
19910.115, 301.106790, 58.947903
12999.796, 300.878602, 58.742729
155534.381, 301.137805, 58.982350
7911.135, 301.035745, 58.886196
19206.368, 301.240199, 59.073152
312415.623, 300.859395, 58.741138
44665.400, 300.969690, 58.834889
127832.822, 301.026490, 58.890643
6961.800, 301.067350, 58.923637
10502.663, 301.188885, 59.032367
14375.489, 300.899401, 58.775461
35777.541, 300.954563, 58.827849
63093.232, 300.999851, 58.871824
13451.665, 300.950373, 58.823250
7983.770, 300.881070, 58.760287
7397.777, 301.063267, 58.926527
8450.013, 300.913622, 58.792601
15199.373, 301.141350, 58.998688
6600.138, 301.221786, 59.069925
48553.382, 300.956885, 58.839047
4453.628, 300.943330, 58.825950
39957.749, 301.042225, 58.922841
9370.962, 300.845833, 58.744515
61896.515, 301.202381, 59.068715
108929.586, 300.862878, 58.766572
3516.211, 301.002190, 58.887283
33787.520, 301.066936, 58.947858
3496.465, 301.115472, 58.989503
156918.904, 301.023285, 58.914316
18503.934, 301.106330, 58.984404
3474.474, 300.975219, 58.865420
4482.795, 300.891096, 58.791123
4462.771, 301.081875, 58.963266
4431.505, 300.886101, 58.788814
28293.609, 301.111970, 58.995220
41530.625, 301.047064, 58.943410
5876.032, 301.055585, 58.948943
115807.157, 301.132157, 59.022075
70269.156, 300.983177, 58.889191
6340.920, 300.964922, 58.870660
53632.790, 301.119514, 59.013080
49243.450, 300.916426, 58.830617
5961.602, 300.959660, 58.866618
9449.036, 300.845509, 58.764360
5967.027, 300.928890, 58.840034
4499.932, 300.854191, 58.772395
16701.889, 300.988703, 58.895831
4466.046, 300.896928, 58.812367
3949.364, 300.996175, 58.906217
95984.360, 300.934701, 58.858763
522057.218, 300.819423, 58.765436
3024.262, 300.906451, 58.829949
37157.700, 301.101209, 59.008580
31957.894, 301.142163, 59.043936
3521.049, 300.838022, 58.768835
50925.366, 301.193786, 59.092341
6502.821, 301.025041, 58.940204
14341.148, 300.841693, 58.775020
4522.997, 300.997621, 58.915793
15545.479, 301.074189, 58.986241
5985.272, 300.974999, 58.896615
15829.591, 301.063828, 58.978003
11819.422, 301.067468, 58.981905
6453.553, 301.174683, 59.077013
81666.787, 300.837880, 58.779586
21257.748, 300.901657, 58.835648
37074.203, 301.138742, 59.054622
7325.702, 300.951848, 58.889009
21872.815, 301.014961, 58.948464
4913.201, 300.909266, 58.851124
43206.204, 300.923635, 58.867245
30407.981, 300.968737, 58.908085
20952.336, 300.884412, 58.832755
13260.416, 300.796923, 58.753133
10790.713, 300.843024, 58.794649
13451.913, 301.041950, 58.975491
44124.428, 301.059089, 58.992729
2946.463, 300.856780, 58.806948
4038.068, 300.986289, 58.924936
12368.998, 300.924657, 58.873306
20107.506, 301.079407, 59.012803
42135.042, 301.160267, 59.087530
43351.137, 300.796283, 58.759701
41158.241, 300.818315, 58.782189
2985.703, 300.841722, 58.799826
12988.360, 300.900451, 58.854129
23192.693, 300.874834, 58.836564
50985.942, 300.802733, 58.774061
26163.715, 300.980553, 58.934043
34739.761, 301.144692, 59.082061
27427.818, 301.130646, 59.070400
5488.310, 300.842676, 58.809490
89261.662, 301.023160, 58.976258
23115.765, 301.090301, 59.035284
8329.139, 301.004965, 58.959098
12424.864, 300.837656, 58.807323
12884.725, 300.856797, 58.824398
52161.921, 300.824067, 58.798342
5952.281, 300.939997, 58.900384
6050.663, 301.008631, 58.962123
8489.862, 300.896386, 58.861433
30255.987, 301.077274, 59.029034
3975.043, 300.840284, 58.813385
11631.128, 301.110214, 59.058909
30366.333, 300.975059, 58.939983
5947.759, 300.782236, 58.763231
6405.306, 300.794363, 58.774539
70912.961, 300.846812, 58.827565
2486.994, 300.871314, 58.847422
7969.304, 300.930029, 58.902409
19348.563, 300.960746, 58.930861
3965.811, 300.827943, 58.809615
14426.282, 300.812590, 58.797482
2972.330, 300.920935, 58.895218
17767.441, 300.835746, 58.822401
3038.891, 300.898314, 58.875406
2467.421, 300.941516, 58.914032
16729.582, 300.880576, 58.862506
89716.395, 301.019819, 58.991924
3924.886, 301.073326, 59.034211
6380.279, 300.901463, 58.880273
5430.487, 300.781957, 58.773077
22293.935, 300.927578, 58.907025
21100.841, 301.002451, 58.975670
85250.101, 300.961261, 58.941400
7934.536, 300.892377, 58.876611
7454.533, 300.933402, 58.915279
5462.440, 300.790426, 58.786225
109556.038, 300.855839, 58.853064
67168.409, 300.773727, 58.776449
5422.611, 300.874268, 58.863845
7514.171, 300.978080, 58.958937
28039.941, 301.093887, 59.064697
26289.797, 301.143959, 59.110544
2945.558, 300.813870, 58.811612
31342.100, 300.910172, 58.902095
19211.858, 300.817492, 58.820052
19342.181, 300.978211, 58.965416
203761.670, 301.017113, 59.006832
44679.098, 301.112089, 59.086869
5997.232, 300.866079, 58.863044
29727.392, 300.888058, 58.886439
6965.165, 300.795520, 58.800916
2499.195, 300.844712, 58.844917
29445.566, 301.099681, 59.077739
27439.173, 300.786100, 58.796225
9423.144, 300.806098, 58.817160
2955.675, 300.814153, 58.822921
11696.454, 300.885054, 58.891512
8937.564, 300.978210, 58.974751
41681.768, 301.021765, 59.016782
12853.183, 300.906244, 58.911160
36051.923, 300.773026, 58.793844
42096.227, 300.803702, 58.822428
3508.524, 301.031413, 59.025727
40429.678, 300.766727, 58.789623
5436.719, 300.818053, 58.834303
43390.220, 301.131541, 59.119107
8916.818, 300.779621, 58.799744
29794.332, 300.960307, 58.965447
81333.123, 300.744749, 58.776097
4503.645, 300.919508, 58.927316
42646.545, 300.860266, 58.877240
315193.711, 300.900096, 58.922458
44838.847, 301.092903, 59.089090
3491.004, 300.822269, 58.843824
24321.426, 300.853984, 58.874334
6403.243, 300.928159, 58.939673
19275.134, 300.777866, 58.806072
3010.490, 300.766387, 58.794976
39628.759, 300.809794, 58.837476
9521.294, 300.825590, 58.849129
27281.590, 300.769682, 58.802555
48505.125, 300.774084, 58.811176
7435.740, 300.799918, 58.830015
2976.162, 300.743356, 58.779447
8990.018, 300.821652, 58.851612
2540.682, 301.077463, 59.080949
16868.776, 300.732486, 58.770888
3488.211, 300.827711, 58.857529
23749.523, 300.834775, 58.866422
38280.918, 300.958703, 58.979532
4966.784, 300.886634, 58.914432
7900.979, 300.774944, 58.816092
14788.011, 300.816634, 58.854720
10355.814, 300.825754, 58.862243
2518.461, 300.872496, 58.903713
5950.735, 300.841175, 58.876902
4998.831, 300.862742, 58.896297
54335.310, 300.832668, 58.874248
5001.245, 300.806874, 58.846818
45689.983, 300.844928, 58.885850
2968.075, 300.870532, 58.904945
11530.443, 301.033125, 59.053643
39146.266, 300.743746, 58.793754
4947.793, 300.801815, 58.844239
51773.946, 300.954205, 58.985750
4069.218, 301.103733, 59.116398
40028.870, 301.042272, 59.065738
19754.704, 300.835107, 58.879897
24267.782, 300.727465, 58.785251
59076.087, 301.017516, 59.053382
18345.930, 300.775454, 58.835414
37816.191, 301.053071, 59.086106
4465.380, 300.863926, 58.913819
8838.703, 300.802556, 58.861098
7981.767, 300.867854, 58.919580
17378.323, 300.886703, 58.939045
3985.217, 300.756384, 58.819106
2461.864, 300.833711, 58.890036
7450.140, 300.760351, 58.825725
8834.098, 300.803161, 58.866470
6445.824, 300.813276, 58.874999
19967.865, 300.717391, 58.790022
18443.918, 300.761177, 58.830176
12771.195, 300.732559, 58.803433
79974.775, 300.830253, 58.896728
9331.862, 300.780113, 58.847568
7483.157, 300.733733, 58.807483
4461.335, 300.847420, 58.910157
50445.742, 300.926457, 58.984943
3494.329, 300.956621, 59.008636
35668.968, 300.948720, 59.005226
12521.897, 301.048056, 59.093329
6851.854, 300.740211, 58.814942
2959.999, 300.812322, 58.881787
4470.611, 300.820506, 58.891230
82317.316, 300.845101, 58.917987
6861.853, 300.837621, 58.908555
4462.299, 300.790128, 58.866521
6927.545, 300.712340, 58.797631
14945.875, 300.903927, 58.972263
7837.634, 300.695019, 58.783900
48483.870, 300.756732, 58.841150
33927.114, 300.794172, 58.876613
38783.402, 301.075299, 59.128972
8394.437, 300.885085, 58.957177
3022.115, 300.970862, 59.033885
56600.227, 300.914557, 58.987710
29429.192, 300.958663, 59.030187
26247.274, 300.767163, 58.858932
19956.900, 301.045718, 59.111723
20269.929, 300.687467, 58.786981
7929.005, 300.775650, 58.866283
6398.022, 300.726577, 58.822460
2983.509, 300.810559, 58.899678
10000.044, 301.036167, 59.104532
8319.553, 300.709391, 58.809802
68231.125, 300.719275, 58.822483
37111.084, 300.854724, 58.943517
3013.882, 300.793237, 58.885480
2966.846, 300.802977, 58.894329
53057.395, 300.867307, 58.957049
7877.214, 300.814126, 58.906714
6914.022, 300.827773, 58.920795
280285.287, 300.955642, 59.045018
15868.278, 300.752437, 58.851715
5946.921, 300.762991, 58.861675
6880.951, 300.774826, 58.872814
97085.990, 300.791044, 58.891545
83274.198, 300.994124, 59.075331
6501.239, 300.681206, 58.789836
3506.401, 300.692644, 58.798659
36748.766, 300.871762, 58.963655
41344.950, 300.727354, 58.836405
7985.020, 300.938724, 59.023974
7850.991, 300.697786, 58.806911
12267.085, 300.740923, 58.847711
12439.035, 300.802919, 58.903080
3468.208, 300.676718, 58.788793
67182.915, 300.871051, 58.969854
23090.862, 301.060435, 59.138187
3494.918, 300.692987, 58.804147
69159.408, 300.705821, 58.821335
33409.104, 300.768091, 58.877052
3487.134, 300.849374, 58.947773
10500.057, 300.939349, 59.031297
2489.620, 300.773839, 58.881222
12866.640, 300.815432, 58.920762
30386.900, 300.896632, 58.997162
8927.423, 300.672448, 58.791673
10806.600, 300.791348, 58.900166
25457.150, 300.885269, 58.986975
28467.681, 300.891495, 58.992622
56062.883, 300.775347, 58.890365
2499.079, 300.831413, 58.936713
5448.195, 300.862791, 58.965278
14339.371, 300.687448, 58.808752
2541.985, 301.039202, 59.124572
6450.958, 300.697268, 58.817820
56469.289, 300.675437, 58.803738
166124.786, 300.749577, 58.872191
3915.752, 300.759049, 58.874052
16806.031, 300.766298, 58.882997
9872.027, 300.687460, 58.812198
73221.827, 300.663117, 58.795038
13327.977, 300.792892, 58.909758
3986.136, 300.701043, 58.825596
6426.018, 300.730920, 58.853269
17951.582, 300.907651, 59.014862
11445.390, 300.710777, 58.836432
11349.083, 300.679425, 58.808259
6371.155, 300.782962, 58.902376
3966.103, 300.701984, 58.829606
18393.373, 300.829148, 58.948052
8966.289, 300.973247, 59.076675
8418.467, 300.735897, 58.862674
2503.557, 300.938502, 59.045601
35416.548, 300.677472, 58.814009
8983.440, 300.692371, 58.824732
14859.628, 300.804152, 58.927669
10346.877, 300.751586, 58.880402
14514.627, 300.862313, 58.981501
57792.299, 300.664461, 58.807777
25162.005, 300.705580, 58.840772
21153.982, 300.732910, 58.866575
43958.345, 300.880488, 59.002136
8091.776, 300.923539, 59.037892
4952.831, 300.656035, 58.795740
175843.511, 300.750915, 58.890412
17195.064, 300.772083, 58.903308
34386.498, 300.964566, 59.078056
5393.274, 300.726568, 58.861265
18256.843, 300.802823, 58.932598
40350.065, 300.692285, 58.834340
2437.151, 300.651121, 58.794026
12912.867, 300.744442, 58.881007
8437.480, 300.783482, 58.915743
60956.048, 300.937174, 59.058262
18042.999, 301.019341, 59.130172
9873.663, 300.652563, 58.799785
10400.205, 300.655789, 58.802241
9886.906, 300.738909, 58.878549
5955.284, 300.686597, 58.830001
36577.348, 300.644087, 58.796156
3006.931, 300.777211, 58.913831
179088.732, 300.813357, 58.954181
80288.770, 300.828202, 58.964826
19676.833, 300.757630, 58.898824
5519.352, 300.801952, 58.936633
10560.832, 300.992038, 59.109066
82384.165, 301.034499, 59.151953
11827.022, 300.723907, 58.868934
5885.300, 300.778894, 58.917525
5912.962, 300.788865, 58.927424
21618.531, 300.885361, 59.017190
120751.499, 300.672738, 58.830795
19798.607, 300.764251, 58.908253
34997.386, 300.925254, 59.054873
9566.066, 301.007730, 59.130770
2487.915, 300.753856, 58.901592
4919.283, 300.657156, 58.814505
12526.849, 300.736810, 58.887563
4942.162, 300.757158, 58.905692
74241.590, 300.837674, 58.982894
2486.001, 300.653956, 58.811813
4935.118, 300.791106, 58.937816
52322.687, 300.923281, 59.060772
8874.375, 300.686399, 58.845129
18717.028, 300.705085, 58.863035
58191.821, 300.686927, 58.850514
4011.201, 300.661508, 58.821944
5439.049, 300.702430, 58.859946
4020.782, 300.783892, 58.933682
167603.320, 300.729891, 58.893299
3962.831, 300.724083, 58.880946
12811.662, 300.795480, 58.946801
10371.231, 300.648751, 58.815651
191907.249, 300.850234, 59.005162
27702.823, 300.838675, 58.992425
3505.174, 300.629667, 58.801205
144451.747, 300.635024, 58.812927
18188.018, 300.708141, 58.876066
29952.093, 300.741684, 58.907749
5425.169, 300.666770, 58.838122
14847.039, 300.672491, 58.847899
20257.655, 300.776282, 58.939270
3985.070, 300.698834, 58.868266
3014.138, 300.766427, 58.930127
5044.326, 300.748332, 58.915356
2532.854, 300.789855, 58.953008
11845.182, 301.021932, 59.164394
2459.844, 300.659808, 58.837410
5481.636, 300.732034, 58.903395
13898.310, 300.642995, 58.824341
25210.382, 300.648120, 58.829662
4500.675, 300.942658, 59.095055
8363.156, 300.621266, 58.805800
18247.394, 300.664735, 58.846413
5989.360, 300.696646, 58.877232
8897.229, 300.708625, 58.889677
21097.593, 300.691031, 58.873863
38680.197, 300.779833, 58.957001
5981.094, 300.651471, 58.837058
7420.641, 300.711575, 58.891797
11328.172, 300.646260, 58.833760
3965.649, 300.740025, 58.918734
19238.644, 300.650462, 58.841514
3454.629, 300.671030, 58.857711
29292.252, 300.799536, 58.978459
14916.399, 300.823394, 58.999956
4945.718, 300.698902, 58.886094
9358.218, 300.727065, 58.912644
30564.571, 300.827099, 59.004707
20207.316, 300.618579, 58.814829
50102.458, 301.003223, 59.164991
13528.153, 300.942614, 59.109400
6388.467, 300.679987, 58.872100
26356.073, 300.714700, 58.906352
3487.033, 300.841841, 59.019113
35579.097, 300.657451, 58.857160
17398.707, 300.683400, 58.878353
113234.025, 300.982101, 59.152542
2974.612, 300.646453, 58.844369
7931.587, 300.653455, 58.852049
13848.675, 300.700748, 58.895467
46199.324, 300.748586, 58.941479
14774.745, 300.721341, 58.914552
6399.069, 300.735008, 58.927557
62393.235, 300.801880, 58.993750
2976.598, 300.667147, 58.866247
61834.185, 300.888448, 59.070701
4450.343, 300.612912, 58.817201
31016.532, 300.796423, 58.986797
2923.174, 300.715332, 58.911865
7115.332, 301.000519, 59.169971
5966.719, 300.617995, 58.823804
3422.336, 300.753188, 58.946905
58570.817, 300.830004, 59.020629
43113.339, 300.991702, 59.165781
4468.067, 300.613020, 58.821896
3990.646, 300.622391, 58.830588
41315.565, 300.641315, 58.850717
5944.536, 300.685140, 58.888008
62074.290, 300.731387, 58.934025
4423.906, 300.716920, 58.917796
12800.316, 300.688758, 58.896260
2952.027, 300.761214, 58.959765
34811.769, 300.764284, 58.965831
2499.582, 300.737540, 58.939152
11820.321, 300.749342, 58.952310
442555.631, 300.988667, 59.175880
8381.095, 300.598855, 58.816531
3002.843, 300.623742, 58.838355
57971.264, 300.665860, 58.879825
7910.521, 300.705367, 58.913222
24186.510, 300.639470, 58.855036
4486.436, 300.772635, 58.974985
6903.088, 300.631736, 58.847812
9419.617, 300.648005, 58.863920
30676.607, 300.650204, 58.870483
18366.033, 300.601145, 58.825139
4969.132, 300.622897, 58.843517
4518.712, 300.613383, 58.835744
55625.620, 300.655789, 58.877528
4048.152, 300.862296, 59.061867
81941.002, 300.678850, 58.902395
22951.153, 300.790301, 58.999321
5009.908, 300.846433, 59.048483
53898.113, 300.880227, 59.084349
20175.496, 300.634741, 58.861854
2468.725, 300.693493, 58.911873
34926.708, 300.964650, 59.159949
13377.613, 300.600252, 58.829739
2978.241, 300.707328, 58.925661
31876.192, 300.817603, 59.029279
6968.345, 300.606655, 58.836735
39127.942, 300.739377, 58.958800
35860.328, 300.824704, 59.036779
4956.746, 300.715462, 58.936520
4042.731, 300.767458, 58.983057
22635.242, 300.699262, 58.926279
20293.369, 300.776480, 58.994867
6424.213, 300.601821, 58.834684
3993.532, 300.659568, 58.887260
9311.421, 300.694077, 58.920777
2982.045, 300.723994, 58.946033
6037.935, 300.921444, 59.125718
3007.204, 300.976424, 59.175588
10320.433, 300.639997, 58.874031
43372.676, 300.602460, 58.845720
6477.792, 300.613649, 58.849944
2978.447, 300.630626, 58.865385
161549.233, 300.653100, 58.891799
3458.852, 300.667294, 58.898437
17985.442, 300.894464, 59.105739
51858.698, 300.682521, 58.917993
2997.027, 300.593608, 58.834035
95622.645, 300.733626, 58.970586
13360.150, 300.614273, 58.857392
147081.140, 300.904996, 59.126758
32856.266, 300.571904, 58.821516
6900.370, 300.661346, 58.901569
486259.954, 300.627478, 58.885700
43287.031, 300.948544, 59.164298
29577.824, 300.709069, 58.948857
13916.037, 300.850234, 59.076273
9361.670, 300.654038, 58.899319
41574.555, 300.614001, 58.867694
22748.464, 300.577624, 58.833447
77742.568, 300.598872, 58.857375
3436.973, 300.574662, 58.829531
26868.971, 300.717342, 58.962771
22252.939, 300.583201, 58.841538
8929.900, 300.595968, 58.852669
7978.488, 300.676029, 58.925669
5903.330, 300.617436, 58.873158
32094.503, 300.637417, 58.895516
15781.496, 300.650479, 58.904224
6911.915, 300.679916, 58.931348
3432.958, 300.699481, 58.948871
32370.301, 300.802213, 59.044593
3443.884, 300.563921, 58.825853
27091.350, 300.650348, 58.910879
2953.578, 300.659591, 58.915329
74604.862, 300.849222, 59.092573
8961.642, 300.925356, 59.156886
26010.891, 300.938101, 59.170228
11331.449, 300.603023, 58.866442
114812.493, 300.664496, 58.926675
4458.821, 300.679038, 58.935593
3007.127, 300.553621, 58.824144
2457.084, 300.595459, 58.863359
10875.841, 300.651060, 58.915845
63190.279, 300.583676, 58.858209
10002.400, 300.800944, 59.054475
4987.529, 300.891069, 59.134947
7471.237, 300.574597, 58.850513
6441.825, 300.673536, 58.941389
6452.744, 300.885242, 59.134097
41431.528, 300.616183, 58.896198
6035.924, 300.841725, 59.097612
2999.706, 300.701403, 58.970860
18959.823, 300.783191, 59.047354
14192.919, 300.810331, 59.071956
16931.239, 300.565066, 58.849440
31837.609, 300.621353, 58.902065
2963.083, 300.862068, 59.118218
2462.830, 300.550376, 58.835095
62550.663, 300.893024, 59.151259
7049.147, 300.594861, 58.879978
3460.095, 300.640235, 58.920307
2978.869, 300.686859, 58.962685
24807.763, 300.939369, 59.193617
56224.090, 300.790100, 59.063014
5029.139, 300.853644, 59.117263
16391.829, 300.872104, 59.134373
54762.674, 300.540367, 58.836924
11519.967, 300.622137, 58.909157
2990.929, 300.585537, 58.875265
7459.392, 300.811795, 59.081983
4953.131, 300.570164, 58.862377
22451.094, 300.664172, 58.949962
13510.575, 300.740397, 59.018277
2490.964, 300.642907, 58.929043
5950.575, 300.628087, 58.917113
7994.905, 300.733674, 59.013468
11927.871, 300.615841, 58.907554
7007.865, 300.675479, 58.963714
3937.750, 300.567173, 58.864998
102981.157, 300.579888, 58.881386
15484.400, 300.631950, 58.927871
41503.505, 300.778310, 59.063630
15989.495, 300.826708, 59.103922
56275.866, 300.863657, 59.138850
5990.878, 300.553382, 58.855256
13303.417, 300.574077, 58.873719
13620.740, 300.812474, 59.090874
3894.551, 300.567711, 58.868348
28706.362, 300.710539, 59.001203
7477.155, 300.610398, 58.909499
2506.311, 300.560428, 58.863932
26057.955, 300.656314, 58.954531
23604.045, 300.697101, 58.991991
35383.976, 300.540215, 58.849648
2518.625, 300.636566, 58.934234
13395.400, 300.692922, 58.986635
4053.672, 300.744558, 59.032810
5910.670, 300.599309, 58.904696
13006.812, 300.613930, 58.918224
9918.238, 300.554381, 58.864948
11792.753, 300.627909, 58.932913
21024.565, 300.898451, 59.178012
3972.365, 300.526264, 58.839222
12867.436, 300.560668, 58.872234
16412.822, 300.742449, 59.038383
27485.084, 300.633555, 58.940739
272769.485, 300.702989, 59.009925
2443.851, 300.581143, 58.891192
3500.288, 300.621763, 58.928895
15846.320, 300.883001, 59.168208
7434.616, 300.590432, 58.902449
9010.392, 300.771612, 59.067721
41794.854, 300.830494, 59.123123
3027.853, 300.876272, 59.160957
2533.362, 300.913516, 59.194098
73314.321, 300.539888, 58.864773
3007.500, 300.600726, 58.912832
26599.856, 300.711753, 59.017688
28076.791, 300.558183, 58.879570
4485.667, 300.549785, 58.868747
18785.925, 300.583213, 58.901651
8833.651, 300.531975, 58.854823
4979.206, 300.716448, 59.022311
11913.632, 300.845541, 59.139603
4995.614, 300.523607, 58.847615
11866.017, 300.612156, 58.930085
2471.926, 300.550917, 58.872991
2996.838, 300.649585, 58.963200
15006.705, 300.799953, 59.101188
30758.967, 300.661118, 58.976899
62878.892, 300.557634, 58.885763
11360.876, 300.618076, 58.937419
2985.785, 300.595835, 58.916957
17294.755, 300.630565, 58.950021
12571.916, 300.582885, 58.906632
6468.135, 300.682551, 58.997056
16742.102, 300.504668, 58.838893
30850.100, 300.610999, 58.936116
23669.925, 300.827336, 59.131977
31961.081, 300.740092, 59.054795
4615.770, 300.660380, 58.981619
40770.840, 300.718006, 59.039343
17356.798, 300.514247, 58.851097
37969.669, 300.765510, 59.081549
34696.756, 300.813204, 59.124871
3005.321, 300.599779, 58.929879
46999.138, 300.622830, 58.953435
3506.193, 300.593310, 58.923808
37699.826, 300.637680, 58.968169
8853.356, 300.563371, 58.900086
4958.164, 300.845866, 59.157935
59506.433, 300.864916, 59.178950
3525.492, 300.501520, 58.847347
3972.836, 300.532489, 58.876156
3942.787, 300.570999, 58.911113
3930.237, 300.528972, 58.877067
13066.776, 300.811000, 59.134621
6446.541, 300.552911, 58.899861
3486.866, 300.660244, 58.998372
2996.776, 300.562235, 58.910192
59877.820, 300.708789, 59.047039
36852.694, 300.639385, 58.984643
10829.103, 300.491195, 58.848552
41728.246, 300.655689, 59.003825
37267.785, 300.733893, 59.074585
2908.185, 300.554203, 58.909190
30874.769, 300.672103, 59.021400
4404.754, 300.479342, 58.844944
9789.741, 300.586437, 58.943537
40540.896, 300.878783, 59.211392
7438.080, 300.643525, 58.998140
16821.912, 300.709674, 59.059147
6033.965, 300.714804, 59.063727
87872.949, 300.767805, 59.115215
28487.268, 300.688713, 59.042665
32739.182, 300.527921, 58.897744
5870.428, 300.487035, 58.858542
9090.510, 300.584769, 58.947830
9478.583, 300.664607, 59.020619
4978.464, 300.494860, 58.867921
13445.441, 300.653040, 59.012972
2503.889, 300.827781, 59.171050
16043.358, 300.835013, 59.180409
4414.406, 300.609196, 58.974757
3029.753, 300.675261, 59.034984
3516.787, 300.619232, 58.985267
9473.419, 300.837921, 59.184566
50984.108, 300.735072, 59.095052
2450.031, 300.642383, 59.007961
58340.760, 300.776521, 59.133546
4531.737, 300.710859, 59.071944
4484.427, 300.525319, 58.903038
31185.734, 300.818195, 59.171750
6527.680, 300.840686, 59.190274
4921.277, 300.607797, 58.979498
17319.760, 300.594598, 58.970006
40787.260, 300.750294, 59.113139
2997.417, 300.475589, 58.860671
49967.681, 300.478730, 58.866997
4916.189, 300.492537, 58.876804
36864.862, 300.465460, 58.856238
2457.177, 300.780044, 59.140091
2513.465, 300.547626, 58.928900
37429.717, 300.606018, 58.985259
22813.431, 300.817695, 59.178132
2513.393, 300.485434, 58.874100
40581.133, 300.564314, 58.949405
15327.483, 300.621664, 59.000033
83623.227, 300.631186, 59.013240
11336.494, 300.859241, 59.215457
6420.649, 300.612198, 58.993602
34518.668, 300.489690, 58.885482
17946.760, 300.835838, 59.198640
2999.072, 300.487710, 58.881148
5963.485, 300.581179, 58.968132
7448.313, 300.461082, 58.858903
7403.955, 300.672887, 59.052312
26376.608, 300.711846, 59.090821
3548.006, 300.497470, 58.893628
6393.453, 300.595796, 58.985483
3458.619, 300.667075, 59.049707
30519.810, 300.812663, 59.185393
39974.972, 300.616435, 59.008384
3909.035, 300.447977, 58.852383
3911.244, 300.532332, 58.929081
75593.598, 300.643120, 59.034931
65656.370, 300.721619, 59.106798
12365.750, 300.454621, 58.861251
6934.976, 300.459900, 58.866642
4913.751, 300.567347, 58.964373
71451.111, 300.520599, 58.928341
355316.939, 300.580186, 58.990577
2492.775, 300.731236, 59.118341
37754.847, 300.764775, 59.152724
150895.968, 300.455769, 58.875396
13383.468, 300.603233, 59.003898
24920.651, 300.684309, 59.078608
4048.289, 300.752503, 59.139442
40920.937, 300.695397, 59.092334
10929.924, 300.562063, 58.969290
45723.109, 300.642754, 59.045173
5953.705, 300.488041, 58.901989
3959.879, 300.491529, 58.905108
30397.863, 300.649560, 59.052076
8589.623, 300.784146, 59.172348
27605.548, 300.799877, 59.189209
15751.919, 300.442920, 58.869701
20928.953, 300.476592, 58.897164
6458.586, 300.492252, 58.909307
3494.832, 300.526212, 58.941399
26436.224, 300.544117, 58.960820
7936.191, 300.498673, 58.917733
14529.632, 300.818027, 59.209897
5461.907, 300.516979, 58.936158
17983.531, 300.726054, 59.129834
2949.500, 300.748413, 59.149238
2454.973, 300.498568, 58.922441
4977.675, 300.568359, 58.986551
76489.312, 300.681400, 59.097393
41081.949, 300.698029, 59.107543
62282.837, 300.737200, 59.144153
5461.985, 300.534652, 58.957035
18252.709, 300.513180, 58.939079
58753.782, 300.577703, 59.001371
2476.254, 300.584847, 59.004243
4024.382, 300.559896, 58.983071
4917.854, 300.467843, 58.900177
23273.848, 300.667423, 59.083620
13923.687, 300.420979, 58.862424
10397.459, 300.486081, 58.922145
4412.058, 300.641817, 59.062606
9358.148, 300.450824, 58.890342
2948.201, 300.526359, 58.959490
4453.385, 300.423834, 58.867243
6936.268, 300.490405, 58.929422
3951.366, 300.592991, 59.022677
88788.289, 300.596472, 59.031265
4961.993, 300.537475, 58.973051
3482.145, 300.428161, 58.873223
33062.238, 300.627562, 59.058087
11968.227, 300.709756, 59.133658
23463.300, 300.726592, 59.149070
77747.077, 300.562796, 59.002880
19130.567, 300.814169, 59.229170
5448.254, 300.573863, 59.010095
2498.701, 300.430809, 58.879381
13349.009, 300.436368, 58.886898
12835.659, 300.548700, 58.990312
25317.537, 300.613704, 59.051357
6971.663, 300.448058, 58.898110
6934.859, 300.577511, 59.016707
21741.072, 300.439896, 58.892788
6446.812, 300.458361, 58.908274
2470.620, 300.700006, 59.128179
16281.799, 300.499829, 58.947851
3992.641, 300.518569, 58.963713
4475.835, 300.808435, 59.228385
124068.263, 300.521771, 58.977551
4445.778, 300.628339, 59.065930
31489.170, 300.653070, 59.090960
4919.714, 300.467698, 58.919906
4555.708, 300.607614, 59.048399
47160.232, 300.478184, 58.934822
5462.420, 300.708536, 59.140980
18338.420, 300.711945, 59.146643
10349.008, 300.699267, 59.135546
15781.639, 300.407861, 58.870827
6426.504, 300.575019, 59.022871
10929.245, 300.776197, 59.207601
2468.536, 300.421687, 58.883910
7389.363, 300.530588, 58.984519
24853.961, 300.732100, 59.169158
14966.540, 300.492096, 58.951124
39299.932, 300.672700, 59.118936
18458.404, 300.425123, 58.892866
41202.747, 300.452173, 58.918363
12352.735, 300.651171, 59.098303
91604.618, 300.417051, 58.888995
3042.289, 300.615926, 59.066057
69063.303, 300.709418, 59.155301
3469.106, 300.470802, 58.935543
17866.676, 300.483948, 58.949181
16763.867, 300.528519, 58.989501
2497.715, 300.593604, 59.047226
3462.599, 300.413800, 58.884872
5902.749, 300.455280, 58.923246
6470.524, 300.568587, 59.027853
2518.085, 300.595242, 59.051239
34933.618, 300.398936, 58.877239
53393.216, 300.456729, 58.932932
6031.621, 300.793994, 59.235143
2480.563, 300.528484, 58.993865
27956.622, 300.683602, 59.139320
13372.268, 300.663454, 59.120233
16900.136, 300.427400, 58.908389
254621.385, 300.430245, 58.919866
11828.132, 300.460787, 58.938637
64948.439, 300.641485, 59.105958
62782.424, 300.441073, 58.926889
4936.471, 300.524564, 58.996821
14715.217, 300.474710, 58.953504
4431.369, 300.412018, 58.895442
4960.609, 300.463223, 58.943213
25241.600, 300.697819, 59.158719
31979.330, 300.716472, 59.177101
5474.593, 300.428362, 58.913006
16311.912, 300.486462, 58.968859
7940.183, 300.413754, 58.902026
38643.486, 300.474225, 58.960396
7340.710, 300.502903, 58.985797
11336.619, 300.582244, 59.057800
41625.036, 300.629119, 59.103474
31632.004, 300.402794, 58.898507
10830.642, 300.536748, 59.018790
5999.834, 300.456698, 58.944357
4426.474, 300.541710, 59.022808
23694.805, 300.590299, 59.067849
4950.275, 300.609114, 59.083764
18269.854, 300.383982, 58.883001
22215.576, 300.405431, 58.903389
11824.050, 300.475758, 58.968868
15813.062, 300.596741, 59.079844
8459.874, 300.431708, 58.930321
14307.158, 300.383777, 58.887153
64568.433, 300.488625, 58.988361
3486.354, 300.410183, 58.909934
7898.598, 300.426719, 58.927250
5488.099, 300.464581, 58.960532
44095.536, 300.678056, 59.158307
80918.561, 300.525013, 59.021904
7957.021, 300.588294, 59.075184
121440.269, 300.627793, 59.119187
5568.197, 300.732689, 59.208075
12895.857, 300.457260, 58.959657
8893.745, 300.474226, 58.973636
140026.490, 300.386269, 58.899156
126957.330, 300.509867, 59.012185
33886.902, 300.725953, 59.205699
67226.424, 300.397968, 58.911798
2543.887, 300.504520, 59.003675
5985.820, 300.538115, 59.035201
2948.531, 300.766114, 59.240637
15319.109, 300.413647, 58.922567
15334.862, 300.439275, 58.947222
24069.307, 300.755320, 59.236320
72086.702, 300.540897, 59.044971
8931.180, 300.603886, 59.100300
4017.893, 300.649841, 59.140858
18236.245, 300.572277, 59.076441
25152.222, 300.359973, 58.883808
3932.163, 300.410454, 58.928174
8426.242, 300.576186, 59.082142
9569.652, 300.662144, 59.160052
16840.526, 300.693066, 59.188016
34203.772, 300.749799, 59.241941
19628.986, 300.366727, 58.894038
13369.111, 300.373715, 58.899518
2452.661, 300.392816, 58.915813
14905.080, 300.501160, 59.017646
10305.708, 300.508218, 59.024844
2980.911, 300.571286, 59.080266
15298.049, 300.578222, 59.087778
30233.829, 300.668898, 59.171409
24842.525, 300.414141, 58.939085
6859.130, 300.626357, 59.131913
7957.508, 300.422810, 58.947281
7894.662, 300.494820, 59.013495
4902.700, 300.548756, 59.063404
3012.130, 300.386385, 58.914228
8495.614, 300.354201, 58.886765
23590.870, 300.404488, 58.935576
4568.442, 300.712851, 59.213124
7441.907, 300.485940, 59.008504
40558.676, 300.580080, 59.096798
22519.245, 300.588140, 59.102479
6448.560, 300.669988, 59.175924
13886.983, 300.370280, 58.904093
5454.551, 300.399408, 58.929481
44500.772, 300.413806, 58.946545
10360.418, 300.500127, 59.022979
4016.184, 300.611425, 59.122561
7789.226, 300.348354, 58.883232
3940.872, 300.425081, 58.954134
8378.395, 300.548490, 59.068128
7917.000, 300.373673, 58.909430
75778.553, 300.357865, 58.899579
6853.676, 300.408413, 58.942980
7976.573, 300.472814, 59.002485
3501.963, 300.520011, 59.044910
8935.874, 300.606542, 59.124455
13476.240, 300.680243, 59.191064
6354.119, 300.402638, 58.938293
2533.399, 300.457084, 58.987556
8415.120, 300.501091, 59.028840
18838.602, 300.347966, 58.890338
20902.243, 300.635362, 59.153156
10843.251, 300.461957, 58.994953
8899.377, 300.544584, 59.070786
4030.250, 300.670482, 59.184063
5964.135, 300.415022, 58.952515
16168.255, 300.580554, 59.104299
10385.454, 300.740870, 59.250856
55752.832, 300.380146, 58.927339
5998.351, 300.492188, 59.023658
9417.993, 300.465877, 59.001426
11844.771, 300.562785, 59.090864
25257.794, 300.574149, 59.102466
9862.366, 300.617242, 59.140691
26251.782, 300.500901, 59.036951
7490.950, 300.628845, 59.151141
10880.756, 300.643855, 59.164807
8419.263, 300.391671, 58.935766
5471.089, 300.450194, 58.989462
29711.012, 300.609263, 59.137324
26778.757, 300.435970, 58.979723
57014.818, 300.612684, 59.145547
9824.391, 300.365140, 58.914987
3934.744, 300.507716, 59.045529
15381.077, 300.528953, 59.066507
36400.108, 300.440461, 58.989618
5980.975, 300.548137, 59.085134
4959.485, 300.561935, 59.097421
5937.307, 300.658297, 59.185663
8961.714, 300.566330, 59.103391
7898.070, 300.573870, 59.111358
5883.185, 300.723249, 59.246078
10374.244, 300.366024, 58.921989
67187.802, 300.537139, 59.083518
7958.487, 300.676620, 59.204917
45633.026, 300.430957, 58.984466
15323.884, 300.600016, 59.137011
3472.330, 300.339070, 58.897426
4421.974, 300.419778, 58.972060
3000.352, 300.492147, 59.038123
16040.897, 300.664827, 59.196299
7877.675, 300.398905, 58.954909
9353.244, 300.502384, 59.050596
20627.275, 300.365918, 58.926950
4975.962, 300.374156, 58.932295
37408.337, 300.509888, 59.062265
9843.661, 300.336608, 58.899380
5471.017, 300.422584, 58.978346
37005.455, 300.462684, 59.017307
16735.506, 300.494726, 59.047153
7854.852, 300.377360, 58.938865
5940.080, 300.386437, 58.946926
5352.803, 300.515623, 59.065114
7041.860, 300.581248, 59.124724
9373.715, 300.399452, 58.959763
53933.453, 300.558542, 59.108906
5985.832, 300.346058, 58.911327
11894.338, 300.354389, 58.918718
71139.208, 300.661314, 59.202633
3466.521, 300.343503, 58.908942
3998.411, 300.527628, 59.077918
8899.938, 300.554489, 59.103567
11080.296, 300.613498, 59.157568
77765.482, 300.364401, 58.937646
5409.384, 300.408881, 58.970868
2901.166, 300.453840, 59.010983
5947.849, 300.471993, 59.028586
8097.529, 300.434618, 58.995597
20368.572, 300.327449, 58.899715
21288.941, 300.357567, 58.927766
119756.017, 300.534635, 59.094957
4907.116, 300.324157, 58.895936
7487.708, 300.385893, 58.953226
14369.487, 300.407961, 58.973902
4969.266, 300.608508, 59.155859
12367.495, 300.500812, 59.060504
31973.717, 300.334740, 58.912887
3494.979, 300.495845, 59.055166
12808.237, 300.633341, 59.182722
8964.518, 300.531003, 59.088758
10872.404, 300.359347, 58.932284
2520.266, 300.688869, 59.231889
7425.104, 300.482188, 59.045659
19742.268, 300.515927, 59.080257
9878.100, 300.541791, 59.100281
12410.101, 300.345160, 58.922355
10021.135, 300.396865, 58.968714
45048.458, 300.449784, 59.020235
3477.454, 300.664957, 59.212343
24620.485, 300.711602, 59.256338
32638.036, 300.609284, 59.165756
7947.623, 300.413382, 58.986218
2491.532, 300.457042, 59.025881
7006.532, 300.542836, 59.105008
3509.966, 300.700737, 59.247850
7931.500, 300.313620, 58.895611
102884.052, 300.323956, 58.909494
8441.498, 300.364476, 58.942952
85129.477, 300.435661, 59.013951
3953.672, 300.475415, 59.043768
3016.737, 300.552820, 59.114382
19850.990, 300.478750, 59.049665
21106.706, 300.367958, 58.950198
4914.131, 300.338781, 58.922277
42255.814, 300.668508, 59.228107
20653.334, 300.312600, 58.899823
7387.013, 300.492488, 59.064305
9863.730, 300.496448, 59.069461
44008.514, 300.542249, 59.113044
10425.329, 300.404513, 58.984935
8900.950, 300.418399, 58.997266
32429.458, 300.423132, 59.003474
3449.931, 300.653916, 59.211385
37469.696, 300.593390, 59.162495
3484.939, 300.471197, 59.046815
11927.944, 300.397946, 58.982835
97868.113, 300.530673, 59.107670
45716.523, 300.311017, 58.908410
3943.615, 300.511543, 59.086007
9025.278, 300.609310, 59.176130
15860.158, 300.347491, 58.938683
42438.986, 300.435671, 59.023697
8891.720, 300.463839, 59.045213
11462.854, 300.477574, 59.058297
33714.588, 300.633363, 59.201522
16220.409, 300.339646, 58.933965
12539.221, 300.676328, 59.238857
13964.706, 300.468578, 59.051073
9449.692, 300.577623, 59.150781
34845.166, 300.690632, 59.254621
13803.828, 300.327006, 58.927337
12815.042, 300.303973, 58.904326
30043.736, 300.404597, 58.997735
3521.441, 300.385739, 58.979526
12800.609, 300.434522, 59.027010
39975.029, 300.550376, 59.135571
11343.595, 300.352582, 58.951071
5976.621, 300.376262, 58.974067
34694.622, 300.677081, 59.249678
2473.515, 300.394311, 58.989768
26741.739, 300.338577, 58.945434
6957.746, 300.384002, 58.982790
7849.960, 300.444833, 59.038660
2951.271, 300.360539, 58.961462
30911.214, 300.507739, 59.098383
56479.818, 300.575579, 59.162682
7475.324, 300.646804, 59.224175
15316.701, 300.313818, 58.922596
60629.429, 300.611833, 59.196495
17759.570, 300.293308, 58.902983
4988.469, 300.600237, 59.183887
72981.055, 300.340478, 58.954533
6478.670, 300.378046, 58.983785
6457.760, 300.392005, 58.995484
32361.026, 300.447561, 59.051426
32648.344, 300.592526, 59.181064
36379.691, 300.457935, 59.060237
2505.622, 300.515350, 59.108688
24243.514, 300.656301, 59.240205
22049.687, 300.673561, 59.255384
116907.028, 300.290272, 58.916939
53201.705, 300.420959, 59.032309
18233.712, 300.479219, 59.079079
2998.665, 300.430343, 59.033893
14547.474, 300.436463, 59.040977
8879.653, 300.359539, 58.970506
4924.429, 300.402936, 59.010187
30868.743, 300.573341, 59.167771
7880.852, 300.303905, 58.921654
4486.472, 300.442621, 59.047741
259337.660, 300.482231, 59.100105
9017.345, 300.527471, 59.125940
10894.376, 300.544163, 59.141831
7997.900, 300.580735, 59.174470
14388.561, 300.535447, 59.135371
3466.210, 300.332921, 58.949872
75748.398, 300.480480, 59.090517
2512.398, 300.352832, 58.968976
30970.188, 300.425049, 59.039157
3997.227, 300.545691, 59.145734
13371.091, 300.642328, 59.234476
85410.071, 300.273652, 58.906524
43298.953, 300.317324, 58.940711
10906.092, 300.611044, 59.206607
147149.051, 300.356079, 58.981369
38401.826, 300.302432, 58.927507
88784.345, 300.336689, 58.962328
76467.934, 300.438721, 59.057871
10917.196, 300.364667, 58.984813
11316.319, 300.430334, 59.044988
61153.880, 300.648179, 59.245208
18252.084, 300.396729, 59.015291
6886.143, 300.402796, 59.021663
10467.904, 300.577767, 59.181640
3950.230, 300.380076, 59.001422
5319.795, 300.370750, 58.995288
49298.238, 300.411844, 59.038817
2527.308, 300.451274, 59.068813
4965.835, 300.303004, 58.933160
146143.935, 300.318768, 58.956174
5923.094, 300.347393, 58.974416
5063.457, 300.500532, 59.114148
6397.736, 300.518352, 59.131305
2460.116, 300.426894, 59.048023
2490.435, 300.514465, 59.127540
2449.249, 300.555580, 59.164800
33078.728, 300.274606, 58.913091
13892.757, 300.507479, 59.124924
2501.633, 300.561546, 59.172433
32504.737, 300.286772, 58.925078
12930.276, 300.399529, 59.027132
29740.875, 300.648702, 59.254349
97620.046, 300.307672, 58.946344
37846.017, 300.604839, 59.217068
10827.717, 300.443559, 59.068949
2969.247, 300.367356, 58.998786
22287.245, 300.386293, 59.018906
4946.493, 300.392864, 59.022622
2478.947, 300.570546, 59.185007
212270.566, 300.325859, 58.971740
17495.562, 300.574448, 59.191843
25284.085, 300.338419, 58.979581
11395.023, 300.388797, 59.024512
10318.819, 300.478824, 59.106841
4436.844, 300.543090, 59.164974
3462.778, 300.562208, 59.182353
5904.603, 300.536793, 59.160790
30204.818, 300.566792, 59.189966
25215.686, 300.624705, 59.242737
4985.932, 300.262803, 58.910958
5471.818, 300.269076, 58.917659
2961.768, 300.491972, 59.121216
28548.007, 300.590833, 59.213281
4030.021, 300.274878, 58.922660
2515.718, 300.276990, 58.925510
3929.948, 300.433239, 59.069171
25645.570, 300.595405, 59.218642
48965.989, 300.340714, 58.991485
9809.561, 300.380109, 59.023080
2518.614, 300.255695, 58.908906
23618.741, 300.287198, 58.941611
33243.032, 300.614784, 59.240178
2475.166, 300.275525, 58.927754
53251.115, 300.392385, 59.039346
54204.302, 300.488286, 59.129005
67050.662, 300.602606, 59.231845
20117.136, 300.450585, 59.093752
9415.437, 300.270611, 58.925784
4983.247, 300.335736, 58.985882
13384.488, 300.379878, 59.026796
5474.379, 300.579059, 59.207734
15474.411, 300.308440, 58.963426
7901.294, 300.439709, 59.083797
78337.476, 300.291586, 58.951749
15846.679, 300.347770, 58.999832
40995.093, 300.591186, 59.223358
19778.130, 300.453481, 59.098535
6405.345, 300.279340, 58.938271
7867.371, 300.341206, 58.995273
3408.354, 300.368024, 59.021567
2973.803, 300.526518, 59.166418
