# Source Fluxes and Coordinates
# Flux (e-/s), RA (deg), Dec (deg)
30582.796, 301.216424, 58.894250
51048.209, 301.360035, 59.023383
6464.044, 301.023387, 58.720661
19347.151, 301.373861, 59.037464
3393.511, 301.040501, 58.737827
7685.965, 301.206484, 58.888175
34096.605, 301.048726, 58.749200
9919.033, 301.126149, 58.816852
30205.070, 301.261008, 58.940642
5576.393, 301.087972, 58.784381
87816.388, 301.082760, 58.788468
35359.019, 301.007120, 58.719676
3416.007, 301.076610, 58.777102
21651.385, 300.986238, 58.698385
6844.854, 301.113719, 58.811981
9429.677, 301.093434, 58.796125
11106.792, 301.216492, 58.906848
26695.549, 301.251898, 58.940641
239483.959, 301.362097, 59.042487
18916.769, 301.100711, 58.804048
9336.864, 300.990906, 58.706228
25081.863, 301.091168, 58.800249
23592.337, 301.111715, 58.818172
14610.652, 300.992824, 58.711781
2146.999, 301.043091, 58.755514
17831.290, 301.121572, 58.827676
15078.513, 301.349643, 59.032015
11615.667, 301.160429, 58.864310
1092772.027, 301.100976, 58.833802
4290.120, 301.009313, 58.728320
15984.407, 301.204705, 58.907368
13433.792, 301.327714, 59.016045
9297.143, 300.971592, 58.697313
11253.226, 301.275840, 58.971912
4676.947, 300.984224, 58.709009
468841.310, 301.206594, 58.920985
2568.284, 301.046277, 58.766591
3436.856, 301.092696, 58.808682
19138.507, 301.077481, 58.797368
6495.198, 301.279509, 58.979282
26838.217, 301.292735, 58.993504
23932.504, 301.264290, 58.969138
3039.293, 301.026367, 58.753580
64239.853, 301.242349, 58.953901
14122.688, 301.092145, 58.817619
20855.392, 301.050916, 58.784093
13341.893, 300.990292, 58.732329
82331.962, 300.992319, 58.737594
6887.590, 301.304183, 59.014499
22314.680, 300.958605, 58.706149
6468.627, 300.955127, 58.702850
2546.538, 301.088719, 58.822667
6813.656, 301.133435, 58.863833
42904.153, 301.235616, 58.960851
4710.058, 301.140942, 58.871184
5561.165, 301.077433, 58.815367
9329.690, 301.018591, 58.762951
2574.259, 301.036443, 58.778605
79063.391, 301.335345, 59.051793
36826.729, 301.037611, 58.784896
9941.322, 301.349126, 59.063908
4308.240, 301.011244, 58.760971
3847.078, 301.071409, 58.815159
9332.430, 301.150023, 58.887475
5116.561, 301.062765, 58.808563
5553.551, 301.079363, 58.826290
12421.979, 301.114873, 58.859614
3446.511, 301.000963, 58.755769
30490.709, 301.055182, 58.807662
13323.236, 301.141254, 58.883839
20157.777, 301.033485, 58.788585
4641.850, 301.109773, 58.855634
17534.734, 301.115111, 58.866404
3918.466, 301.131078, 58.878253
6004.406, 301.304580, 59.034657
4656.318, 300.955570, 58.721818
72188.373, 301.055726, 58.817112
5543.589, 300.986256, 58.752506
9852.864, 301.064284, 58.823118
4680.996, 301.208374, 58.951425
5955.946, 301.281488, 59.018596
2618.789, 301.072032, 58.829616
27249.454, 301.177389, 58.926919
35221.150, 301.168194, 58.920545
2133.181, 301.257330, 58.997204
4666.926, 300.942021, 58.714895
11899.868, 301.033310, 58.798130
54629.915, 300.974316, 58.748989
5098.203, 301.070859, 58.832597
11512.800, 300.989619, 58.760355
23441.131, 301.086603, 58.849311
3879.592, 300.937154, 58.712572
2164.822, 300.985770, 58.756609
3452.763, 301.271528, 59.014174
74345.552, 301.294020, 59.039040
44047.900, 300.958419, 58.737393
33605.046, 301.100105, 58.863961
5511.685, 301.190677, 58.946203
2991.610, 300.950697, 58.730723
33670.825, 301.006995, 58.785204
4271.600, 300.988670, 58.767712
5553.160, 301.000184, 58.779894
16530.163, 301.061921, 58.836651
4291.338, 301.016348, 58.795572
8922.043, 301.022356, 58.801606
49130.494, 301.181418, 58.947846
19025.709, 300.980473, 58.766032
3037.662, 301.057054, 58.833224
9627.458, 301.283705, 59.038308
4279.938, 301.075203, 58.851531
5105.298, 301.029118, 58.810411
6419.477, 301.206444, 58.970571
5156.661, 300.939649, 58.730528
27370.484, 301.011267, 58.797846
13874.396, 301.111550, 58.888671
71276.474, 300.929008, 58.730089
24370.094, 300.982239, 58.773645
33651.996, 301.134653, 58.911690
3051.105, 301.322531, 59.077743
8972.135, 300.965862, 58.759420
99489.584, 301.202214, 58.976261
2139.228, 301.124792, 58.904658
9420.361, 300.951554, 58.749648
2937.004, 301.023051, 58.814430
4767.393, 301.309879, 59.072324
2544.908, 301.041646, 58.831427
57771.522, 301.167551, 58.949473
14379.829, 301.248417, 59.018763
41694.698, 301.253308, 59.025277
7633.208, 300.915060, 58.717664
29479.535, 301.135985, 58.920656
2150.755, 301.301436, 59.065457
5102.890, 300.942768, 58.744066
39594.535, 301.208684, 58.986961
6819.414, 300.978291, 58.777393
18516.343, 301.056730, 58.849598
2067.366, 301.042008, 58.835345
2162.670, 301.269038, 59.038950
26412.493, 300.945255, 58.753127
2552.691, 300.973402, 58.775485
14086.322, 300.982377, 58.785861
67848.029, 301.170792, 58.958925
2552.776, 301.036476, 58.834159
14952.300, 300.991151, 58.797577
27520.326, 301.065661, 58.864838
28696.253, 300.925723, 58.739295
45696.744, 301.011671, 58.820483
158764.133, 300.902558, 58.724820
3417.633, 300.999104, 58.806115
57466.080, 301.152839, 58.947750
11066.888, 300.971466, 58.783095
24966.264, 300.940726, 58.759165
23060.286, 301.108350, 58.910541
29301.547, 301.088775, 58.895033
6838.161, 300.946161, 58.765833
5676.583, 301.246870, 59.036484
4713.094, 300.914159, 58.737453
14220.207, 301.294485, 59.082908
2134.819, 300.945785, 58.769103
5155.877, 301.265350, 59.057225
9804.572, 300.957468, 58.784257
7676.761, 300.971945, 58.797112
8517.049, 301.011903, 58.834756
14964.841, 300.985873, 58.812009
56189.116, 301.109861, 58.926860
36595.383, 300.887736, 58.726048
25982.113, 300.920693, 58.757748
6055.318, 300.987614, 58.815909
119941.874, 301.068881, 58.896679
32572.887, 301.044717, 58.872723
19939.586, 301.284952, 59.086497
5584.013, 301.021545, 58.852581
20400.774, 300.878453, 58.725330
7664.792, 300.978190, 58.813384
4685.364, 301.007785, 58.840039
20603.484, 300.939252, 58.780141
67493.921, 300.896817, 58.745859
49265.486, 300.904711, 58.752186
52155.333, 300.943584, 58.787992
8495.419, 300.961657, 58.801691
52470.853, 301.104659, 58.934133
35606.264, 301.079436, 58.911199
30696.409, 301.111992, 58.940878
6875.322, 301.265544, 59.076059
11042.068, 300.973190, 58.814466
69399.061, 301.167484, 58.994549
54724.931, 300.993789, 58.838927
480319.839, 300.862630, 58.741079
11547.168, 301.046268, 58.887023
158717.466, 301.007570, 58.867991
34953.631, 301.075829, 58.916676
4711.745, 300.878704, 58.735836
3397.350, 301.033122, 58.875617
9405.374, 300.950109, 58.804153
6428.181, 301.130546, 58.968543
3385.793, 300.936964, 58.792708
3000.278, 301.107064, 58.947673
62838.006, 300.971084, 58.834047
7251.780, 301.023585, 58.874007
154168.767, 301.137727, 58.982179
80369.628, 300.885675, 58.754726
3385.599, 301.043830, 58.892513
15346.007, 301.033544, 58.884995
9357.863, 301.120921, 58.963497
6866.898, 300.867071, 58.734961
3055.938, 300.894231, 58.758686
29092.767, 301.240167, 59.073019
6360.148, 300.908953, 58.774762
8032.502, 300.964559, 58.827525
19908.009, 301.188465, 59.032247
6873.688, 300.887697, 58.760077
122860.982, 301.026497, 58.890588
7748.181, 301.067862, 58.922843
2558.050, 300.948416, 58.815411
37239.145, 300.956510, 58.828665
6045.679, 300.882618, 58.760070
4304.936, 300.889597, 58.766852
19379.222, 300.949993, 58.823301
7757.308, 300.897689, 58.775471
11987.121, 301.014979, 58.882367
27171.483, 301.140904, 58.998467
15394.331, 301.061449, 58.926752
9528.572, 301.252465, 59.099491
6088.305, 301.096583, 58.960262
5088.294, 300.930853, 58.811500
31151.900, 300.958035, 58.840207
4621.398, 300.911609, 58.798093
2193.950, 300.857283, 58.748660
8131.372, 300.928651, 58.814946
23536.569, 300.952271, 58.837318
6382.146, 300.847814, 58.744995
4335.714, 300.860920, 58.755837
12797.106, 300.910640, 58.802414
63407.727, 301.202581, 59.068594
4683.127, 301.020526, 58.901183
121834.679, 300.862462, 58.766550
34317.036, 301.066107, 58.947901
2606.207, 300.980730, 58.868179
6343.569, 300.918469, 58.813479
3822.949, 300.921211, 58.816316
2984.475, 300.977145, 58.866218
138601.732, 301.023098, 58.914103
24495.708, 301.106302, 58.984782
6905.099, 300.923037, 58.819967
12393.020, 300.895791, 58.796600
2583.410, 300.939685, 58.837125
6042.288, 300.960442, 58.856612
29446.165, 301.111736, 58.995196
11866.551, 300.831930, 58.741629
33684.178, 301.116208, 59.001327
44756.157, 300.832994, 58.748027
4728.327, 300.988277, 58.884852
10136.320, 300.866368, 58.777188
2985.990, 300.884068, 58.791813
5153.628, 300.957403, 58.859624
43944.894, 301.046917, 58.942872
119757.580, 301.131877, 59.022199
3027.377, 301.187402, 59.065544
77558.551, 300.917578, 58.830597
6385.551, 300.843703, 58.757227
66466.487, 300.983245, 58.889286
13740.710, 300.961243, 58.867098
62594.357, 301.119316, 59.012838
7707.380, 300.901738, 58.813343
5083.103, 300.878616, 58.792831
15410.158, 300.988492, 58.895612
4303.897, 301.036222, 58.936577
14069.137, 300.963360, 58.873039
636949.089, 300.820484, 58.765352
10289.282, 300.854674, 58.780754
15554.841, 301.058367, 58.964946
4247.218, 300.819750, 58.748125
110385.231, 300.935692, 58.858847
6009.098, 300.845932, 58.773103
4284.529, 300.964744, 58.880230
4275.436, 301.015633, 58.926558
32112.999, 301.142102, 59.043504
34436.474, 301.100839, 59.008670
11024.439, 300.906407, 58.830234
8135.616, 300.990298, 58.906499
49279.185, 301.193734, 59.092313
12483.743, 301.025927, 58.940437
14058.688, 300.853218, 58.785995
20104.233, 300.975140, 58.896425
4795.028, 301.205038, 59.100590
27276.387, 301.074513, 58.986456
3422.420, 301.011312, 58.928453
16104.570, 301.174801, 59.076352
15813.725, 301.066746, 58.982156
94582.727, 300.837596, 58.779065
4664.758, 300.908663, 58.838316
6790.980, 300.983072, 58.906605
13268.963, 301.062660, 58.978482
30694.323, 300.902438, 58.835764
3034.833, 300.910911, 58.841644
3436.137, 300.855382, 58.792729
3396.614, 300.829633, 58.770609
5565.635, 301.040287, 58.963476
45543.230, 301.139760, 59.055057
5904.171, 300.881528, 58.823825
2163.969, 300.865256, 58.809898
36023.327, 300.968650, 58.908304
21879.158, 301.014840, 58.948775
19846.016, 300.841312, 58.795208
26624.326, 300.884881, 58.832738
41745.744, 300.923771, 58.868096
3369.115, 300.872024, 58.820173
28330.664, 300.947229, 58.890190
48722.506, 301.059550, 58.992860
9933.840, 300.985757, 58.924558
21064.180, 301.041447, 58.975443
24401.236, 301.015120, 58.953597
2120.246, 300.912881, 58.859571
3451.747, 300.794606, 58.752610
45323.197, 301.159856, 59.087465
4786.705, 300.817257, 58.775811
25069.957, 300.900830, 58.853501
4265.711, 300.997212, 58.940323
77481.365, 300.818807, 58.782699
2149.465, 300.948538, 58.896928
10967.400, 300.788208, 58.753833
3031.779, 300.967986, 58.916504
7289.280, 300.932120, 58.887011
41432.739, 300.873495, 58.837886
31946.052, 300.980581, 58.933918
5089.907, 300.922960, 58.879662
32170.101, 301.145051, 59.081900
33400.700, 301.130712, 59.070448
52761.155, 300.898821, 58.865274
4268.746, 300.969801, 58.924116
25991.810, 301.003712, 58.958873
77159.323, 301.022823, 58.976025
32999.511, 300.802146, 58.775097
18002.195, 300.807315, 58.779325
24184.078, 301.090288, 59.035247
18828.053, 300.940196, 58.899796
15850.386, 300.837403, 58.807127
55515.283, 300.823291, 58.797973
3832.128, 300.971704, 58.930654
28366.056, 301.076923, 59.028703
17257.206, 301.110595, 59.058695
33046.639, 300.888617, 58.862321
30593.559, 300.974799, 58.940161
63837.385, 300.847534, 58.827555
45874.631, 300.807751, 58.790137
2112.264, 300.943214, 58.910553
28239.150, 300.961760, 58.930601
3367.586, 300.856713, 58.833460
2600.888, 300.840895, 58.821258
6791.692, 300.938657, 58.911152
2636.536, 300.943826, 58.915274
5929.108, 300.964063, 58.934045
9830.092, 300.813199, 58.798556
4322.302, 300.998761, 58.966445
82670.529, 301.020255, 58.991824
9337.031, 300.798256, 58.787431
33306.666, 300.805006, 58.795465
8929.483, 300.946543, 58.923033
29420.650, 301.003261, 58.975647
20988.066, 300.926397, 58.906765
93929.799, 300.774752, 58.776169
77092.064, 300.961395, 58.941545
3440.308, 300.852165, 58.838564
5599.529, 300.917988, 58.899547
3047.374, 300.892180, 58.876475
4732.487, 300.898964, 58.885257
3463.888, 300.831523, 58.824484
92225.624, 300.855712, 58.853483
11654.967, 300.978295, 58.958374
6048.954, 300.906617, 58.894034
39394.116, 301.093530, 59.064824
3455.758, 300.866867, 58.858031
30172.759, 301.143440, 59.110297
6985.122, 301.153553, 59.116644
3809.643, 301.034427, 59.011692
12311.236, 300.865478, 58.862160
38898.334, 300.786545, 58.795153
47678.619, 301.112429, 59.086982
2180.667, 300.821710, 58.821537
207195.617, 301.016680, 59.006719
4256.260, 300.846345, 58.845317
5585.377, 300.834685, 58.835695
24898.643, 300.887698, 58.885802
11036.575, 300.898403, 58.897200
2130.914, 300.951706, 58.943567
2617.793, 300.924375, 58.920038
2113.032, 300.872346, 58.874843
6891.577, 300.978374, 58.974926
42378.198, 301.022073, 59.016885
3479.308, 300.933260, 58.934184
46747.993, 300.804747, 58.822589
17497.545, 301.030920, 59.025552
8522.233, 300.763910, 58.783085
3407.152, 300.867581, 58.877609
7290.841, 300.920887, 58.926655
49309.532, 301.131814, 59.119196
39815.230, 300.767084, 58.789905
28666.906, 300.960856, 58.965483
16283.581, 300.755374, 58.779421
4284.597, 300.793507, 58.811806
83732.362, 300.744209, 58.776533
2162.727, 300.761295, 58.785771
268232.330, 300.899736, 58.922627
42330.172, 301.092532, 59.089130
16216.064, 300.900239, 58.916061
16806.901, 300.778828, 58.805633
5932.935, 300.997684, 59.004723
38706.733, 300.809568, 58.837284
11192.551, 300.732301, 58.769252
2605.116, 300.752795, 58.786035
9047.564, 301.077854, 59.080604
2508.181, 300.757629, 58.791317
46897.886, 300.773807, 58.811429
42235.674, 300.958858, 58.979169
4256.424, 300.769881, 58.805319
9806.986, 300.906475, 58.930736
2132.618, 300.814409, 58.845867
12761.476, 300.815345, 58.850024
55349.112, 300.865682, 58.898142
5124.962, 300.755727, 58.796169
2144.845, 300.832266, 58.864817
6370.514, 300.825502, 58.863256
2534.147, 300.793441, 58.833998
13362.233, 301.033401, 59.052947
57205.498, 300.831957, 58.874156
10569.725, 300.886076, 58.919777
12506.124, 301.104006, 59.116484
55688.076, 300.742740, 58.792757
5171.682, 300.977021, 59.002643
4241.955, 300.727746, 58.777410
15734.331, 300.824235, 58.866836
51354.363, 300.954225, 58.985682
5208.747, 300.780884, 58.827171
17564.718, 300.843845, 58.885065
34961.319, 301.041933, 59.065465
15737.422, 301.082588, 59.100222
2182.335, 300.762130, 58.809115
16661.023, 300.797916, 58.844302
17847.362, 300.767127, 58.819358
4691.948, 300.813318, 58.857764
38291.142, 300.891141, 58.931575
5919.103, 300.760706, 58.812547
3901.216, 300.859532, 58.901432
10641.135, 300.836157, 58.881271
30070.145, 300.898194, 58.939354
3489.205, 300.744923, 58.798734
3043.485, 300.806401, 58.854806
8559.286, 300.725264, 58.783236
6343.076, 300.783229, 58.837077
13212.886, 300.869088, 58.915594
63933.177, 301.017786, 59.053208
4364.696, 301.083044, 59.108712
4228.074, 300.718810, 58.779267
38056.864, 301.053411, 59.085907
9833.808, 300.895774, 58.943652
10435.984, 301.043140, 59.076472
15634.953, 301.097203, 59.125986
9776.736, 300.712560, 58.778212
25744.216, 300.887162, 58.938907
10259.614, 300.738427, 58.803436
6810.929, 300.730371, 58.796602
16644.349, 300.756145, 58.819991
7159.022, 300.785296, 58.847679
4261.390, 300.805084, 58.864990
120118.665, 300.829104, 58.896417
14512.998, 300.715825, 58.785716
23226.349, 300.717790, 58.789944
2999.970, 300.814348, 58.874943
30291.676, 300.741998, 58.813392
21923.245, 300.761663, 58.829557
52491.159, 300.926257, 58.985015
34640.858, 300.948599, 59.004961
3010.448, 300.722205, 58.796710
25449.063, 301.047332, 59.093809
31934.249, 300.794120, 58.865882
70228.664, 300.845415, 58.918037
3077.260, 300.696791, 58.780562
24667.686, 300.808377, 58.885574
34911.655, 301.075664, 59.128964
17570.255, 300.969205, 59.033977
18784.528, 300.885141, 58.957289
12328.089, 300.830421, 58.908135
3832.019, 300.725544, 58.812902
48830.600, 300.914261, 58.987325
3024.626, 301.019069, 59.079971
31948.396, 300.958760, 59.030162
20999.804, 300.776467, 58.866234
7304.537, 300.784477, 58.871418
22323.657, 300.765625, 58.858998
5474.441, 300.807887, 58.895663
6834.270, 300.881151, 58.961983
2977.414, 300.812128, 58.900450
15347.198, 300.821619, 58.913231
14764.976, 301.035874, 59.104488
137245.298, 300.714620, 58.822235
3430.210, 300.736213, 58.833157
47231.063, 300.867836, 58.957380
4209.433, 300.706221, 58.805883
10386.661, 301.026394, 59.097772
2606.105, 301.044171, 59.112359
13731.850, 300.751589, 58.851596
4698.486, 300.803164, 58.896680
10663.285, 300.697032, 58.802101
303527.646, 300.955345, 59.045060
91938.072, 300.993297, 59.075688
54461.649, 300.728053, 58.836954
13421.259, 300.938884, 59.023938
8162.074, 300.742697, 58.847302
2555.943, 300.755130, 58.857175
16522.743, 300.791534, 58.892054
2560.537, 300.912719, 59.000331
17456.752, 300.805061, 58.906251
77034.274, 300.872096, 58.969972
21555.017, 300.673301, 58.787370
42546.301, 300.769005, 58.877012
21350.569, 300.940150, 59.031675
3014.564, 300.698498, 58.810479
5606.343, 300.722256, 58.833054
17228.436, 300.885129, 58.984079
49831.990, 300.896650, 58.996992
3842.614, 300.732905, 58.844758
2128.855, 300.763685, 58.873255
17182.078, 300.862607, 58.964709
24651.287, 300.891481, 58.992612
8538.248, 300.801706, 58.910625
22782.223, 300.749048, 58.864051
53750.283, 300.774543, 58.890179
15345.228, 300.696324, 58.817783
22617.583, 300.884047, 58.988652
3864.206, 300.688541, 58.809039
3886.577, 300.731973, 58.849913
180216.500, 300.749811, 58.872917
23264.010, 300.778922, 58.895764
6040.987, 300.919667, 59.022118
11879.075, 300.670089, 58.796881
48801.048, 300.674967, 58.804149
9011.657, 300.686801, 58.811266
6003.697, 300.791918, 58.907566
5107.698, 300.840075, 58.950982
5065.822, 300.680893, 58.807069
17713.706, 300.907555, 59.015151
37834.330, 300.661650, 58.793926
4308.915, 300.717564, 58.841417
12952.670, 300.973804, 59.076841
14672.555, 300.829072, 58.947835
24986.162, 300.864425, 58.981489
56346.648, 300.881411, 59.001865
2544.693, 300.733305, 58.860448
5503.012, 300.735705, 58.863387
2936.431, 300.699133, 58.830478
5614.577, 300.725355, 58.855291
16685.399, 300.802105, 58.927552
6036.566, 300.810520, 58.933515
2584.548, 300.711312, 58.844846
8138.845, 300.733856, 58.866752
24227.096, 300.703806, 58.841036
149975.289, 300.751070, 58.890671
32591.195, 300.964292, 59.077921
3031.955, 300.766407, 58.896966
43774.231, 300.662148, 58.807264
2956.429, 300.775857, 58.906893
8092.145, 300.747161, 58.882845
50508.453, 300.937153, 59.058177
21864.864, 301.019365, 59.130095
13575.583, 300.673644, 58.817703
4178.936, 300.670995, 58.813983
5144.473, 300.764261, 58.900286
19983.260, 300.644827, 58.794205
3415.486, 300.652244, 58.798476
10612.252, 300.697772, 58.841625
196005.162, 300.813714, 58.954272
11229.136, 300.992453, 59.109073
106203.299, 301.034578, 59.151818
2144.125, 300.725114, 58.867054
77525.889, 300.828118, 58.964903
3868.185, 300.870679, 58.999162
107279.281, 300.675088, 58.830613
7690.642, 300.707041, 58.851548
8103.110, 300.709839, 58.855231
30896.280, 300.885694, 59.017170
38511.987, 300.925020, 59.054876
3884.993, 300.647240, 58.800639
4278.106, 300.668902, 58.820946
34727.288, 300.726712, 58.876990
4292.685, 300.694057, 58.845667
18728.274, 300.737178, 58.887467
7183.867, 300.782744, 58.927314
12937.686, 301.006920, 59.130710
6427.299, 300.860560, 58.998680
4664.624, 300.828856, 58.970605
63186.288, 300.837589, 58.982882
2117.483, 300.761557, 58.910093
5978.789, 300.866367, 59.005866
6405.494, 300.936075, 59.068793
5553.365, 300.652361, 58.811919
63213.718, 300.703548, 58.862042
50149.172, 300.922964, 59.060977
7688.610, 300.686863, 58.846021
148872.287, 300.730308, 58.893414
3397.953, 300.744651, 58.901499
208369.064, 300.850321, 59.004797
13627.007, 300.648465, 58.816143
39901.487, 300.685072, 58.850966
11483.035, 300.751874, 58.910528
2493.964, 300.674917, 58.839404
3412.975, 300.723666, 58.884645
2131.958, 300.858506, 59.009269
2585.898, 300.966444, 59.106639
8904.790, 300.691031, 58.859900
18540.999, 300.837636, 58.992755
90205.695, 300.635731, 58.812637
20986.787, 300.776413, 58.939254
3370.472, 300.667029, 58.839303
11638.967, 300.789418, 58.953255
2107.679, 300.867643, 59.024093
7305.043, 300.658808, 58.835979
8683.307, 301.021915, 59.164894
14440.638, 300.669587, 58.846925
2160.331, 300.676805, 58.851760
5145.706, 300.799319, 58.964496
17555.487, 300.649588, 58.829989
3445.471, 300.627620, 58.808643
8524.401, 300.692174, 58.870639
3031.213, 300.937711, 59.092785
16165.131, 300.619443, 58.806269
8041.019, 300.752584, 58.927601
12399.195, 300.807141, 58.977805
8873.483, 300.770191, 58.944891
2080.411, 300.652094, 58.836551
3429.581, 300.656554, 58.841417
34348.094, 300.779937, 58.956901
2128.479, 300.676809, 58.860544
5957.309, 300.680295, 58.864347
20451.193, 300.620129, 58.813896
6041.175, 300.648057, 58.835231
6449.271, 300.737235, 58.917775
23187.119, 300.824200, 58.999213
9825.484, 300.916765, 59.081249
6840.062, 300.993651, 59.149428
6937.790, 300.883319, 59.052924
31532.253, 300.826519, 59.004639
81217.262, 301.002643, 59.166258
4627.044, 300.750197, 58.933720
54165.277, 300.715381, 58.906817
9002.247, 300.726174, 58.912988
6862.832, 300.863879, 59.037411
20793.680, 300.941948, 59.109085
14835.252, 300.648642, 58.844085
2152.468, 300.759670, 58.943790
4690.742, 300.842220, 59.019676
2157.782, 300.897499, 59.069901
114049.717, 300.981915, 59.152422
25641.318, 300.663906, 58.860638
2606.150, 300.796436, 58.978638
12127.707, 300.908762, 59.082635
5588.503, 300.607358, 58.807371
26759.043, 300.682127, 58.877940
10281.466, 300.727876, 58.919835
3028.494, 300.775367, 58.960283
11491.973, 300.609455, 58.811534
66697.901, 300.763909, 58.956220
71201.365, 300.802195, 58.993561
66948.468, 300.888665, 59.070558
3903.397, 300.619939, 58.823623
2140.729, 300.741320, 58.933488
7281.764, 300.697465, 58.894917
49409.261, 300.793564, 58.987445
7631.367, 300.602811, 58.809295
44587.071, 300.991923, 59.165747
4261.083, 300.708395, 58.906898
56667.382, 300.829511, 59.020561
2139.267, 300.740925, 58.936664
35284.316, 300.641638, 58.850770
6033.989, 300.962748, 59.139923
526368.942, 300.988781, 59.175558
43243.961, 300.731060, 58.934534
14586.894, 300.688852, 58.895476
38617.071, 300.764706, 58.965784
4299.152, 300.696937, 58.902603
12495.729, 300.772138, 58.974729
41121.459, 300.666464, 58.881908
2532.530, 300.683252, 58.893225
3863.419, 300.734228, 58.940734
22213.686, 300.611457, 58.832437
3491.421, 300.630544, 58.846126
9453.458, 300.639058, 58.855217
20578.063, 300.649248, 58.864509
11126.405, 300.955384, 59.141603
3844.934, 300.644837, 58.860470
31996.222, 300.600612, 58.825360
3477.752, 300.719177, 58.929951
2566.788, 300.799037, 59.002654
5976.013, 300.902227, 59.096429
21718.322, 300.696684, 58.912792
10265.350, 300.736440, 58.947989
25859.801, 300.790817, 58.999016
31857.031, 300.648416, 58.870850
30938.434, 300.655081, 58.876726
8207.075, 300.845713, 59.047742
11499.588, 300.602053, 58.830503
44232.675, 300.880918, 59.084332
38873.764, 300.964263, 59.160017
59184.969, 300.677923, 58.901730
40519.850, 300.818262, 59.029547
3406.782, 300.773496, 58.987073
5469.190, 300.730451, 58.948873
28449.939, 300.739030, 58.958559
36313.462, 300.824405, 59.036836
3398.641, 300.661359, 58.886182
3931.474, 300.700959, 58.922598
9374.839, 300.702633, 58.926174
7680.984, 300.708630, 58.930859
2198.730, 300.715193, 58.936142
3442.109, 300.652334, 58.881001
22229.075, 300.775906, 58.995365
16943.491, 300.584716, 58.821623
3494.003, 300.921441, 59.125833
7309.695, 300.756188, 58.978386
28767.334, 300.894945, 59.106422
589592.275, 300.636441, 58.888258
22604.180, 300.976257, 59.181831
66898.665, 300.683468, 58.918546
54120.354, 300.738477, 58.970902
3429.162, 300.648768, 58.884723
18771.555, 300.663170, 58.900859
4205.709, 300.819990, 59.040838
169263.119, 300.904487, 59.126576
7337.568, 300.969424, 59.177392
2194.947, 300.749432, 58.978315
3882.592, 300.672314, 58.910040
34505.241, 300.573317, 58.821975
26002.838, 300.597816, 58.845600
50957.230, 300.948829, 59.164202
18079.620, 300.851299, 59.076474
9128.775, 300.888618, 59.110323
7294.854, 300.623455, 58.871040
76407.465, 300.612968, 58.868241
9771.929, 300.579703, 58.833017
70491.999, 300.598773, 58.856571
3356.801, 300.695090, 58.939004
29570.549, 300.746861, 58.989193
4733.822, 300.753433, 58.993104
9855.083, 300.928168, 59.151602
3820.739, 300.663772, 58.911414
14436.269, 300.704260, 58.949613
23197.121, 300.717515, 58.962762
7309.189, 300.766428, 59.006574
5726.513, 300.884861, 59.113569
5561.573, 300.626953, 58.879641
3403.368, 300.565538, 58.825366
12066.671, 300.582580, 58.842437
40254.012, 300.802115, 59.044511
9772.409, 300.658198, 58.913768
101266.585, 300.665350, 58.926122
15805.299, 300.684729, 58.938434
34287.858, 300.938524, 59.170190
6821.855, 300.678546, 58.933707
5951.304, 300.591101, 58.853617
2148.747, 300.745984, 58.994413
65699.369, 300.849110, 59.092438
2617.589, 300.555182, 58.820893
2149.079, 300.653684, 58.911584
4280.586, 300.844512, 59.086607
2594.251, 300.616557, 58.879509
4288.762, 300.572337, 58.840615
33020.228, 300.867309, 59.111472
6023.159, 300.598634, 58.865564
3400.756, 300.735399, 58.991128
5932.193, 300.819936, 59.068577
13193.692, 300.635321, 58.903270
11069.344, 300.587106, 58.860195
10391.453, 300.800773, 59.054492
6577.095, 300.890570, 59.135327
5639.895, 300.597620, 58.870452
3431.456, 300.612880, 58.883246
10782.502, 300.836816, 59.089219
4215.599, 300.668650, 58.937674
2159.474, 300.613780, 58.888750
12980.824, 300.841872, 59.097977
2995.044, 300.591096, 58.869017
16830.159, 300.565836, 58.849089
6825.480, 300.612361, 58.890907
7295.450, 300.657066, 58.930810
18603.220, 300.810215, 59.071607
25391.037, 300.616715, 58.896793
44218.025, 300.621849, 58.902472
13803.885, 300.783205, 59.047365
7279.681, 300.861959, 59.118615
67140.012, 300.893171, 59.151288
2088.449, 300.632991, 58.910917
7287.602, 300.552870, 58.840135
10382.023, 300.571966, 58.858790
7254.079, 300.591712, 58.880004
5529.812, 300.646236, 58.927946
2161.856, 300.658575, 58.938881
52417.118, 300.789700, 59.063437
4660.108, 300.627198, 58.911765
28406.881, 300.741177, 59.018209
13474.224, 300.872203, 59.134649
3825.498, 300.597181, 58.884371
64185.025, 300.677761, 58.963433
16376.922, 300.543052, 58.837170
10273.461, 300.660916, 58.944505
3816.188, 300.563257, 58.854805
5596.970, 300.578182, 58.870208
5114.032, 300.639945, 58.926256
22264.172, 300.663704, 58.949895
5030.892, 300.713575, 58.997318
3438.789, 300.810370, 59.085053
93524.440, 300.579167, 58.881312
3040.333, 300.641483, 58.932134
13206.828, 300.646296, 58.937768
2171.827, 300.558892, 58.857487
48329.368, 300.809770, 59.091759
19418.609, 300.827407, 59.104148
2945.879, 300.650198, 58.943359
3853.503, 300.592549, 58.890850
3884.554, 300.536905, 58.841228
7681.931, 300.604005, 58.903429
36817.841, 300.655832, 58.954252
19011.552, 300.745150, 59.033435
33164.450, 300.777537, 59.064208
8473.352, 300.636780, 58.934802
3408.387, 300.551792, 58.857018
11977.879, 300.692434, 58.986923
21259.352, 300.520411, 58.832690
28498.598, 300.538985, 58.849387
21881.517, 300.872885, 59.152243
4282.144, 300.671935, 58.969087
11048.006, 300.624418, 58.927343
47542.204, 300.635781, 58.941377
6357.853, 300.529665, 58.840829
15525.659, 300.613353, 58.918713
4802.869, 300.820316, 59.106266
302668.357, 300.702871, 59.009967
21322.737, 300.742470, 59.038422
18666.997, 300.897672, 59.178261
12351.551, 300.640234, 58.946107
3889.744, 300.915275, 59.194088
6865.660, 300.693844, 58.995138
8527.718, 300.618393, 58.926695
9181.013, 300.883362, 59.168053
11061.036, 300.537892, 58.854559
5477.139, 300.568491, 58.882085
11540.130, 300.771591, 59.068122
52959.180, 300.584810, 58.904628
13633.523, 300.603011, 58.915263
26893.589, 300.712135, 59.017442
2110.624, 300.551579, 58.868394
9432.606, 300.558271, 58.877652
9497.800, 300.846132, 59.139526
6364.123, 300.526352, 58.848205
12249.766, 300.579192, 58.898818
40832.991, 300.660824, 58.979025
55005.411, 300.558392, 58.885477
6517.032, 300.648829, 58.964573
5564.365, 300.802564, 59.104472
55512.254, 300.613563, 58.936466
17363.537, 300.532282, 58.860900
12055.736, 300.750174, 59.058845
5988.835, 300.547554, 58.873594
5587.655, 300.638295, 58.957379
12448.024, 300.803369, 59.107385
39770.023, 300.740310, 59.054880
21338.377, 300.827427, 59.132014
14526.315, 300.515733, 58.851054
4632.339, 300.606471, 58.932583
56545.344, 300.719478, 59.039462
2577.007, 300.570874, 58.900567
34957.565, 300.765445, 59.081438
37181.688, 300.812987, 59.124888
5533.554, 300.502454, 58.839484
46244.629, 300.623135, 58.953615
13231.458, 300.631324, 58.958892
2966.960, 300.654770, 58.978702
8932.725, 300.583680, 58.916145
6032.502, 300.689472, 59.012577
5159.207, 300.534498, 58.871318
39296.859, 300.637929, 58.968379
3820.913, 300.707364, 59.031244
13316.758, 300.556554, 58.895314
6414.543, 300.563935, 58.901903
2188.960, 300.846046, 59.157806
67024.630, 300.864728, 59.179063
5990.279, 300.594588, 58.931812
4754.359, 300.835729, 59.150096
2546.301, 300.525081, 58.868100
2122.950, 300.544675, 58.886140
2599.035, 300.586210, 58.924096
3944.764, 300.890541, 59.200494
15256.509, 300.495468, 58.845218
45581.268, 300.640262, 58.984639
6868.216, 300.869935, 59.186363
17682.653, 300.810954, 59.134985
47612.355, 300.708352, 59.047059
19566.695, 300.540550, 58.894773
12413.763, 300.647720, 58.992579
7740.395, 300.531027, 58.885975
2613.195, 300.773042, 59.106287
5534.810, 300.564906, 58.918049
37495.532, 300.733931, 59.074456
29950.064, 300.655249, 59.003843
2160.507, 300.571011, 58.925216
26477.494, 300.672963, 59.021570
13916.558, 300.839674, 59.172388
32475.671, 300.879070, 59.210567
8896.772, 300.546961, 58.905636
4046.157, 300.802794, 59.138192
13690.157, 300.547571, 58.909167
91015.990, 300.768203, 59.115230
3425.670, 300.517452, 58.879513
3486.693, 300.587008, 58.943895
3450.281, 300.509284, 58.872828
9937.746, 300.710103, 59.058582
2085.695, 300.644959, 58.999167
11636.713, 300.715348, 59.064278
25777.856, 300.689092, 59.042640
24964.314, 300.585420, 58.948150
14709.812, 300.664912, 59.020649
34238.480, 300.528463, 58.897696
2168.714, 300.702766, 59.054183
3413.522, 300.547229, 58.913652
10639.582, 300.488312, 58.862177
3079.939, 300.654135, 59.012447
8025.632, 300.508204, 58.880658
28489.435, 300.547293, 58.918101
19456.473, 300.607922, 58.974031
19373.871, 300.835143, 59.180464
40415.213, 300.707321, 59.071273
42437.531, 300.734609, 59.094991
45214.854, 300.776581, 59.133553
28899.637, 300.818485, 59.171731
3920.351, 300.836861, 59.184859
12625.169, 300.841766, 59.190468
4675.718, 300.498182, 58.880226
40250.908, 300.750123, 59.112999
2123.616, 300.462974, 58.848272
53699.441, 300.478994, 58.867245
4257.790, 300.788449, 59.147070
39020.423, 300.465409, 58.855706
2592.125, 300.593296, 58.969979
3877.872, 300.473038, 58.860675
41020.972, 300.605539, 58.985626
85135.564, 300.631153, 59.013381
15380.263, 300.542152, 58.926837
3034.271, 300.589058, 58.968817
8969.419, 300.621986, 58.999527
2983.945, 300.492074, 58.880617
2145.577, 300.545420, 58.929399
30520.151, 300.563857, 58.949317
8165.261, 300.457175, 58.850161
12995.376, 300.816344, 59.178733
4779.356, 300.858384, 59.215268
19954.589, 300.835787, 59.198623
33960.552, 300.489310, 58.885282
3006.197, 300.550375, 58.939303
13671.509, 300.501899, 58.897220
14151.126, 300.580777, 58.968819
12758.695, 300.540866, 58.934113
29105.245, 300.494352, 58.893850
23874.916, 300.569732, 58.963317
33603.631, 300.712083, 59.090903
3857.169, 300.531110, 58.925338
3008.013, 300.473336, 58.872705
5957.041, 300.514503, 58.912176
41425.493, 300.616933, 59.008287
24762.045, 300.448670, 58.852699
8497.131, 300.463165, 58.865560
3859.050, 300.508653, 58.906308
36215.701, 300.811572, 59.185559
7276.932, 300.547099, 58.945026
68570.473, 300.642808, 59.034896
64727.141, 300.721597, 59.106901
9486.878, 300.454893, 58.861806
5961.287, 300.515497, 58.918350
356517.711, 300.579462, 58.990396
6056.827, 300.745391, 59.128737
6955.268, 300.804106, 59.181556
79327.306, 300.520873, 58.929150
124462.218, 300.458434, 58.875481
3010.201, 300.676952, 59.067875
2561.619, 300.504154, 58.910234
2989.233, 300.739270, 59.125667
26973.484, 300.764302, 59.153328
5983.105, 300.444924, 58.859741
39304.708, 300.642579, 59.044967
32035.406, 300.695338, 59.092307
2103.450, 300.447915, 58.863776
13761.682, 300.783607, 59.171993
28944.725, 300.649534, 59.052178
15079.001, 300.462642, 58.880732
2609.113, 300.741110, 59.133878
23235.760, 300.799832, 59.189066
21628.288, 300.477516, 58.896624
3468.323, 300.750908, 59.144392
32728.869, 300.544154, 58.960586
28504.848, 300.470762, 58.894277
2170.507, 300.766737, 59.160291
19700.514, 300.818009, 59.209723
7661.487, 300.517926, 58.935905
30891.813, 300.481042, 58.908043
5546.294, 300.495353, 58.915626
3864.241, 300.605452, 59.016224
31004.591, 300.446103, 58.874128
2109.119, 300.434351, 58.860268
14455.750, 300.437161, 58.864745
37941.939, 300.698501, 59.107596
12884.701, 300.725902, 59.129691
3432.087, 300.567820, 58.985120
31476.866, 300.686336, 59.096973
61794.697, 300.737018, 59.144234
55803.267, 300.577830, 59.001145
3034.338, 300.801425, 59.200874
6453.923, 300.554857, 58.980201
2116.447, 300.462198, 58.894799
7206.909, 300.421925, 58.860915
4244.630, 300.580859, 59.006870
3830.556, 300.443083, 58.880841
4259.862, 300.447772, 58.885686
15159.464, 300.457239, 58.895480
8926.492, 300.623898, 59.047462
5906.893, 300.427327, 58.867350
5096.870, 300.467285, 58.905183
10195.613, 300.562502, 58.993658
33028.862, 300.675655, 59.097720
2120.046, 300.584815, 59.014127
94702.835, 300.596298, 59.030846
64663.316, 300.437545, 58.885065
3362.819, 300.517710, 58.953978
35070.718, 300.665898, 59.091730
4217.982, 300.419906, 58.864639
39541.209, 300.627636, 59.058174
11595.869, 300.590497, 59.023594
2961.428, 300.415082, 58.861947
81866.940, 300.563400, 59.002999
5177.101, 300.659908, 59.086109
9753.323, 300.716497, 59.138663
23319.459, 300.726883, 59.149196
2507.625, 300.661782, 59.088742
11553.244, 300.814306, 59.228774
18470.311, 300.615805, 59.050637
18352.620, 300.708206, 59.134570
2098.025, 300.548600, 58.987601
3017.945, 300.559661, 58.998324
3835.307, 300.413632, 58.865543
15754.928, 300.443538, 58.895843
6411.718, 300.423596, 58.876750
70195.284, 300.525041, 58.976059
25347.543, 300.652788, 59.091054
4198.382, 300.658786, 59.094630
5175.943, 300.736769, 59.165515
46334.520, 300.479250, 58.934843
15663.433, 300.712799, 59.146633
29454.645, 300.762970, 59.193905
4693.607, 300.538182, 58.987721
6448.242, 300.601089, 59.046388
2123.143, 300.425156, 58.886469
12381.361, 300.776524, 59.208141
5519.431, 300.467914, 58.926696
8422.124, 300.732113, 59.169147
2955.904, 300.434520, 58.896667
23158.635, 300.491456, 58.950925
3425.507, 300.544013, 58.996891
117566.679, 300.414987, 58.888547
7233.995, 300.501702, 58.962034
6897.478, 300.616272, 59.066098
6881.526, 300.651201, 59.098285
26693.903, 300.672541, 59.119362
16538.379, 300.401443, 58.870978
23224.900, 300.452955, 58.918707
3854.249, 300.588624, 59.041604
54192.071, 300.710106, 59.155544
2995.545, 300.718546, 59.159927
3043.548, 300.426214, 58.893493
12003.635, 300.596537, 59.050665
20665.803, 300.617926, 59.072376
38869.034, 300.516726, 58.980270
2150.721, 300.600763, 59.053781
9024.317, 300.441374, 58.909288
10295.443, 300.569057, 59.028157
2626.089, 300.396945, 58.868616
11153.512, 300.482951, 58.949347
31486.102, 300.527819, 58.993918
18243.870, 300.625719, 59.082144
4174.414, 300.692722, 59.140089
53822.092, 300.399741, 58.877618
56779.357, 300.457176, 58.933275
4783.920, 300.563760, 59.026400
3850.198, 300.608398, 59.067850
26361.134, 300.683310, 59.139751
10391.409, 300.663472, 59.120413
3021.686, 300.448990, 58.923240
3033.236, 300.422432, 58.901185
15303.621, 300.483006, 58.957474
51197.123, 300.641955, 59.105770
272208.115, 300.433139, 58.921492
8927.478, 300.426403, 58.908987
2169.132, 300.539655, 59.011637
27085.755, 300.697752, 59.158361
12073.290, 300.619185, 59.086902
10709.242, 300.398304, 58.885826
4745.952, 300.501390, 58.979043
2154.147, 300.534601, 59.008529
3407.146, 300.576675, 59.047536
30665.651, 300.715948, 59.176597
3057.866, 300.409365, 58.897884
35207.892, 300.474343, 58.960490
7688.848, 300.486289, 58.969627
7570.214, 300.537359, 59.017073
8930.424, 300.413789, 58.904425
2125.699, 300.423568, 58.913600
4763.761, 300.609345, 59.084129
7661.324, 300.377667, 58.872660
9370.111, 300.415798, 58.909007
4277.134, 300.457229, 58.946921
3865.714, 300.526720, 59.010398
10228.496, 300.391021, 58.887273
3937.582, 300.486443, 58.974213
4222.268, 300.579345, 59.060309
6936.422, 300.622062, 59.100176
2998.757, 300.381774, 58.879194
19974.082, 300.400250, 58.898820
2549.687, 300.408632, 58.903811
7204.866, 300.556747, 59.041188
5192.691, 300.597440, 59.078495
7683.709, 300.382084, 58.881613
65961.373, 300.488701, 58.987960
2961.210, 300.539878, 59.025983
3023.637, 300.521174, 59.009459
26209.545, 300.644291, 59.125223
4722.441, 300.558652, 59.044701
5556.177, 300.587813, 59.072252
45308.233, 300.677776, 59.158271
120112.148, 300.385304, 58.896852
5981.024, 300.382747, 58.888973
84222.329, 300.525393, 59.022140
15163.587, 300.748060, 59.221573
110592.712, 300.628286, 59.119395
11525.409, 300.458321, 58.958913
10614.023, 300.465902, 58.966061
2178.621, 300.569302, 59.059443
10028.889, 300.732499, 59.208142
3050.612, 300.374667, 58.881381
3811.755, 300.717631, 59.196110
41185.311, 300.402095, 58.912445
126594.023, 300.509172, 59.011879
2544.974, 300.594716, 59.085880
5550.164, 300.539102, 59.037168
15763.249, 300.371104, 58.884664
14926.338, 300.411595, 58.921562
3859.800, 300.640311, 59.129345
4318.187, 300.457647, 58.963189
2569.409, 300.463835, 58.968438
3025.656, 300.528526, 59.028447
3547.396, 300.724692, 59.206624
25844.512, 300.754304, 59.236206
51714.038, 300.363036, 58.883988
14087.378, 300.604048, 59.100384
15835.997, 300.420935, 58.932303
2122.816, 300.464096, 58.970474
3011.657, 300.492710, 58.997188
66757.719, 300.540551, 59.045240
3478.223, 300.560924, 59.059540
4342.412, 300.563791, 59.062219
3053.036, 300.438362, 58.947602
10652.123, 300.478110, 58.986481
18802.427, 300.554253, 59.057203
57862.249, 300.418275, 58.939099
30698.502, 300.393209, 58.911882
11942.943, 300.529019, 59.035044
2572.506, 300.611318, 59.108355
2100.468, 300.360070, 58.880319
12114.494, 300.543783, 59.050605
4359.436, 300.606021, 59.106928
2539.712, 300.386536, 58.905826
5926.388, 300.497494, 59.008363
11925.584, 300.571415, 59.076633
8666.159, 300.693672, 59.187623
5160.445, 300.388350, 58.909066
5155.804, 300.577127, 59.082233
19001.210, 300.661312, 59.159951
29127.987, 300.750087, 59.241460
2598.235, 300.379757, 58.901432
2501.434, 300.705365, 59.198845
3527.220, 300.715153, 59.209686
20644.686, 300.373763, 58.900291
7616.474, 300.497366, 59.013237
3021.335, 300.511419, 59.025143
35626.984, 300.667780, 59.172023
2621.148, 300.435087, 58.955303
4725.795, 300.579504, 59.088623
9907.376, 300.712465, 59.212551
4264.280, 300.364818, 58.893988
40527.402, 300.504186, 59.025268
28088.148, 300.348675, 58.884055
59658.388, 300.412360, 58.944070
7202.507, 300.441828, 58.966418
28119.125, 300.587981, 59.102184
43313.604, 300.375896, 58.909243
36791.292, 300.580521, 59.096701
15280.321, 300.386536, 58.918959
3030.301, 300.518842, 59.038738
28490.331, 300.455245, 58.987688
8533.992, 300.485429, 59.010181
59502.566, 300.358108, 58.898757
7785.350, 300.422734, 58.954841
5120.070, 300.433166, 58.963237
13681.586, 300.606105, 59.123424
20186.867, 300.679287, 59.190557
35329.231, 300.468488, 59.002553
19055.316, 300.635667, 59.153256
19722.456, 300.347876, 58.890356
4369.836, 300.412001, 58.948452
41525.869, 300.502123, 59.038060
10586.464, 300.580566, 59.106747
2107.485, 300.389323, 58.929655
24054.932, 300.574010, 59.101842
14575.912, 300.617764, 59.140963
6870.464, 300.699092, 59.214430
9826.477, 300.673109, 59.193269
2151.251, 300.554314, 59.084081
3506.636, 300.642790, 59.164581
3340.075, 300.737802, 59.250974
2063.944, 300.364484, 58.909972
5554.825, 300.368535, 58.914503
2560.723, 300.390335, 58.935039
17559.272, 300.437724, 58.980625
16544.219, 300.396976, 58.943311
6386.209, 300.354546, 58.905118
4724.218, 300.374166, 58.922672
16384.298, 300.528877, 59.066588
6430.710, 300.562567, 59.097141
43889.226, 300.612762, 59.145746
30650.494, 300.442282, 58.989785
16790.814, 300.566833, 59.102916
3394.244, 300.509432, 59.050034
4710.761, 300.514286, 59.054999
15347.047, 300.382487, 58.937671
14742.599, 300.600096, 59.136655
19395.765, 300.665662, 59.196318
14047.642, 300.352355, 58.909734
10639.396, 300.384894, 58.940524
12324.387, 300.413280, 58.967025
16671.832, 300.527053, 59.070742
57568.187, 300.536866, 59.084003
9924.294, 300.675023, 59.204651
61475.525, 300.430826, 58.985157
2565.659, 300.360322, 58.917508
10659.489, 300.367222, 58.925689
5615.730, 300.392423, 58.947708
29032.918, 300.581794, 59.124644
37931.452, 300.496336, 59.047945
3036.886, 300.370488, 58.928630
23407.774, 300.442279, 58.998468
84407.700, 300.662385, 59.202427
4323.467, 300.488546, 59.038739
2588.274, 300.685951, 59.217586
3421.422, 300.425566, 58.981236
17492.358, 300.463197, 59.017539
8160.920, 300.324856, 58.889972
81736.730, 300.365430, 58.936905
31638.243, 300.510223, 59.063200
47154.890, 300.558342, 59.109152
15927.805, 300.613944, 59.157521
9098.021, 300.553670, 59.103339
7774.044, 300.345627, 58.912330
11524.906, 300.435320, 58.996070
89383.448, 300.538002, 59.094420
2237.155, 300.670507, 59.208768
33272.245, 300.328072, 58.899263
2995.977, 300.415401, 58.976619
8614.380, 300.483056, 59.039055
14844.997, 300.357335, 58.924390
11537.488, 300.337211, 58.907558
6323.217, 300.346564, 58.916186
15435.988, 300.386271, 58.953399
3002.896, 300.381966, 58.949471
8610.907, 300.408221, 58.974289
5105.863, 300.318584, 58.891906
13645.975, 300.530774, 59.088115
4708.913, 300.616855, 59.165835
9006.172, 300.372512, 58.943880
11099.202, 300.499161, 59.060964
4288.414, 300.341354, 58.915366
16254.619, 300.357776, 58.931760
13357.677, 300.396624, 58.968222
6913.391, 300.439237, 59.006092
3797.799, 300.512677, 59.073078
13668.106, 300.634153, 59.185099
24001.262, 300.711369, 59.256327
3500.806, 300.346092, 58.920481
6013.908, 300.387464, 58.959757
12450.055, 300.451234, 59.020428
27968.832, 300.609214, 59.166117
3423.416, 300.317826, 58.897396
32688.435, 300.408136, 58.984709
27349.310, 300.473514, 59.043802
4703.623, 300.365856, 58.942152
77254.532, 300.435535, 59.014100
89261.045, 300.323654, 58.909589
8543.349, 300.633643, 59.189047
5928.014, 300.335503, 58.917730
13542.576, 300.366956, 58.948669
21297.166, 300.671723, 59.226721
31297.642, 300.476832, 59.049498
30487.038, 300.527670, 59.096665
46227.672, 300.424906, 59.005563
3011.814, 300.644749, 59.201784
14034.942, 300.312222, 58.898971
30175.760, 300.350804, 58.939351
7350.069, 300.377444, 58.958801
5151.972, 300.480241, 59.052891
21583.306, 300.544685, 59.113652
8118.989, 300.654694, 59.212106
15252.513, 300.381568, 58.965122
41014.380, 300.447956, 59.027390
107043.230, 300.530857, 59.107571
2143.222, 300.503162, 59.075486
2593.798, 300.630125, 59.191763
7661.685, 300.341250, 58.929699
14173.245, 300.609949, 59.176350
5161.077, 300.615283, 59.179900
3025.735, 300.618367, 59.183154
56558.972, 300.308621, 58.908242
2164.264, 300.386176, 58.971233
5582.680, 300.479410, 59.057916
6404.628, 300.511243, 59.086716
48792.621, 300.338767, 58.936764
2588.316, 300.406538, 58.990693
18551.623, 300.468338, 59.049731
2981.065, 300.566598, 59.137492
32588.753, 300.592162, 59.163196
2590.491, 300.309593, 58.902144
3938.328, 300.397953, 58.984086
13405.935, 300.577814, 59.150583
36613.848, 300.633246, 59.201734
17303.335, 300.676231, 59.239459
2119.111, 300.375618, 58.963699
50862.386, 300.434823, 59.023798
18036.247, 300.664898, 59.230856
32674.026, 300.690509, 59.254701
11937.122, 300.321339, 58.916007
16921.340, 300.451836, 59.036339
17559.157, 300.598802, 59.171777
15795.325, 300.300404, 58.897883
36594.893, 300.405426, 58.997853
39505.913, 300.553828, 59.135617
2639.681, 300.621537, 59.191853
17082.726, 300.378090, 58.970799
5121.229, 300.384961, 58.977136
6461.664, 300.496792, 59.080457
2694.110, 300.655475, 59.224074
3825.794, 300.328134, 58.925641
26784.900, 300.424131, 59.017327
2168.308, 300.565517, 59.142944
49634.466, 300.676564, 59.249144
2578.820, 300.317366, 58.917747
8142.455, 300.390908, 58.986253
4286.354, 300.592025, 59.169979
3892.051, 300.322800, 58.925750
14392.913, 300.292056, 58.899575
7247.796, 300.317642, 58.922363
23198.341, 300.340101, 58.945044
3861.101, 300.409560, 59.006396
26415.649, 300.507224, 59.098601
13359.254, 300.646508, 59.224146
5523.111, 300.526413, 59.114914
61400.703, 300.612374, 59.196376
4784.134, 300.654803, 59.231911
31707.517, 300.575520, 59.162493
9812.589, 300.410401, 59.011457
23894.555, 300.594122, 59.181016
31203.189, 300.302251, 58.913705
13176.404, 300.391555, 58.995141
4298.162, 300.515312, 59.108501
3083.101, 300.555041, 59.144771
5104.989, 300.628129, 59.211959
13237.275, 300.657505, 59.239548
2115.838, 300.330682, 58.940275
2997.616, 300.345210, 58.953382
14207.284, 300.674284, 59.255478
3473.399, 300.437768, 59.040425
