# Source Fluxes and Coordinates
# Flux (e-/s), RA (deg), Dec (deg)
201998.573, 301.200021, 58.920988
46738.887, 301.241095, 58.954091
916507.309, 301.099267, 58.834746
58736.153, 300.957729, 58.704670
2548.160, 301.089879, 58.818419
5933.823, 301.059849, 58.793177
18737.720, 300.989682, 58.732340
76339.453, 300.992141, 58.737545
42626.470, 301.236685, 58.960832
11124.034, 301.089162, 58.826015
4259.463, 301.133876, 58.863840
3524.854, 301.338726, 59.046256
3757.481, 301.016810, 58.759459
4658.580, 301.051742, 58.791498
6841.958, 301.078323, 58.816341
4641.792, 301.030214, 58.772973
32131.991, 301.038648, 58.785051
7726.465, 301.032462, 58.778812
13364.336, 301.349370, 59.063742
3814.272, 301.130593, 58.869614
17446.818, 301.115879, 58.859592
28279.251, 301.055247, 58.807597
11226.542, 301.141987, 58.883842
10164.973, 301.108911, 58.855442
7260.789, 300.943286, 58.706607
24170.555, 301.031836, 58.787902
3849.449, 301.006261, 58.763657
14242.410, 301.117029, 58.866010
6830.100, 301.131997, 58.878787
14960.195, 300.988701, 58.751528
3444.520, 301.305033, 59.034771
59296.905, 301.055320, 58.817332
23379.365, 301.044733, 58.805765
32736.421, 301.177779, 58.926583
5077.575, 301.002763, 58.768786
3850.819, 301.088301, 58.845740
7248.852, 300.939744, 58.714160
12948.330, 300.992141, 58.762743
43083.388, 300.973651, 58.749238
6412.307, 301.271867, 59.014566
8520.725, 301.085422, 58.849041
22808.594, 301.100080, 58.863983
65226.983, 301.294240, 59.039234
41789.711, 300.958144, 58.737339
4711.834, 301.004644, 58.776641
4716.403, 300.954364, 58.732403
18303.877, 301.009177, 58.785894
3873.323, 300.964514, 58.744806
6722.764, 301.012703, 58.789401
2530.373, 301.110938, 58.877930
8074.922, 300.974094, 58.755634
11941.414, 301.061738, 58.835921
6905.684, 300.927038, 58.714096
42219.556, 301.181907, 58.947894
2588.233, 300.937369, 58.724776
9177.379, 301.283509, 59.038424
3018.456, 300.946648, 58.735759
8511.438, 300.976953, 58.764390
75491.403, 301.302940, 59.060262
18565.916, 301.011785, 58.797870
22724.759, 301.111933, 58.888632
4224.519, 300.948863, 58.741806
19308.779, 300.981733, 58.773092
29658.401, 301.134897, 58.911609
99793.191, 301.202100, 58.976255
60541.870, 300.929280, 58.730691
5493.376, 300.960909, 58.755426
2154.112, 300.997552, 58.790430
43406.523, 301.253402, 59.025337
58884.025, 301.167349, 58.949455
33360.788, 301.209612, 58.986609
7652.783, 300.953099, 58.753415
15328.940, 301.269121, 59.039271
6212.743, 301.317336, 59.081180
2958.986, 300.940588, 58.743784
18379.911, 301.056735, 58.849915
21821.643, 301.136616, 58.921506
2637.104, 300.953224, 58.756449
4302.638, 300.945142, 58.751671
65184.632, 301.170592, 58.959034
9464.190, 300.981788, 58.786358
32951.175, 301.065034, 58.864738
35883.787, 301.135655, 58.929083
7255.264, 300.925341, 58.737421
39115.126, 301.011811, 58.821140
3093.933, 301.117478, 58.912000
57534.030, 301.152688, 58.947861
139833.440, 300.902016, 58.724515
8913.891, 301.048988, 58.852384
19569.441, 300.941518, 58.759517
3432.409, 301.027616, 58.835399
16503.972, 301.108220, 58.910813
26657.542, 301.088747, 58.894692
8152.987, 301.247165, 59.036607
4730.447, 300.903237, 58.729792
8125.790, 300.986509, 58.806159
10522.691, 300.959787, 58.782693
13404.670, 301.294402, 59.083297
10178.923, 300.944827, 58.769611
4354.461, 301.265266, 59.058101
2587.177, 300.971913, 58.796788
31899.902, 300.987825, 58.813689
7334.227, 301.013145, 58.835406
56839.692, 301.110059, 58.926834
51933.537, 300.888323, 58.726628
5102.588, 300.928406, 58.760485
2165.700, 300.943926, 58.774807
5559.973, 300.937754, 58.770278
4254.757, 301.078225, 58.898002
18645.317, 300.920445, 58.757928
111048.892, 301.068680, 58.896523
35828.524, 301.045192, 58.872619
23347.330, 301.284850, 59.086680
30580.087, 300.877806, 58.724779
2179.230, 300.927202, 58.765669
8529.262, 300.929279, 58.768858
6374.266, 300.974691, 58.810197
21426.281, 300.938812, 58.780163
12661.790, 301.215597, 59.027389
53377.634, 300.904628, 58.752243
109234.783, 300.894530, 58.746187
52898.301, 300.943053, 58.787899
2067.850, 300.929575, 58.772169
48046.841, 301.104954, 58.934102
8145.402, 300.973838, 58.814424
23668.683, 301.112710, 58.940793
2583.414, 301.025350, 58.860952
4269.096, 300.908886, 58.757185
73968.694, 301.167452, 58.994435
3419.001, 300.984279, 58.825596
7188.989, 300.877863, 58.731697
12320.225, 300.990744, 58.833855
41007.987, 300.993348, 58.840103
3409.202, 301.030193, 58.870499
43020.033, 300.880483, 58.741289
8111.692, 301.047064, 58.887363
67837.135, 301.015919, 58.865080
29421.788, 301.075539, 58.917271
29364.720, 301.107522, 58.947533
427746.263, 300.859693, 58.740650
2574.629, 300.948170, 58.801505
3460.486, 300.909339, 58.769324
5583.994, 300.980442, 58.834980
15392.393, 301.035503, 58.886106
159709.586, 301.137760, 58.982181
72320.005, 300.886333, 58.754736
2523.503, 300.956055, 58.814500
10217.172, 301.120998, 58.964283
28210.174, 301.240370, 59.072838
3438.986, 301.063467, 58.913417
46182.896, 300.969918, 58.835077
7707.243, 301.126548, 58.972958
21893.737, 301.189582, 59.032279
131301.536, 301.026812, 58.890700
9455.093, 301.067236, 58.922909
17035.141, 300.881782, 58.760006
66573.875, 301.000000, 58.871846
11074.515, 300.897824, 58.775199
29601.358, 300.954915, 58.827988
4339.004, 301.137837, 58.990714
5076.406, 300.910458, 58.786574
20428.968, 300.948794, 58.823207
13594.775, 301.014676, 58.881867
26317.101, 301.141913, 58.998392
19444.164, 300.922753, 58.802948
3002.963, 301.222226, 59.069016
29377.334, 300.959643, 58.840400
2946.037, 300.981246, 58.855746
5086.561, 301.061551, 58.928912
37230.098, 301.047017, 58.919639
13512.594, 300.892003, 58.780226
2985.505, 300.947134, 58.829315
12710.202, 300.879831, 58.770570
8613.497, 300.952298, 58.837501
18588.676, 300.958151, 58.845768
5129.443, 300.933755, 58.821087
4267.926, 300.939431, 58.827065
9366.912, 301.000869, 58.883802
3346.872, 300.892220, 58.784667
5699.370, 301.117375, 58.988683
66923.478, 301.202221, 59.068797
6377.854, 300.844978, 58.745181
116724.091, 300.863151, 58.766731
2570.789, 300.856713, 58.755334
26984.072, 301.065147, 58.947726
22419.980, 301.105936, 58.984383
15855.491, 300.924037, 58.819679
140368.726, 301.023175, 58.914233
2545.651, 300.834631, 58.738169
4632.407, 300.882183, 58.783029
8025.338, 300.907019, 58.809480
35149.723, 301.111398, 58.995169
6780.036, 300.853170, 58.762218
41124.798, 301.046835, 58.942866
118092.101, 301.132101, 59.022029
63412.656, 300.983117, 58.889099
5102.608, 300.889253, 58.800015
13075.778, 300.828621, 58.746332
19519.624, 300.961235, 58.867772
41832.859, 300.830321, 58.752435
2529.481, 300.876282, 58.789486
85819.070, 300.914808, 58.830333
56249.270, 301.119606, 59.012919
13189.531, 300.925353, 58.835916
2529.517, 300.954413, 58.861000
5098.089, 300.849866, 58.767154
4676.714, 300.896278, 58.810444
19276.616, 300.988508, 58.895668
5960.388, 300.855581, 58.774445
10181.335, 300.867560, 58.786023
3856.769, 300.998712, 58.903926
3429.687, 300.929245, 58.842636
5489.087, 300.887781, 58.806120
100473.594, 300.934791, 58.858778
3826.489, 300.944723, 58.863525
31647.235, 301.141880, 59.043484
30591.048, 301.101367, 59.008465
583410.679, 300.818935, 58.765836
52049.453, 301.193848, 59.092340
6279.570, 300.839002, 58.770676
4229.748, 300.927366, 58.850724
9003.806, 301.025949, 58.939908
19162.644, 300.975302, 58.896246
15081.677, 301.175241, 59.076327
7658.868, 300.817446, 58.753575
2534.204, 300.892621, 58.821495
6396.828, 300.914564, 58.841302
2949.657, 300.952766, 58.875307
18560.135, 301.074315, 58.986509
9505.395, 301.067178, 58.982008
112839.826, 300.835848, 58.779588
5164.724, 301.062725, 58.978269
5539.586, 300.898419, 58.830854
26979.449, 300.901791, 58.835851
12244.101, 300.914534, 58.847928
35126.456, 301.139046, 59.054575
14909.432, 300.800517, 58.750880
2492.656, 300.843117, 58.786599
3782.937, 300.852488, 58.798712
45442.470, 300.924061, 58.867495
29047.516, 301.014804, 58.948601
17755.107, 301.084075, 59.009484
29608.610, 300.884438, 58.832425
2157.374, 300.897230, 58.840191
31963.305, 300.968989, 58.908137
2111.790, 301.166081, 59.081740
41361.001, 300.800460, 58.756761
3893.142, 301.035100, 58.967369
18249.091, 300.985375, 58.925219
19709.887, 301.041590, 58.975686
56923.913, 301.059962, 58.993477
3920.953, 300.930491, 58.875224
5469.456, 300.867061, 58.818557
30032.416, 300.837055, 58.793869
41274.309, 301.160205, 59.087337
11961.995, 300.900651, 58.853689
40051.702, 300.818151, 58.782299
4234.617, 300.792290, 58.757683
2614.205, 300.809832, 58.773223
40925.527, 300.980648, 58.933733
25468.566, 300.809854, 58.779488
16169.807, 300.875895, 58.837406
2168.122, 300.783296, 58.753164
5962.417, 300.971318, 58.923694
86485.916, 301.023175, 58.975818
30677.742, 301.144967, 59.081883
34274.039, 301.131055, 59.070453
20069.139, 300.803007, 58.775018
33966.541, 301.090424, 59.036008
9723.531, 300.798737, 58.771734
20402.100, 300.940268, 58.900768
7651.119, 301.003991, 58.958701
11443.419, 300.836865, 58.807283
44810.751, 300.823517, 58.798377
5143.083, 300.817049, 58.791079
30568.583, 301.077395, 59.028973
21494.507, 301.110526, 59.058454
2998.314, 300.886190, 58.857404
12204.186, 300.923465, 58.892443
3840.568, 300.940043, 58.906490
30374.072, 300.974417, 58.939875
49828.882, 300.847400, 58.827531
9351.057, 300.943153, 58.911929
10475.703, 300.875448, 58.851259
12319.853, 300.931121, 58.902370
15327.594, 300.961636, 58.930330
19246.441, 300.806456, 58.793698
2575.348, 300.812081, 58.797805
75952.087, 301.020172, 58.991769
2182.530, 300.823227, 58.809393
25350.702, 300.946535, 58.923542
2967.239, 300.832819, 58.819149
31812.187, 301.002879, 58.975168
25640.026, 300.926758, 58.906905
8583.683, 300.768222, 58.763043
78448.882, 300.961196, 58.941516
19037.474, 300.850914, 58.840844
13593.710, 300.891686, 58.876630
8883.312, 300.782584, 58.777275
4622.542, 300.796858, 58.790093
3829.043, 300.856660, 58.843815
29563.680, 300.914824, 58.898975
13230.867, 300.801131, 58.795929
5575.680, 300.836084, 58.827222
6810.250, 300.844397, 58.836336
41831.391, 300.981502, 58.960728
4657.350, 300.831907, 58.824373
72206.023, 300.773296, 58.776771
5121.029, 300.827102, 58.820722
90436.232, 300.856483, 58.853303
10202.659, 300.787479, 58.786130
11934.498, 301.154043, 59.116759
29007.060, 301.092954, 59.064372
28895.411, 301.104080, 59.074511
33960.439, 301.143762, 59.110354
2591.213, 301.077626, 59.049007
7695.116, 300.820186, 58.818300
202098.085, 301.017189, 59.006668
42717.735, 301.112471, 59.086953
27776.669, 300.888188, 58.886065
29982.835, 300.784935, 58.796236
3828.064, 300.801467, 58.808641
2092.584, 301.096208, 59.074351
2581.207, 300.881571, 58.881930
11480.624, 300.906517, 58.906834
6320.612, 300.830856, 58.838372
37747.549, 300.865148, 58.873988
13693.342, 300.978453, 58.975061
39425.866, 301.022048, 59.016996
5934.364, 300.765751, 58.784345
29163.293, 300.804925, 58.822457
13863.960, 301.031588, 59.025663
14417.593, 300.793293, 58.811521
53704.065, 301.131811, 59.119168
60650.044, 300.777452, 58.801101
31031.517, 300.961502, 58.965836
32963.657, 300.766317, 58.789812
14152.094, 300.857595, 58.871019
8645.915, 300.920050, 58.927030
3863.415, 301.065472, 59.057415
3390.294, 300.816808, 58.834023
5061.608, 300.881636, 58.893233
77395.213, 300.744006, 58.775739
6783.728, 300.830262, 58.847580
3898.427, 300.912137, 58.921205
17837.560, 300.754884, 58.780296
2579.875, 300.922507, 58.932808
4656.267, 300.741842, 58.769873
2153.878, 300.862373, 58.879542
36102.600, 301.092446, 59.089246
4219.032, 300.842333, 58.862862
11518.423, 300.900007, 58.916310
302668.871, 300.899637, 58.923250
39798.879, 300.810282, 58.837437
6765.209, 300.758539, 58.789142
2104.655, 301.074174, 59.073649
31864.375, 300.733609, 58.770234
3434.711, 300.914949, 58.933096
2526.089, 300.761627, 58.793853
4318.483, 300.840541, 58.866268
52157.183, 300.773278, 58.811144
26140.970, 300.866044, 58.895701
4782.690, 301.077419, 59.081415
39825.194, 300.959222, 58.979449
2539.488, 300.853787, 58.882042
12303.474, 300.758493, 58.799114
3794.838, 300.826149, 58.860132
9350.237, 300.846628, 58.880529
4254.380, 300.747714, 58.789818
50231.857, 300.744025, 58.793251
8917.688, 300.857898, 58.892241
15344.231, 300.732953, 58.781377
5575.544, 300.947533, 58.973473
59589.330, 300.831967, 58.874394
7264.244, 300.851567, 58.888161
3885.022, 301.074748, 59.088121
18374.493, 301.031875, 59.052545
8625.312, 301.103983, 59.116317
3010.161, 300.815911, 58.856551
52807.294, 300.954293, 58.985612
22717.900, 300.843593, 58.885266
3825.032, 300.875896, 58.911878
35032.822, 301.042688, 59.065623
8108.122, 300.768827, 58.816162
3804.197, 300.880846, 58.917020
3441.775, 300.797889, 58.844365
12239.668, 300.837150, 58.881331
16407.333, 300.747951, 58.801668
9284.975, 300.786841, 58.835542
7614.409, 300.807740, 58.858394
6037.426, 301.084539, 59.108766
6393.222, 300.814383, 58.865523
65637.142, 301.017861, 59.053213
13239.203, 300.758118, 58.818085
42409.135, 301.053381, 59.086056
43513.472, 300.886909, 58.938538
13152.611, 300.712306, 58.778430
2161.753, 300.788148, 58.845703
8544.913, 300.958549, 59.001299
6358.295, 300.835419, 58.891135
3905.899, 300.862967, 58.916417
3918.463, 301.041774, 59.077050
21443.942, 300.761990, 58.829656
21104.836, 300.812852, 58.872538
32109.927, 300.718063, 58.789607
73710.309, 300.830910, 58.896111
2110.916, 300.873639, 58.929696
7629.247, 300.842400, 58.904099
53752.602, 300.926300, 58.985006
25669.299, 301.047799, 59.093557
12775.396, 300.857309, 58.920670
34753.603, 300.948507, 59.005322
5508.922, 300.739228, 58.814806
2651.857, 300.764486, 58.838295
11355.583, 300.768949, 58.843703
73908.280, 300.845212, 58.917907
41684.958, 300.834233, 58.907384
21211.305, 300.720763, 58.805095
14411.471, 300.694004, 58.780748
9270.419, 300.800095, 58.878175
6468.862, 300.983668, 59.043679
12244.583, 300.837976, 58.914256
14287.703, 300.970070, 59.033935
37572.676, 301.075345, 59.129002
14928.904, 300.883798, 58.956611
11867.717, 300.896346, 58.968928
48334.713, 300.914102, 58.987320
15449.008, 301.049452, 59.109005
3386.145, 300.709758, 58.801318
36811.815, 300.859387, 58.940245
2139.997, 301.018691, 59.080094
30169.024, 300.958948, 59.030397
7691.042, 300.686187, 58.782804
2529.262, 300.755918, 58.845460
29398.867, 300.767648, 58.859352
12760.406, 300.779555, 58.869554
3006.070, 300.783600, 58.871506
5923.539, 300.739779, 58.833145
19152.938, 300.774367, 58.866003
6891.175, 301.022912, 59.090476
15961.150, 301.035562, 59.104053
83226.399, 300.718494, 58.823382
8017.216, 300.753728, 58.851420
15729.915, 301.025472, 59.097371
2218.443, 300.713665, 58.813471
41527.524, 300.868472, 58.957379
16061.717, 300.728979, 58.830190
9798.118, 300.819389, 58.912366
13979.087, 301.064823, 59.134594
2110.259, 300.798172, 58.892665
295236.312, 300.955381, 59.045090
80718.640, 300.993816, 59.075202
5581.461, 300.735418, 58.838484
10735.183, 300.939440, 59.024458
4630.832, 300.846967, 58.941809
6854.270, 300.865771, 58.960542
66788.510, 300.872829, 58.970024
46589.871, 300.708047, 58.820995
30030.020, 300.788609, 58.894969
3940.788, 300.798528, 58.899477
6040.394, 300.812114, 58.912142
8933.981, 300.825339, 58.924960
3434.990, 301.015051, 59.095142
27970.770, 300.726193, 58.836891
12050.254, 300.940598, 59.031288
17795.778, 300.748566, 58.859108
4677.832, 300.781507, 58.886729
26217.163, 300.767937, 58.877232
4191.679, 300.773359, 58.882398
38723.542, 300.896718, 58.997158
8995.521, 300.862931, 58.964949
17578.265, 300.884088, 58.984146
24093.340, 300.892118, 58.992567
11145.416, 300.699664, 58.817290
18271.268, 300.687073, 58.808495
3820.315, 300.806767, 58.914151
5985.991, 300.987707, 59.078327
2525.481, 300.737697, 58.851993
172925.811, 300.750647, 58.872198
2616.090, 300.874473, 58.977060
50650.313, 300.774696, 58.890439
14735.032, 301.060164, 59.145857
20233.826, 300.883691, 58.988841
6825.504, 300.674431, 58.798745
8895.809, 300.705208, 58.827150
2199.235, 300.795082, 58.909526
57286.430, 300.674546, 58.804441
5069.420, 300.765540, 58.885360
4686.701, 300.777184, 58.895422
32831.940, 300.662098, 58.793854
18633.470, 300.805640, 58.926733
15725.125, 300.689720, 58.819684
12598.430, 300.907028, 59.015300
8687.718, 300.928475, 59.034533
22741.697, 300.973732, 59.076994
5101.629, 300.825003, 58.941989
7676.862, 300.710987, 58.839282
7265.391, 300.829341, 58.948116
6057.373, 300.938641, 59.046765
18863.296, 300.863661, 58.981131
4641.728, 300.740617, 58.869471
54576.061, 300.880813, 59.001975
3394.331, 300.654225, 58.792166
149630.193, 300.753032, 58.891669
18718.302, 300.721393, 58.857098
22972.668, 300.703150, 58.841150
3817.451, 300.805055, 58.932510
33234.442, 300.964063, 59.077891
10061.323, 300.715184, 58.851531
5602.715, 300.710688, 58.847161
11100.000, 300.741146, 58.876271
14798.607, 300.796300, 58.927215
39267.739, 300.662780, 58.807506
3423.697, 301.027506, 59.134483
16113.817, 300.728309, 58.866172
59554.069, 300.937208, 59.058288
22915.986, 301.019273, 59.130040
162434.576, 300.814343, 58.954221
58049.743, 300.646901, 58.795177
241232.587, 300.732794, 58.892349
68462.338, 300.828409, 58.964941
12166.684, 300.992134, 59.109119
4700.987, 300.852866, 58.983676
92503.971, 301.034490, 59.151812
5113.700, 300.760271, 58.900686
7990.086, 300.652439, 58.802601
16916.112, 300.705757, 58.854136
8911.131, 300.715916, 58.861930
26791.968, 300.885401, 59.017106
10997.852, 300.659844, 58.811759
35694.255, 300.924692, 59.054685
86912.222, 300.673707, 58.830606
6405.720, 300.717721, 58.867624
4327.095, 300.969975, 59.095501
11680.534, 301.007713, 59.130760
5153.115, 300.789925, 58.934899
67501.900, 300.838097, 58.982928
3812.870, 300.679917, 58.835812
6414.668, 300.686493, 58.842445
5072.859, 300.710839, 58.864642
3434.094, 300.719583, 58.871820
4284.717, 300.760956, 58.909642
2936.642, 300.768213, 58.916781
46444.279, 300.923096, 59.060985
7598.300, 300.772160, 58.922576
12782.781, 300.724737, 58.881589
43662.308, 300.686175, 58.850596
18617.065, 300.700145, 58.863454
20253.375, 300.745899, 58.904420
6452.007, 300.676170, 58.840172
25115.772, 300.647049, 58.817185
179724.620, 300.850235, 59.004937
3799.328, 300.992354, 59.127332
16233.683, 300.837904, 58.992546
12700.445, 300.630291, 58.804165
91069.712, 300.635650, 58.812569
18363.698, 300.776854, 58.939526
14615.711, 300.789431, 58.953078
3855.954, 300.666642, 58.843090
7680.695, 300.799340, 58.963972
5170.334, 300.701019, 58.875230
12321.883, 300.761549, 58.930690
6442.758, 301.020744, 59.164812
8494.362, 300.643919, 58.823704
14476.503, 300.649543, 58.830114
4718.188, 300.670099, 58.847486
22386.107, 300.657186, 58.840479
8440.139, 300.730678, 58.906338
2570.194, 300.773622, 58.944927
11514.062, 300.619894, 58.806348
3448.058, 300.674528, 58.855450
22014.337, 300.804313, 58.975496
5118.318, 300.822441, 58.990757
5462.960, 300.807685, 58.978289
36871.934, 300.780324, 58.956718
2132.084, 300.722622, 58.902563
4730.487, 300.908239, 59.071053
2564.042, 300.651248, 58.838384
13288.008, 300.824237, 58.999576
6047.030, 300.916530, 59.081383
2534.153, 300.646532, 58.836736
7279.587, 300.663889, 58.853577
2961.291, 300.883813, 59.052545
33981.069, 300.752828, 58.937805
37568.465, 300.609363, 58.808069
11903.927, 300.728265, 58.915685
33825.951, 300.826492, 59.004723
20605.851, 300.942894, 59.109154
51569.123, 301.003136, 59.164797
10544.503, 300.619161, 58.814932
12381.855, 300.863004, 59.037535
9358.226, 300.704994, 58.894426
13181.685, 300.725066, 58.912748
3401.270, 300.909487, 59.079535
26753.148, 300.714538, 58.906227
74174.447, 300.889515, 59.070485
111755.679, 300.982072, 59.152508
29963.619, 300.681645, 58.878097
17580.423, 300.908604, 59.082639
2509.814, 300.668912, 58.864250
11821.395, 300.697220, 58.891533
3773.028, 300.699798, 58.894088
71779.330, 300.802295, 58.993189
64183.070, 300.794903, 58.987467
2585.461, 300.684825, 58.881307
4271.395, 300.717431, 58.912235
13752.781, 301.000875, 59.169778
4635.547, 300.771165, 58.961988
3426.636, 300.685591, 58.885395
55767.696, 300.829757, 59.020632
48424.750, 300.991202, 59.165158
2552.611, 300.665677, 58.868307
6799.347, 300.875580, 59.059712
3372.719, 300.639898, 58.846352
55817.314, 300.641200, 58.852272
3399.143, 300.821675, 59.011957
5912.810, 300.715592, 58.917504
41392.077, 300.731032, 58.934516
43872.512, 300.764848, 58.965730
489088.293, 300.988419, 59.175713
17395.959, 300.688781, 58.895798
6372.100, 300.756454, 58.959297
4676.676, 300.698162, 58.906555
7738.610, 300.772821, 58.974917
14901.174, 300.648645, 58.863963
38426.079, 300.666124, 58.881907
6910.586, 300.955403, 59.142384
15289.115, 300.718704, 58.931169
8078.220, 300.596445, 58.818260
6709.432, 300.627611, 58.846557
6279.638, 300.690186, 58.903951
25500.174, 300.601094, 58.825576
3787.281, 300.766254, 58.973602
25963.594, 300.649571, 58.870445
37170.362, 300.655024, 58.876516
8076.472, 300.691673, 58.906944
19917.160, 300.790453, 58.999087
5551.089, 300.815524, 59.020011
21598.540, 300.638048, 58.862173
4686.205, 300.735441, 58.947809
5144.423, 300.847152, 59.048525
8159.563, 300.854638, 59.056705
11452.638, 300.605983, 58.830776
4228.177, 300.713351, 58.928009
48670.873, 300.880791, 59.084277
70885.044, 300.677328, 58.901704
37259.191, 300.964258, 59.159955
5056.424, 300.710776, 58.931414
40580.889, 300.739394, 58.958619
5507.865, 300.754440, 58.970515
41066.975, 300.817496, 59.029488
42271.612, 300.824547, 59.036665
3868.868, 300.584730, 58.816012
8463.450, 300.744116, 58.963135
4776.624, 300.970717, 59.167054
2993.474, 300.715896, 58.936577
19715.384, 300.775986, 58.995110
73832.887, 300.577592, 58.821509
9825.011, 300.621647, 58.854069
8468.534, 300.624927, 58.857759
8978.741, 300.921018, 59.126424
2540.148, 300.781975, 59.000072
7615.982, 300.720462, 58.946553
2566.929, 300.756509, 58.978917
31677.911, 300.894823, 59.106565
4696.139, 300.613756, 58.850529
144186.598, 300.652299, 58.891695
38605.930, 300.683113, 58.918563
2955.447, 300.710804, 58.940605
37541.000, 300.731539, 58.963193
3837.812, 300.760637, 58.986082
27343.026, 300.635130, 58.876053
4313.307, 300.676903, 58.910618
53220.798, 300.737885, 58.971302
3533.854, 300.930042, 59.141965
10162.344, 300.661649, 58.901228
153749.734, 300.904840, 59.126645
2114.348, 300.593983, 58.837791
8984.551, 300.581212, 58.829244
41863.227, 300.948697, 59.164381
4678.147, 300.584199, 58.831836
9393.431, 300.599085, 58.846222
2560.971, 300.770156, 59.001699
11183.581, 300.850950, 59.076509
2145.911, 300.887225, 59.107136
3380.940, 300.642697, 58.886413
2175.930, 300.718483, 58.955264
11117.248, 300.888297, 59.110176
39552.856, 300.615563, 58.866523
4182.026, 300.636854, 58.882308
6008.832, 300.793937, 59.026936
91834.547, 300.598287, 58.857413
378953.926, 300.627006, 58.886289
10821.071, 300.885076, 59.113036
10652.086, 300.927410, 59.151312
5933.660, 300.704057, 58.949295
34175.857, 300.716234, 58.963034
2121.076, 300.832795, 59.067746
5235.254, 300.582947, 58.842499
34231.475, 300.802037, 59.044565
11501.495, 300.622002, 58.879760
3787.028, 300.640579, 58.895996
9784.695, 300.569120, 58.833934
6362.891, 300.605491, 58.865994
31111.409, 300.938526, 59.170468
12193.728, 300.694800, 58.950409
71869.672, 300.848923, 59.092541
4254.553, 300.924951, 59.156572
87940.851, 300.664903, 58.926653
4689.228, 300.576077, 58.841658
10666.083, 300.677329, 58.934507
5555.372, 300.562054, 58.830154
23740.780, 300.586995, 58.859678
4327.191, 300.612977, 58.880484
2088.860, 300.686167, 58.946924
2993.134, 300.577880, 58.848927
10719.447, 300.801185, 59.054604
14038.710, 300.890373, 59.135269
4702.203, 300.750217, 59.009659
5054.440, 300.591450, 58.867207
4270.400, 300.654023, 58.923589
2589.214, 300.739010, 59.000673
12350.517, 300.556860, 58.835841
4251.703, 300.576469, 58.853543
3449.823, 300.581133, 58.857716
20695.433, 300.707126, 58.975545
38714.800, 300.783391, 59.046051
17538.006, 300.841630, 59.097789
20459.074, 300.943990, 59.190389
2556.923, 300.725207, 58.991086
4279.969, 300.716449, 58.983947
25598.698, 300.565338, 58.848854
31490.686, 300.617014, 58.896572
11334.489, 300.653103, 58.928071
19432.555, 300.809866, 59.071863
6788.654, 300.606572, 58.887462
31457.484, 300.622169, 58.902571
5214.577, 300.635420, 58.913370
10560.259, 300.670396, 58.947067
64395.854, 300.893048, 59.151513
7558.189, 300.536873, 58.825546
5058.011, 300.598293, 58.882706
10593.429, 300.646749, 58.928402
19505.380, 300.662261, 58.943664
22275.804, 300.584936, 58.874680
63643.032, 300.789288, 59.063596
2146.283, 300.881622, 59.140927
62984.098, 300.868390, 59.135333
20026.568, 300.542287, 58.837138
16065.351, 300.638311, 58.923675
19511.243, 300.607957, 58.898364
2992.537, 300.569601, 58.861025
4666.325, 300.633630, 58.919706
18180.529, 300.740202, 59.018150
3432.523, 300.536432, 58.831386
20276.984, 300.663805, 58.949899
23969.030, 300.714786, 58.997736
8045.598, 300.622105, 58.912112
15632.423, 300.545445, 58.844182
15350.609, 300.552330, 58.851435
5853.313, 300.568740, 58.865055
105416.615, 300.580551, 58.881526
3433.668, 300.645394, 58.935022
14541.387, 300.675521, 58.964286
23245.995, 300.828130, 59.104013
8912.452, 300.557965, 58.857368
2622.963, 300.623189, 58.915784
14917.691, 300.808174, 59.085446
2097.969, 300.612104, 58.905982
5049.617, 300.636729, 58.929574
24021.080, 300.812454, 59.090680
3819.735, 300.630330, 58.925976
6352.755, 300.561756, 58.864082
10172.966, 300.597594, 58.897692
11211.564, 300.745893, 59.033156
4243.058, 300.571684, 58.873532
34215.861, 300.656042, 58.954589
33461.541, 300.777555, 59.063983
15204.828, 300.686375, 58.981199
15365.340, 300.692450, 58.985998
47198.358, 300.538115, 58.849229
2133.543, 300.642323, 58.940713
37381.422, 300.834794, 59.120137
9879.941, 300.873777, 59.152385
32603.325, 300.696655, 58.994417
11422.221, 300.523771, 58.839041
14772.490, 300.613533, 58.918715
313092.939, 300.703085, 59.009804
6325.797, 300.529012, 58.842188
34713.646, 300.634943, 58.941387
28267.339, 300.742044, 59.038343
20777.215, 300.897802, 59.178365
41676.384, 300.713734, 59.017671
3022.838, 300.546724, 58.860472
13755.737, 300.883902, 59.167985
5645.498, 300.914279, 59.194155
12807.561, 300.771443, 59.067618
8670.274, 300.804644, 59.097719
14370.938, 300.726337, 59.027844
5077.902, 300.547089, 58.864403
7789.149, 300.890208, 59.177229
5118.156, 300.905754, 59.190965
6402.333, 300.542981, 58.863334
6070.517, 300.717112, 59.022114
10176.594, 300.656756, 58.969270
3448.824, 300.632226, 58.945608
6433.982, 300.845106, 59.139628
9376.323, 300.557912, 58.879648
7252.089, 300.590262, 58.909334
8493.060, 300.649187, 58.963886
13160.684, 300.597127, 58.916938
3380.106, 300.606484, 58.924294
49570.464, 300.558745, 58.885383
59842.438, 300.613407, 58.936229
20027.667, 300.661245, 58.976802
2145.017, 300.873275, 59.166715
23024.701, 300.582891, 58.906856
5111.598, 300.820507, 59.121014
10187.312, 300.804505, 59.107569
46783.253, 300.740494, 59.054788
2518.188, 300.750623, 59.059011
22563.763, 300.827515, 59.131920
3366.428, 300.586057, 58.911503
5550.928, 300.647839, 58.968211
14548.133, 300.660417, 58.981913
2540.808, 300.689818, 59.008962
3441.034, 300.753463, 59.066820
37529.107, 300.718219, 59.038994
11518.621, 300.724851, 59.042578
5645.764, 300.875505, 59.178147
21178.562, 300.501031, 58.839201
2154.574, 300.559342, 58.891000
7739.018, 300.598084, 58.927413
37480.732, 300.765205, 59.081545
29138.881, 300.813386, 59.125108
5019.786, 300.602743, 58.932316
52389.582, 300.622000, 58.953488
4250.003, 300.514229, 58.851862
40540.504, 300.638015, 58.968548
13183.195, 300.556395, 58.895248
10720.399, 300.846558, 59.158327
20726.476, 300.500552, 58.844898
59820.137, 300.864997, 59.179021
7600.392, 300.538780, 58.880852
2531.422, 300.592433, 58.928400
8051.165, 300.595069, 58.931161
10208.858, 300.600581, 58.936483
6772.412, 300.566806, 58.906528
7243.030, 300.582131, 58.921358
3395.176, 300.490781, 58.839079
15631.026, 300.739020, 59.067953
7294.302, 300.885640, 59.200133
18285.234, 300.810477, 59.134805
6731.674, 300.540554, 58.889277
5082.226, 300.694978, 59.029704
12730.235, 300.525182, 58.877994
40130.621, 300.639486, 58.984651
55924.015, 300.708513, 59.047128
2136.689, 300.489184, 58.843993
5104.571, 300.783164, 59.113376
10246.920, 300.540256, 58.893898
5895.754, 300.603659, 58.951871
37998.214, 300.656399, 59.004046
3046.677, 300.768951, 59.101998
44611.334, 300.734008, 59.074465
7214.597, 300.622312, 58.971305
5141.078, 300.862718, 59.190866
27213.408, 300.672229, 59.021664
4240.471, 300.569700, 58.926911
2574.797, 300.872366, 59.201330
3016.864, 300.667799, 59.017123
7785.001, 300.483644, 58.850419
12867.013, 300.710205, 59.058195
2241.401, 300.499156, 58.864533
91894.158, 300.767669, 59.115173
17133.428, 300.714326, 59.064014
24652.099, 300.585181, 58.948067
28170.574, 300.689340, 59.042689
20907.657, 300.664556, 59.020397
66242.574, 300.528747, 58.898832
4642.581, 300.484586, 58.856461
6360.532, 300.506240, 58.876716
17126.971, 300.654280, 59.012838
22121.200, 300.547716, 58.917864
11521.649, 300.611867, 58.975260
17010.251, 300.475590, 58.853078
26726.558, 300.834548, 59.180306
5108.338, 300.622009, 58.986475
3769.392, 300.488052, 58.865200
12122.395, 300.711571, 59.070934
5402.059, 300.787323, 59.138163
2567.281, 300.591003, 58.960379
2962.285, 300.727684, 59.084235
45463.148, 300.735037, 59.095053
9519.573, 300.836836, 59.184841
7761.382, 300.842337, 59.190267
44102.670, 300.776322, 59.133579
3820.803, 300.765804, 59.121837
27989.806, 300.817951, 59.171803
6328.635, 300.581525, 58.956647
13562.743, 300.594148, 58.969169
43357.290, 300.749553, 59.112998
73636.417, 300.479260, 58.867861
3781.543, 300.650601, 59.021703
8506.837, 300.588312, 58.965747
41512.409, 300.606291, 58.985305
45929.831, 300.463427, 58.855439
52360.756, 300.564125, 58.949496
78413.239, 300.631814, 59.013114
21479.881, 300.542604, 58.928371
3456.973, 300.643765, 59.019872
3375.616, 300.858496, 59.214816
3475.662, 300.621135, 59.000619
18006.174, 300.816120, 59.178647
12335.146, 300.454966, 58.849910
13663.256, 300.581299, 58.967860
20342.373, 300.835875, 59.198722
3828.326, 300.533777, 58.923370
34168.417, 300.489126, 58.885284
4698.036, 300.843365, 59.206473
28641.580, 300.712075, 59.090792
16763.954, 300.496380, 58.893450
8039.545, 300.481925, 58.880423
5977.704, 300.765555, 59.139172
19133.827, 300.456008, 58.860251
2979.479, 300.522019, 58.917438
29120.860, 300.445508, 58.852098
38574.818, 300.616491, 59.008167
67803.204, 300.643342, 59.034982
28827.254, 300.812823, 59.185769
2615.833, 300.538990, 58.935338
58288.852, 300.721888, 59.106814
21247.482, 300.567256, 58.964413
3871.310, 300.642058, 59.030179
25488.110, 300.688299, 59.075571
2123.920, 300.841938, 59.213055
9768.095, 300.745341, 59.128376
144155.999, 300.459431, 58.875765
64293.673, 300.520579, 58.928459
353049.285, 300.579810, 58.990495
8046.735, 300.459828, 58.869725
8917.375, 300.535838, 58.940304
3429.368, 300.552904, 58.956012
3448.928, 300.579645, 58.980149
3392.485, 300.556507, 58.960465
27837.031, 300.764246, 59.153191
6811.238, 300.544750, 58.953618
49914.040, 300.641748, 59.045194
30422.651, 300.695195, 59.092379
29823.863, 300.799748, 59.188986
5573.518, 300.448066, 58.864809
40373.089, 300.781494, 59.172784
33301.899, 300.649416, 59.052576
29032.604, 300.477858, 58.896705
3386.234, 300.605892, 59.012621
30773.281, 300.543698, 58.960772
5510.476, 300.537206, 58.952869
4709.198, 300.553362, 58.967305
5147.042, 300.617461, 59.025822
4363.472, 300.518335, 58.936343
17602.950, 300.818014, 59.210108
23218.943, 300.672095, 59.080526
22518.142, 300.725822, 59.129565
26524.130, 300.445794, 58.874164
9719.100, 300.494717, 58.917951
35043.239, 300.697851, 59.107558
41582.634, 300.776643, 59.178458
75703.178, 300.680700, 59.097361
63075.028, 300.736507, 59.144195
5140.728, 300.547422, 58.970251
61995.499, 300.577715, 59.001017
10297.926, 300.802128, 59.200649
12276.287, 300.500524, 58.926765
39803.107, 300.557812, 58.982164
4302.663, 300.456666, 58.887163
16054.129, 300.502153, 58.931383
2160.765, 300.657151, 59.070735
16160.678, 300.509475, 58.938575
22972.999, 300.802400, 59.205356
7590.810, 300.436198, 58.873812
2149.273, 300.444077, 58.880050
5969.123, 300.474738, 58.910376
2601.432, 300.606134, 59.030498
8078.919, 300.515982, 58.950659
2571.307, 300.470699, 58.908676
5588.690, 300.709357, 59.128109
88266.184, 300.596602, 59.031305
34307.970, 300.440792, 58.887177
3787.129, 300.455217, 58.897648
35565.806, 300.627360, 59.058231
7710.046, 300.590868, 59.023398
22839.241, 300.726707, 59.149033
2555.314, 300.457921, 58.902444
87180.961, 300.563255, 59.002945
21305.495, 300.708272, 59.133836
5115.394, 300.813169, 59.228570
3398.504, 300.418279, 58.867805
2100.823, 300.659414, 59.088696
5328.909, 300.615507, 59.050844
7638.887, 300.432509, 58.884615
4711.932, 300.726447, 59.152828
10582.564, 300.419319, 58.876312
4274.522, 300.415329, 58.871656
58614.117, 300.524369, 58.975695
16985.667, 300.550854, 58.999626
26530.461, 300.652561, 59.090949
34611.899, 300.438717, 58.900713
59585.164, 300.476816, 58.935440
5112.266, 300.407921, 58.867709
13244.411, 300.430411, 58.889341
9726.174, 300.514865, 58.967682
11490.043, 300.665464, 59.105833
13359.550, 300.712435, 59.146881
2121.985, 300.638169, 59.079004
2988.434, 300.576315, 59.024461
2636.896, 300.413014, 58.876084
92033.753, 300.417934, 58.888917
12306.515, 300.616872, 59.065857
20467.449, 300.731473, 59.169567
36571.153, 300.487395, 58.949968
38963.792, 300.452323, 58.918616
29550.951, 300.672668, 59.119152
7689.226, 300.650887, 59.098377
18842.760, 300.408537, 58.878972
48634.271, 300.709571, 59.155450
2541.717, 300.397573, 58.866663
4269.951, 300.512877, 58.972924
35805.074, 300.517130, 58.980282
2975.450, 300.597342, 59.051292
6325.316, 300.453150, 58.922847
3404.865, 300.612344, 59.069087
5513.083, 300.396560, 58.872296
27323.518, 300.398583, 58.877322
34222.850, 300.457384, 58.931008
6065.394, 300.528036, 58.994469
3432.215, 300.391888, 58.869493
9249.920, 300.474863, 58.946385
4255.127, 300.664861, 59.120662
25021.278, 300.683033, 59.139363
6839.878, 300.425441, 58.902884
6457.870, 300.494259, 58.966672
288595.952, 300.433166, 58.921722
24299.438, 300.458139, 58.936351
56860.861, 300.641829, 59.105832
7253.023, 300.485714, 58.961934
6765.982, 300.594009, 59.060517
21601.789, 300.425376, 58.908464
36326.621, 300.632968, 59.100248
30661.111, 300.697113, 59.158878
2574.516, 300.385752, 58.872468
22082.162, 300.716288, 59.176776
19901.442, 300.486573, 58.968653
5608.816, 300.617118, 59.086248
9728.747, 300.398263, 58.887867
36251.771, 300.474456, 58.960473
10246.615, 300.494625, 58.977818
2559.943, 300.512564, 58.993391
4279.142, 300.466331, 58.951667
5526.995, 300.480149, 58.964233
7241.798, 300.445525, 58.934228
3000.029, 300.623907, 59.096893
5989.182, 300.609065, 59.084428
8493.547, 300.525810, 59.010089
34814.189, 300.402765, 58.903482
2937.702, 300.388717, 58.885887
4668.953, 300.382642, 58.881287
3428.313, 300.597347, 59.079045
8169.525, 300.399924, 58.899548
3420.724, 300.389215, 58.889019
3829.634, 300.610233, 59.092693
58382.001, 300.487043, 58.988544
3868.523, 300.526938, 59.017171
9480.444, 300.647529, 59.128170
35986.787, 300.677607, 59.158180
135482.675, 300.382628, 58.897577
5045.866, 300.473418, 58.969009
11100.385, 300.748448, 59.221075
4649.407, 300.447603, 58.947966
66025.568, 300.525167, 59.021967
2501.959, 300.435630, 58.935906
108882.629, 300.627719, 59.119041
15131.216, 300.731286, 59.208363
72094.020, 300.511884, 59.013161
12169.864, 300.536658, 59.030740
4286.845, 300.758725, 59.232235
2542.236, 300.423223, 58.926311
15692.403, 300.456744, 58.959176
4258.608, 300.428688, 58.932331
83447.146, 300.398547, 58.912239
45582.015, 300.505153, 59.008137
15758.179, 300.367810, 58.881077
2951.090, 300.606323, 59.098448
11234.763, 300.723224, 59.207020
9706.107, 300.393287, 58.906037
20371.018, 300.754760, 59.236526
10202.786, 300.419895, 58.931707
62348.994, 300.540475, 59.045080
5533.597, 300.688219, 59.176606
19442.124, 300.554657, 59.057455
11029.223, 300.456504, 58.967543
10140.523, 300.655418, 59.150418
3406.389, 300.524529, 59.031663
7130.118, 300.371642, 58.890992
12420.681, 300.571195, 59.076737
3387.355, 300.624953, 59.124609
10994.557, 300.355324, 58.879209
2585.150, 300.359962, 58.882543
5183.026, 300.577063, 59.082353
2203.423, 300.693757, 59.187903
16444.672, 300.480334, 58.996907
4226.387, 300.543864, 59.053129
15052.939, 300.660760, 59.160559
31693.305, 300.749704, 59.241913
10265.156, 300.358969, 58.885722
31838.564, 300.404540, 58.931269
33775.587, 300.669545, 59.171604
6793.189, 300.384387, 58.909754
5073.944, 300.445959, 58.966427
2123.098, 300.530343, 59.042115
5245.178, 300.579845, 59.088342
83036.946, 300.410028, 58.941494
4273.997, 300.496172, 59.013464
2551.210, 300.395648, 58.921596
4611.142, 300.551644, 59.065484
2998.795, 300.424475, 58.949103
13688.922, 300.712011, 59.212732
5136.943, 300.601740, 59.112896
36706.701, 300.580269, 59.096699
22060.263, 300.587754, 59.102341
16228.345, 300.504440, 59.026650
24119.424, 300.373558, 58.907934
2100.865, 300.441594, 58.970059
6845.351, 300.508239, 59.032528
16592.710, 300.606671, 59.124027
77226.640, 300.356594, 58.898538
5594.321, 300.458088, 58.987959
16811.620, 300.679889, 59.191118
46984.955, 300.346366, 58.889707
2930.303, 300.364767, 58.902201
14127.035, 300.471867, 59.002582
25293.558, 300.635556, 59.153256
2642.933, 300.543143, 59.066641
2088.320, 300.599901, 59.118524
11898.638, 300.383177, 58.922468
4255.788, 300.413486, 58.948964
21110.172, 300.612484, 59.133198
4282.698, 300.563333, 59.089318
14393.542, 300.389859, 58.934169
61861.806, 300.570002, 59.101805
10388.073, 300.643381, 59.164110
3851.888, 300.385384, 58.927321
6249.909, 300.455922, 58.993777
2138.512, 300.495683, 59.029916
18014.472, 300.500716, 59.036901
19219.076, 300.437773, 58.980637
21765.419, 300.529584, 59.065789
3444.235, 300.631275, 59.156854
14763.530, 300.423484, 58.970610
8226.163, 300.562206, 59.097254
44546.041, 300.612058, 59.145739
42506.401, 300.329769, 58.888807
6021.990, 300.415196, 58.962875
4260.080, 300.440796, 58.986254
5464.708, 300.362480, 58.915564
37624.620, 300.442097, 58.991137
8037.928, 300.390211, 58.941677
14882.051, 300.675845, 59.205009
8167.072, 300.527569, 59.069907
65816.388, 300.536259, 59.083807
17494.762, 300.665412, 59.196547
44950.786, 300.429774, 58.984577
5103.318, 300.589483, 59.127374
10814.973, 300.599568, 59.136970
2958.377, 300.448510, 58.998918
23283.793, 300.344894, 58.910265
18047.333, 300.511207, 59.058705
9796.757, 300.694168, 59.225760
94938.261, 300.366841, 58.935876
2958.410, 300.433461, 58.987750
23937.540, 300.497369, 59.048723
11504.869, 300.462706, 59.016437
14555.079, 300.581049, 59.124989
14542.025, 300.510429, 59.062812
7666.226, 300.525431, 59.076206
68992.355, 300.661145, 59.202673
50422.946, 300.558284, 59.109186
12950.228, 300.613508, 59.157638
3848.148, 300.356267, 58.920404
18275.045, 300.387722, 58.952534
6414.263, 300.554481, 59.103114
26587.385, 300.710697, 59.247363
22137.711, 300.409085, 58.972950
8539.505, 300.434808, 58.995339
29171.310, 300.327155, 58.899162
5531.452, 300.350686, 58.918605
70992.194, 300.537118, 59.094597
146620.048, 300.324062, 58.908838
34296.278, 300.453422, 59.021165
5887.464, 300.345057, 58.917788
2976.685, 300.451520, 59.015403
8895.886, 300.470157, 59.033986
12044.501, 300.358791, 58.931910
12365.012, 300.498962, 59.060733
6805.214, 300.530108, 59.089153
2077.566, 300.374048, 58.945646
18892.127, 300.396287, 58.968753
22153.211, 300.711303, 59.256410
3418.780, 300.632303, 59.182991
19149.668, 300.475316, 59.042878
30211.167, 300.609134, 59.165911
7645.881, 300.345507, 58.923923
2585.074, 300.383474, 58.958353
11918.538, 300.411936, 58.986284
87159.820, 300.435181, 59.014023
24875.534, 300.478469, 59.050042
46607.417, 300.352220, 58.935001
3438.801, 300.460711, 59.031392
30754.076, 300.424341, 59.002945
5619.683, 300.488212, 59.057892
20637.715, 300.527751, 59.096594
27554.106, 300.670694, 59.226956
3400.691, 300.309940, 58.895311
3409.353, 300.632252, 59.190242
11176.423, 300.312479, 58.899277
7215.591, 300.405615, 58.985122
22581.859, 300.545291, 59.113934
8916.885, 300.466434, 59.042891
5150.791, 300.385809, 58.969508
39915.612, 300.634032, 59.201507
5098.944, 300.337136, 58.925788
91747.086, 300.530586, 59.107698
11208.959, 300.609325, 59.176683
14992.222, 300.578591, 59.150701
34506.420, 300.591691, 59.162513
31290.132, 300.328496, 58.925839
18384.419, 300.467611, 59.049878
16215.248, 300.664539, 59.230612
21818.157, 300.675257, 59.238647
39997.506, 300.690276, 59.254986
11764.934, 300.308963, 58.903918
2972.771, 300.336304, 58.928635
18731.691, 300.656592, 59.223877
5515.916, 300.375716, 58.966412
20091.329, 300.436080, 59.023414
7652.790, 300.487024, 59.068889
2620.691, 300.347453, 58.940903
42992.934, 300.404461, 58.997822
21026.681, 300.596462, 59.172798
42675.799, 300.308580, 58.910757
4259.390, 300.439980, 59.028367
28838.757, 300.553716, 59.135509
6057.187, 300.383812, 58.979146
4285.046, 300.539708, 59.120802
5962.156, 300.349826, 58.948374
3821.405, 300.579513, 59.158044
5461.053, 300.331152, 58.931262
5935.286, 300.367870, 58.965611
39309.305, 300.676381, 59.249718
2153.030, 300.292470, 58.895976
4259.754, 300.299618, 58.902857
12336.271, 300.429023, 59.023054
5185.769, 300.472632, 59.062688
2941.611, 300.363181, 58.962184
5545.166, 300.411014, 59.007390
8079.282, 300.335117, 58.937947
5971.065, 300.474199, 59.065672
34937.108, 300.413381, 59.017005
29808.596, 300.507208, 59.098519
12740.025, 300.646871, 59.224303
17465.939, 300.339911, 58.944939
18107.518, 300.461985, 59.057633
63709.949, 300.611773, 59.196474
5129.005, 300.294688, 58.902878
3437.208, 300.527475, 59.116526
33936.197, 300.574878, 59.162557
8991.787, 300.637563, 59.217641
2175.660, 300.650975, 59.229015
2569.986, 300.297423, 58.907402
7142.020, 300.430028, 59.030749
38531.803, 300.591491, 59.181319
5978.323, 300.350117, 58.957940
8170.619, 300.554412, 59.145309
32791.990, 300.673222, 59.255902
30673.243, 300.656323, 59.241236
38610.298, 300.298317, 58.913729
12929.663, 300.436757, 59.040770
6346.555, 300.452591, 59.053761
22107.762, 300.330047, 58.944228
26014.757, 300.573977, 59.168117
3852.079, 300.376350, 58.985218
3875.453, 300.492270, 59.091975
14870.441, 300.527246, 59.125872
3424.845, 300.367732, 58.978015
13224.243, 300.441848, 59.048048
25738.985, 300.339665, 58.955724
2124.764, 300.280863, 58.899598
4235.412, 300.285017, 58.904021
65966.236, 300.481085, 59.090263
15457.964, 300.535266, 59.135481
2173.999, 300.336074, 58.951164
4645.990, 300.425389, 59.034124
9379.793, 300.471434, 59.078326
29428.199, 300.493982, 59.099487
3414.553, 300.316053, 58.935005
160283.233, 300.355425, 58.981258
13946.258, 300.402748, 59.017446
60340.322, 300.416682, 59.034169
12711.568, 300.297004, 58.921614
45055.592, 300.316728, 58.941210
2906.519, 300.397143, 59.011152
17456.334, 300.413792, 59.028766
17361.732, 300.423721, 59.038683
9676.490, 300.347187, 58.968011
20016.063, 300.370835, 58.992265
49489.536, 300.445121, 59.059310
58653.277, 300.647807, 59.245376
58692.116, 300.334922, 58.962274
63145.166, 300.271519, 58.905211
5169.533, 300.307612, 58.934691
208818.766, 300.478527, 59.100471
5097.428, 300.297601, 58.927194
10037.887, 300.347622, 58.974489
11914.564, 300.287733, 58.920299
5085.675, 300.422762, 59.043745
3389.205, 300.395685, 59.019846
59735.057, 300.321521, 58.956081
37651.363, 300.648751, 59.254431
2494.415, 300.299235, 58.931699
22134.787, 300.280077, 58.917530
4316.318, 300.347689, 58.978094
4212.527, 300.371775, 59.000830
36121.569, 300.605103, 59.217335
5090.056, 300.393602, 59.023814
13527.294, 300.384164, 59.016710
5103.830, 300.360070, 58.994857
56008.747, 300.569087, 59.190763
32637.659, 300.279219, 58.923409
6007.453, 300.272686, 58.915355
9401.784, 300.306209, 58.947696
2124.096, 300.397535, 59.030304
10985.574, 300.445778, 59.075442
2145.158, 300.309988, 58.950784
151821.265, 300.325252, 58.971483
36679.633, 300.337037, 58.978233
8089.552, 300.361084, 58.998627
16133.374, 300.351602, 58.992433
24009.001, 300.624086, 59.242980
26859.042, 300.590837, 59.213099
2937.196, 300.287439, 58.934016
9810.308, 300.423493, 59.060970
6893.024, 300.600830, 59.222942
3449.351, 300.269241, 58.918985
16234.036, 300.595379, 59.219472
3798.819, 300.478928, 59.112825
23408.755, 300.615399, 59.240034
6423.875, 300.381521, 59.026500
18456.855, 300.393946, 59.038803
4661.435, 300.402356, 59.044831
3399.328, 300.449006, 59.087980
3053.744, 300.551033, 59.180872
30374.154, 300.603329, 59.231552
2518.606, 300.310057, 58.960475
6257.198, 300.341397, 58.990536
