# Source Fluxes and Coordinates
# Flux (e-/s), RA (deg), Dec (deg)
76606.342, 301.057413, 58.817101
7577.101, 301.031271, 58.788907
7025.192, 301.053303, 58.808434
6201.976, 301.080709, 58.834152
7151.000, 301.115805, 58.866062
3043.880, 300.965159, 58.731106
21452.987, 301.177695, 58.927037
4018.531, 301.294185, 59.029680
8013.624, 301.327689, 59.060425
49191.174, 300.973938, 58.748894
42360.513, 300.958832, 58.737394
4323.716, 300.989872, 58.761493
15571.951, 301.021877, 58.792531
9338.533, 301.085793, 58.849462
72868.719, 301.293945, 59.039187
2668.704, 300.943035, 58.721171
5361.480, 301.091979, 58.856209
23628.852, 301.099425, 58.864170
11857.279, 301.070816, 58.840112
4392.545, 300.989282, 58.766546
2253.085, 301.015667, 58.789309
16468.874, 301.008092, 58.785916
14020.307, 301.061801, 58.835148
44193.659, 301.181572, 58.947962
16013.099, 301.283418, 59.038504
2674.262, 301.206577, 58.970526
23164.920, 301.011269, 58.798091
20481.720, 301.111718, 58.888853
37835.744, 301.134803, 58.911597
29663.199, 300.981692, 58.773274
101706.447, 301.202326, 58.976292
54939.349, 300.929060, 58.730870
2217.930, 300.943615, 58.741852
5659.419, 301.003400, 58.797535
14965.433, 300.938141, 58.739570
61693.571, 301.167296, 58.949673
40051.975, 301.253327, 59.025479
2677.582, 301.023425, 58.816701
32804.488, 301.209736, 58.987068
15038.603, 301.136057, 58.921631
2643.564, 300.978749, 58.778201
9834.601, 301.056301, 58.849677
14115.779, 300.982836, 58.785832
8376.229, 300.946125, 58.752484
10046.093, 301.120145, 58.911364
68031.908, 301.170499, 58.959133
20321.747, 301.065543, 58.865160
24132.502, 301.012168, 58.819786
60254.697, 301.152678, 58.947944
3956.171, 300.966875, 58.777340
3531.343, 301.043722, 58.846708
3069.106, 301.037174, 58.842352
24362.232, 301.108427, 58.910361
15448.556, 300.904402, 58.727033
2683.204, 300.993334, 58.804943
11297.220, 301.292180, 59.074426
12816.451, 300.939294, 58.757849
26939.078, 301.088713, 58.895004
7078.056, 301.246782, 59.036220
2666.689, 300.985983, 58.803587
8465.418, 301.294415, 59.082615
4842.323, 300.945530, 58.769044
2169.688, 300.960596, 58.783268
3059.875, 301.034492, 58.850807
11101.119, 301.013398, 58.835056
14962.816, 300.986703, 58.811677
60357.145, 301.110131, 58.926996
9691.167, 300.943788, 58.775182
10663.469, 300.987270, 58.816197
105854.776, 300.896417, 58.745785
5328.564, 300.921954, 58.757434
6348.484, 301.255768, 59.057947
119664.504, 301.068462, 58.896629
34321.113, 300.940532, 58.779360
29020.362, 301.045443, 58.872864
13515.915, 301.285215, 59.086985
49380.787, 300.904924, 58.752317
54931.348, 300.943255, 58.787931
4866.133, 301.080995, 58.907686
13214.253, 300.961911, 58.802291
2608.791, 300.913951, 58.758323
37228.769, 300.972895, 58.815767
3521.860, 301.009804, 58.845640
54406.571, 301.104575, 58.934330
29999.320, 301.112243, 58.941172
71789.055, 301.167548, 58.994347
48737.804, 300.993444, 58.840076
2190.411, 301.011146, 58.850808
47012.257, 300.881736, 58.740736
6582.171, 301.104752, 58.940257
4387.272, 301.046387, 58.887453
29480.332, 301.076018, 58.917205
2219.129, 300.955525, 58.806314
65374.302, 301.016020, 58.864929
3090.552, 301.043758, 58.885921
10080.907, 301.083795, 58.923491
3106.504, 301.132115, 58.968440
19322.742, 300.909280, 58.769074
9782.392, 301.106677, 58.947932
314490.543, 300.859726, 58.741359
78576.455, 300.886644, 58.754614
158211.929, 301.137912, 58.982289
16332.470, 301.034747, 58.885905
2694.919, 301.024966, 58.877181
23906.517, 301.240446, 59.073010
48660.625, 300.969907, 58.834728
138743.913, 301.026878, 58.890698
23469.155, 301.188543, 59.032196
2694.174, 300.999829, 58.861454
12307.978, 301.066997, 58.923624
38281.523, 300.950813, 58.823400
3503.828, 300.912175, 58.785771
57831.892, 300.999975, 58.871580
15542.172, 300.898361, 58.775717
31201.593, 300.955248, 58.828039
17943.439, 300.982762, 58.853675
19905.543, 300.879304, 58.760828
7520.820, 301.014070, 58.882010
3073.756, 300.941468, 58.816018
8404.030, 301.062320, 58.926074
21531.942, 301.141213, 58.998461
7898.252, 300.891047, 58.774094
2607.432, 300.915555, 58.795425
2669.766, 301.252389, 59.099396
6122.672, 300.864802, 58.751910
24819.822, 300.959444, 58.839962
5368.024, 301.027180, 58.898964
2681.582, 301.060950, 58.928849
2221.603, 301.096711, 58.960776
14926.758, 300.953115, 58.837251
7081.834, 301.094959, 58.963313
3552.696, 300.857923, 58.749196
2626.550, 300.986332, 58.866706
4886.371, 301.212061, 59.071652
3990.667, 301.005393, 58.887353
4390.493, 301.038326, 58.917053
61400.415, 301.202456, 59.068702
14471.553, 300.892644, 58.790955
119140.879, 300.862671, 58.766390
16528.622, 301.065573, 58.947597
8872.696, 300.851783, 58.754003
143865.151, 301.022923, 58.914224
18399.662, 301.106432, 58.984469
3090.053, 301.172013, 59.042724
5707.465, 300.920392, 58.820100
33467.744, 301.111750, 58.995301
3501.110, 301.137225, 59.014744
11369.096, 300.866516, 58.773919
16834.279, 301.239069, 59.109614
37453.602, 301.046794, 58.942928
109873.998, 301.132246, 59.021865
30878.448, 301.036263, 58.933605
13216.642, 300.856457, 58.771518
70630.920, 300.982909, 58.888887
56183.119, 301.119892, 59.013101
14152.976, 300.963215, 58.871164
64473.452, 300.915112, 58.830433
3556.259, 300.868395, 58.784979
16280.014, 300.942067, 58.853266
18149.517, 300.988432, 58.895491
3089.604, 300.836188, 58.758052
2644.238, 301.002062, 58.908527
4419.738, 300.826897, 58.753525
11401.909, 300.846371, 58.772553
4845.325, 300.914857, 58.834708
5657.421, 300.932479, 58.851226
99451.367, 300.935227, 58.858540
5774.899, 301.014368, 58.925999
32539.170, 301.141979, 59.043511
3073.196, 301.148203, 59.045850
9242.140, 300.904305, 58.830549
20184.191, 301.025349, 58.940197
30711.635, 301.101055, 59.008611
57706.875, 301.193819, 59.092304
537943.991, 300.819790, 58.765655
17273.835, 300.975476, 58.896692
22316.939, 301.074318, 58.986282
5674.660, 300.897766, 58.825335
13381.230, 301.174343, 59.076276
92843.420, 300.837946, 58.779315
41862.281, 300.901968, 58.835217
11069.908, 301.067522, 58.982178
9716.844, 301.063156, 58.978492
3072.074, 300.853463, 58.793487
4428.192, 300.842804, 58.784511
2698.547, 301.016246, 58.941402
34030.057, 301.139622, 59.054864
2218.207, 300.856876, 58.801612
44824.936, 300.923641, 58.867760
29504.655, 300.968835, 58.908209
27623.989, 301.014341, 58.948382
7944.971, 300.896543, 58.841439
4008.640, 301.152829, 59.071416
8378.126, 300.832570, 58.785146
60060.118, 300.879103, 58.835206
4848.584, 300.873687, 58.822462
44882.712, 301.059259, 58.992661
11890.873, 301.041337, 58.975284
4844.039, 300.985907, 58.924855
6674.675, 300.805943, 58.762821
9728.315, 300.836535, 58.791041
11850.307, 300.839659, 58.795311
44493.348, 301.160113, 59.087620
5712.777, 300.998664, 58.940975
5259.305, 300.946104, 58.894050
54890.991, 300.817640, 58.782534
8781.024, 300.800037, 58.763681
34420.391, 300.980371, 58.934080
21990.637, 300.809021, 58.779190
34315.046, 301.145151, 59.081938
9231.666, 300.880689, 58.843198
33062.647, 301.131032, 59.070385
2185.266, 300.800055, 58.769837
19144.764, 300.803953, 58.774812
3492.664, 300.835861, 58.802214
6597.285, 301.007087, 58.958517
77526.534, 301.022690, 58.976198
10501.887, 300.893489, 58.857558
10917.342, 300.970349, 58.926117
25256.197, 301.090448, 59.035309
3122.022, 300.916006, 58.876791
23345.287, 300.938630, 58.899751
49639.186, 300.823457, 58.797894
8934.205, 300.836417, 58.807869
71232.129, 300.849353, 58.827855
5762.219, 300.851500, 58.822429
31136.219, 301.077355, 59.029376
46266.911, 300.789528, 58.770178
5310.899, 300.965164, 58.927263
2222.473, 301.001732, 58.959452
14610.477, 301.110634, 59.058796
31576.930, 300.974521, 58.940328
5321.991, 300.829706, 58.807835
2265.332, 300.834892, 58.812857
3996.401, 300.938976, 58.907554
14640.978, 300.961770, 58.930610
8047.230, 300.943005, 58.915020
11307.273, 301.181915, 59.128846
3075.134, 300.797866, 58.782933
2223.576, 300.871216, 58.849254
109676.987, 301.019411, 58.991359
2627.762, 300.835706, 58.819972
23156.724, 300.927237, 58.906731
24457.052, 301.002599, 58.974617
2195.757, 300.921564, 58.900109
9773.748, 300.892434, 58.876172
91826.425, 300.961170, 58.941647
92145.751, 300.774918, 58.776353
4371.678, 300.789922, 58.784914
13165.956, 300.971576, 58.951389
10974.656, 300.796036, 58.793374
11409.928, 300.829895, 58.823851
85641.596, 300.856844, 58.853519
4408.901, 300.938059, 58.921493
9718.962, 300.978337, 58.958352
3105.493, 300.823814, 58.819083
14498.209, 300.923826, 58.912084
28352.159, 301.093589, 59.065318
28508.093, 301.143664, 59.110528
5267.070, 300.865878, 58.861969
50087.662, 301.112362, 59.087165
3958.127, 300.840072, 58.838849
214327.602, 301.016671, 59.006794
26866.278, 300.887182, 58.885984
32460.073, 300.785351, 58.795461
17439.130, 301.062752, 59.048493
7469.958, 300.822421, 58.831619
2637.569, 300.804293, 58.816454
41544.790, 300.974634, 58.975719
46280.092, 301.022116, 59.016976
24520.086, 301.031273, 59.025391
13189.418, 300.794643, 58.811492
43003.396, 300.804764, 58.822327
33988.257, 300.918140, 58.926659
41660.947, 300.765984, 58.789517
49454.288, 301.131817, 59.119121
6083.418, 300.923055, 58.929732
31653.643, 300.960505, 58.966220
11901.250, 300.755629, 58.779355
4853.452, 300.762443, 58.784613
3056.599, 300.772852, 58.793420
6167.622, 300.822959, 58.840966
3947.751, 300.834905, 58.851794
3992.671, 300.855045, 58.869171
60763.377, 301.093538, 59.088966
69163.810, 300.743628, 58.776491
2187.348, 300.832066, 58.850135
15434.127, 300.857244, 58.874686
2667.851, 300.866323, 58.881696
11136.268, 300.777612, 58.805387
37198.377, 300.810016, 58.837389
3098.228, 300.900859, 58.917011
287445.740, 300.899521, 58.922941
23353.201, 300.752486, 58.787211
10959.370, 300.823798, 58.851491
68816.468, 300.771277, 58.811514
39223.714, 300.958825, 58.979411
4025.847, 300.939793, 58.960452
4412.622, 300.817845, 58.851918
11394.740, 300.741266, 58.787778
46440.847, 300.743778, 58.793115
12811.371, 300.862525, 58.895727
5777.992, 300.797251, 58.836119
15442.055, 300.902150, 58.934255
51499.788, 300.831464, 58.874374
57573.995, 300.954651, 58.985608
18586.550, 300.844697, 58.884981
3067.197, 300.919047, 58.950230
8416.171, 301.032486, 59.052826
9192.216, 300.799298, 58.843880
6155.436, 300.908510, 58.942345
22481.248, 300.837573, 58.881194
2624.404, 300.869061, 58.906002
31010.970, 301.042660, 59.065503
7929.790, 300.877055, 58.916369
3923.665, 300.790798, 58.841747
64914.653, 301.017775, 59.053364
46799.563, 301.052924, 59.085754
12349.732, 301.041924, 59.077061
3963.593, 300.730636, 58.795624
27399.797, 300.885915, 58.938853
3524.532, 300.751090, 58.816233
34701.995, 300.763355, 58.830954
22661.987, 300.718241, 58.789541
61731.806, 300.830497, 58.895988
116501.786, 300.848515, 58.918657
15786.914, 300.738313, 58.814263
53562.463, 300.926225, 58.984960
37698.722, 300.948606, 59.005187
12124.004, 301.048134, 59.093053
7885.089, 300.726894, 58.803131
7835.784, 300.813145, 58.882367
2728.236, 300.839495, 58.904950
2228.708, 300.761963, 58.836951
4705.425, 300.767720, 58.845030
21107.549, 300.886128, 58.956912
6674.820, 300.861546, 58.932878
42139.322, 301.075699, 59.129015
4022.738, 300.737904, 58.823535
4856.116, 300.833521, 58.911233
50778.792, 300.914219, 58.987484
4856.027, 300.753276, 58.838967
5641.139, 300.791021, 58.874728
3977.911, 300.812409, 58.894224
38979.149, 300.958894, 59.030285
2683.985, 300.782068, 58.868160
8749.943, 300.790510, 58.878423
29219.575, 300.768358, 58.859779
7082.228, 300.825219, 58.910194
19324.967, 300.774561, 58.866189
13203.423, 300.690066, 58.791001
4872.509, 300.780818, 58.872036
9283.856, 301.023208, 59.091017
19067.053, 301.036275, 59.104534
143962.128, 300.714055, 58.822283
4440.159, 300.803885, 58.894751
40185.127, 300.867948, 58.956977
40545.919, 301.011967, 59.086278
4920.538, 301.092434, 59.155188
4016.014, 300.794787, 58.888288
324725.370, 300.955743, 59.045168
7569.246, 301.026789, 59.097622
5733.510, 300.754424, 58.852281
11408.642, 300.690976, 58.796917
3966.576, 300.758281, 58.857111
96825.533, 300.993398, 59.075536
6577.074, 300.836316, 58.930014
5317.524, 300.843072, 58.935517
10629.216, 300.939206, 59.024231
76753.166, 300.872734, 58.970059
2250.082, 301.019439, 59.096155
44689.259, 300.744623, 58.850947
16827.612, 300.791292, 58.895938
36076.045, 300.725597, 58.836882
52740.054, 300.768645, 58.876685
3575.629, 300.865178, 58.960970
8346.074, 300.812996, 58.915719
3092.422, 300.750635, 58.858722
14129.691, 300.939825, 59.031766
19375.708, 300.689098, 58.808331
49043.499, 300.883712, 58.986456
10768.772, 301.039440, 59.122661
73898.669, 300.894495, 58.995224
2238.768, 300.733570, 58.847278
37076.659, 300.848318, 58.954062
9727.108, 300.862400, 58.965070
9234.902, 300.803710, 58.912199
2609.139, 301.044304, 59.128656
77959.237, 300.675155, 58.802510
8407.994, 300.697636, 58.817283
51371.276, 300.774627, 58.890161
10995.067, 300.787224, 58.899005
185710.841, 300.749960, 58.872390
11895.734, 300.807858, 58.918943
2279.947, 300.830298, 58.937321
2688.146, 300.873483, 58.977196
7928.967, 300.865490, 58.974120
3971.707, 300.724785, 58.846692
21947.676, 300.795610, 58.914300
2235.757, 300.900137, 59.006908
14163.485, 300.907344, 59.015112
13166.648, 300.783630, 58.904417
21426.528, 300.973730, 59.076616
15314.195, 300.736395, 58.862389
5216.484, 300.780753, 58.901687
2219.082, 300.787198, 58.906420
24674.624, 300.829530, 58.947479
4411.687, 300.684342, 58.814583
11334.114, 300.755077, 58.879503
5299.863, 300.709849, 58.839086
15832.663, 300.863792, 58.981430
7867.953, 300.677227, 58.811440
5267.222, 300.710940, 58.842111
7090.221, 300.804130, 58.927370
10062.825, 300.681530, 58.816573
2628.936, 300.699040, 58.832019
7490.927, 300.787350, 58.914496
8812.884, 300.780274, 58.908965
2227.914, 300.813327, 58.937230
39893.480, 300.881311, 59.002082
29023.832, 300.704462, 58.842147
38444.632, 300.963579, 59.077828
132887.585, 300.750809, 58.891282
43157.946, 300.662483, 58.806863
4875.996, 300.813205, 58.941578
4847.738, 301.052289, 59.156898
5310.010, 300.654999, 58.801045
60953.906, 300.937199, 59.058031
18783.095, 301.019020, 59.130180
8798.293, 300.714100, 58.854803
209291.896, 300.813929, 58.954426
2210.221, 300.789515, 58.923150
80864.343, 300.828363, 58.964793
98143.205, 301.034856, 59.151677
6278.522, 300.991557, 59.109086
34566.094, 300.885689, 59.017049
5326.206, 300.653203, 58.804273
42668.377, 300.925253, 59.054735
91277.982, 300.674017, 58.830700
11454.846, 300.729888, 58.876782
6144.077, 300.762682, 58.906093
3008.990, 300.786894, 58.927939
22880.831, 300.682740, 58.836018
3109.505, 300.688651, 58.838989
17713.860, 301.008329, 59.131086
4465.920, 300.771117, 58.916300
10356.449, 301.050749, 59.169153
7054.322, 300.692193, 58.846234
5363.527, 300.737701, 58.888278
68503.973, 300.837759, 58.982997
77984.778, 300.737743, 58.895352
6598.624, 300.824144, 58.969640
46090.604, 300.922984, 59.060860
52787.486, 300.685009, 58.851307
2608.034, 300.723037, 58.877555
11858.484, 300.825138, 58.972770
2167.372, 300.644711, 58.807367
4051.799, 300.675234, 58.835244
12210.584, 300.700563, 58.860358
9655.678, 300.708535, 58.868417
12339.211, 300.723880, 58.881793
7933.295, 300.753724, 58.908292
92690.100, 300.726475, 58.891560
3551.391, 300.767438, 58.922753
24164.605, 300.815168, 58.969068
193482.086, 300.850190, 59.004726
8810.186, 300.963432, 59.101228
10663.270, 300.647564, 58.816138
2659.944, 300.755204, 58.914024
7981.920, 300.651856, 58.820540
137268.706, 300.634751, 58.811789
16824.040, 300.838253, 58.992874
5347.802, 300.653096, 58.823883
12205.805, 300.695764, 58.864115
4442.060, 300.784444, 58.944669
3490.931, 300.676832, 58.848001
10936.077, 300.775841, 58.939973
3091.881, 300.759326, 58.924527
22613.926, 300.789638, 58.953833
8394.816, 300.823598, 58.983591
10601.974, 300.799306, 58.963790
3498.023, 300.644421, 58.823815
4907.851, 300.648684, 58.829497
7944.648, 300.692683, 58.872064
2703.117, 300.718118, 58.894993
7553.006, 300.772024, 58.945139
45951.215, 300.780347, 58.956865
7947.837, 300.806248, 58.977800
7520.434, 300.634589, 58.821685
5746.647, 300.694953, 58.875969
2207.283, 300.651838, 58.836884
13254.276, 300.917485, 59.081007
22358.116, 300.676959, 58.865120
6609.647, 300.755535, 58.934517
33035.734, 300.619217, 58.814257
3115.607, 300.652253, 58.841503
2188.732, 300.704832, 58.889035
22792.105, 300.734400, 58.918204
19024.574, 300.823532, 58.999537
7454.032, 300.624980, 58.817903
56283.919, 301.003388, 59.164792
7035.496, 300.637179, 58.830134
40982.162, 300.826340, 59.004729
5315.709, 300.660887, 58.851720
2198.015, 300.722206, 58.907082
13886.561, 300.942388, 59.109192
4843.781, 300.670311, 58.862199
3550.034, 300.726402, 58.913184
5363.650, 300.862829, 59.037428
6167.445, 300.752657, 58.938735
4073.533, 300.842265, 59.019020
41475.080, 300.683166, 58.877954
114398.532, 300.982250, 59.152485
27382.718, 300.713496, 58.906092
6668.325, 300.704315, 58.896894
3108.324, 300.786870, 58.971449
6638.238, 300.908806, 59.082868
71890.198, 300.802378, 58.993346
4878.738, 300.646430, 58.847254
11790.805, 300.658852, 58.861576
3538.120, 300.726355, 58.919883
65357.770, 300.888731, 59.070626
2630.627, 300.714235, 58.909901
3964.611, 300.730268, 58.924477
14656.239, 301.001795, 59.170230
62706.623, 300.793855, 58.987741
61550.499, 300.830066, 59.020508
575028.500, 300.989208, 59.175004
7456.369, 300.724895, 58.922186
2708.471, 300.827189, 59.014984
5743.988, 300.694992, 58.895731
34898.480, 300.641660, 58.850701
28188.332, 301.004764, 59.179764
65065.371, 300.731665, 58.935109
46584.051, 300.764516, 58.965966
15418.650, 300.612466, 58.825370
5670.256, 300.722675, 58.928508
3536.032, 300.772004, 58.974062
10479.651, 300.639614, 58.855476
7970.621, 300.633452, 58.850865
15901.757, 300.648411, 58.864792
36427.157, 300.665926, 58.881414
63987.149, 300.598534, 58.823570
27469.542, 300.650336, 58.870190
30693.820, 300.790730, 58.998863
25752.795, 300.655278, 58.876400
7053.146, 300.716532, 58.930337
4432.154, 300.745705, 58.956797
3145.443, 300.846593, 59.048232
66267.100, 300.678104, 58.901541
2705.973, 300.689373, 58.907290
4445.099, 300.701252, 58.917831
3081.154, 300.711133, 58.927005
50508.900, 300.880816, 59.084292
41285.786, 300.964552, 59.159675
22522.404, 300.715100, 58.936155
42759.763, 300.817053, 59.029497
41877.153, 300.824492, 59.036748
43784.031, 300.738147, 58.958932
15820.747, 300.628620, 58.860611
20519.056, 300.775802, 58.995103
4446.699, 300.989950, 59.185959
7014.392, 300.615482, 58.848405
12791.877, 300.921348, 59.125970
34508.686, 300.894851, 59.106049
11421.612, 300.755922, 58.978713
150991.690, 300.652930, 58.891432
3070.813, 300.666915, 58.898481
2686.010, 300.632137, 58.867091
51899.640, 300.682475, 58.918537
5694.479, 300.864546, 59.079046
4572.272, 300.856114, 59.072801
4443.598, 300.591158, 58.832494
2657.139, 300.793309, 59.016992
6621.344, 300.608571, 58.850472
20585.579, 300.712586, 58.945078
62083.151, 300.737993, 58.971448
3969.711, 300.974209, 59.180928
9297.384, 300.662105, 58.900735
52718.343, 300.949007, 59.164389
150719.603, 300.905030, 59.126531
6600.735, 300.771234, 59.001555
8959.319, 300.840684, 59.064629
5272.444, 300.746499, 58.979364
12056.163, 300.598457, 58.846239
15582.211, 300.851216, 59.076855
4884.366, 300.624089, 58.870007
393620.591, 300.627587, 58.886016
50745.277, 300.614803, 58.867070
2708.826, 300.888347, 59.110672
2150.021, 300.585243, 58.836565
7610.723, 300.695513, 58.938187
9343.190, 300.793015, 59.026603
2234.350, 300.580240, 58.832964
61597.618, 300.599908, 58.856565
10113.504, 300.666480, 58.914892
13659.690, 300.704536, 58.948891
3952.692, 300.660397, 58.909241
41235.807, 300.716459, 58.962383
6704.412, 300.885366, 59.113459
2199.514, 300.724849, 58.967670
2186.130, 300.766462, 59.005809
21616.010, 300.582625, 58.841692
3096.764, 300.926986, 59.151703
32637.026, 300.802438, 59.044581
46077.557, 300.563681, 58.828379
5677.390, 300.574393, 58.835723
5758.502, 300.638103, 58.894949
5705.967, 300.649918, 58.906420
2217.700, 300.725905, 58.974531
97698.357, 300.665408, 58.926752
23704.996, 300.938655, 59.170533
2626.027, 300.599715, 58.861505
9261.311, 300.734174, 58.985240
70304.556, 300.848966, 59.092469
14463.756, 300.589021, 58.853990
29087.896, 300.599728, 58.865846
3610.569, 300.844825, 59.087071
2622.554, 300.802335, 59.049426
27336.284, 300.720553, 58.980393
9304.204, 300.564386, 58.837227
5320.059, 300.818882, 59.069786
30293.268, 300.556377, 58.833825
9744.154, 300.608402, 58.880038
6112.248, 300.695119, 58.958156
11507.890, 300.587186, 58.860069
4435.350, 300.800706, 59.054094
10647.179, 300.890112, 59.135690
3121.311, 300.673836, 58.940746
5291.131, 300.608964, 58.883668
15353.439, 300.561269, 58.841938
3095.740, 300.617171, 58.891025
33431.322, 300.617748, 58.896787
2660.806, 300.654053, 58.925710
3085.960, 300.686642, 58.956051
28432.813, 300.783226, 59.047302
12537.531, 300.842311, 59.097809
10145.509, 300.591750, 58.869974
16574.900, 300.810421, 59.071787
2658.655, 300.575046, 58.855804
2217.221, 300.631804, 58.907949
13852.887, 300.565343, 58.849448
31600.657, 300.623165, 58.902638
5721.135, 300.704481, 58.975529
12824.873, 300.559748, 58.846448
10553.348, 300.639574, 58.917792
66255.279, 300.892922, 59.151373
2207.162, 300.671348, 58.946948
2661.945, 300.708942, 58.981537
4478.900, 300.580545, 58.866517
5294.248, 300.604758, 58.889664
42341.709, 300.790260, 59.062790
9652.105, 300.564442, 58.854839
22478.083, 300.543097, 58.837407
22817.735, 300.659896, 58.945088
8451.108, 300.871300, 59.134569
25125.862, 300.664624, 58.949566
91955.207, 300.661705, 58.955717
16150.698, 300.740328, 59.018071
3532.287, 300.705803, 58.986256
7093.964, 300.603742, 58.894937
4343.956, 300.623718, 58.915029
12415.015, 300.675522, 58.964470
106962.764, 300.579385, 58.881331
5303.456, 300.684496, 58.971926
24045.776, 300.826775, 59.104360
2700.538, 300.535122, 58.836895
18515.400, 300.591767, 58.891783
13113.993, 300.597748, 58.895914
12910.654, 300.813262, 59.091001
6178.967, 300.553967, 58.855500
2226.560, 300.600517, 58.899123
9631.434, 300.635828, 58.933400
7054.468, 300.642582, 58.940048
3536.916, 300.746203, 59.032977
32857.574, 300.777780, 59.064245
6592.411, 300.619901, 58.921038
3936.137, 300.529813, 58.837669
36771.588, 300.538987, 58.849225
4432.448, 300.692884, 58.987167
4911.580, 300.873425, 59.152085
6728.428, 300.614322, 58.918205
4909.990, 300.688105, 58.984884
45510.602, 300.635365, 58.941900
15252.129, 300.898274, 59.177965
5315.721, 300.692574, 58.991669
2635.715, 300.695339, 58.993770
305407.779, 300.703041, 59.009846
28836.943, 300.742488, 59.038547
3965.371, 300.532251, 58.846240
6300.266, 300.914363, 59.194102
13690.688, 300.771798, 59.067913
8471.170, 300.883143, 59.167833
13673.658, 300.537345, 58.854520
40927.517, 300.712427, 59.017388
49565.256, 300.857471, 59.149449
3108.029, 300.691306, 58.996941
2210.561, 300.606388, 58.920226
19637.680, 300.606495, 58.923973
7053.348, 300.542594, 58.862749
75202.962, 300.559643, 58.885705
12814.558, 300.583746, 58.901145
4805.277, 300.846021, 59.139028
22068.839, 300.650158, 58.964030
4411.812, 300.717339, 59.022903
2162.035, 300.590275, 58.907343
10570.532, 300.557260, 58.879420
51057.524, 300.612662, 58.936031
7042.339, 300.661131, 58.976822
7584.975, 300.569908, 58.896362
22030.180, 300.582597, 58.906873
2664.339, 300.750965, 59.058904
46630.143, 300.739981, 59.054826
52251.261, 300.825452, 59.133126
17630.803, 300.659769, 58.981539
7457.350, 300.527468, 58.860401
51738.613, 300.623714, 58.953385
3540.510, 300.641772, 58.964134
7441.003, 300.507471, 58.844141
9313.348, 300.515413, 58.850435
34719.095, 300.718481, 59.038909
10032.771, 300.537679, 58.871918
3103.009, 300.595643, 58.923545
37500.845, 300.765838, 59.081552
2234.366, 300.523371, 58.857819
31439.941, 300.813269, 59.124915
3566.200, 300.868105, 59.171380
2656.534, 300.724906, 59.043132
3167.205, 300.635866, 58.963073
21520.902, 300.557631, 58.895066
2634.984, 300.577163, 58.910392
38352.871, 300.637555, 58.968193
5296.920, 300.661157, 58.989945
20751.302, 300.793738, 59.111441
65879.788, 300.865290, 59.179053
4938.556, 300.611411, 58.947733
2639.864, 300.778737, 59.099490
6212.645, 300.871207, 59.186099
4905.043, 300.701736, 59.034426
2241.414, 300.512560, 58.861436
16689.477, 300.522406, 58.874124
3584.850, 300.622072, 58.962220
11539.386, 300.810640, 59.134463
3070.324, 300.513057, 58.863857
4416.000, 300.695024, 59.029862
4404.840, 300.839146, 59.161284
77459.059, 300.638208, 58.984896
52903.157, 300.708428, 59.046985
21513.763, 300.540087, 58.893782
23104.754, 300.549993, 58.905251
15390.779, 300.497995, 58.856984
40065.032, 300.734182, 59.074489
2721.789, 300.530560, 58.885845
4850.430, 300.565941, 58.918509
23002.915, 300.890968, 59.215969
9275.810, 300.585095, 58.938062
7488.311, 300.620846, 58.970548
24304.248, 300.655346, 59.003850
11872.414, 300.515030, 58.874407
7587.288, 300.605311, 58.957709
48707.983, 300.669637, 59.021381
65941.680, 300.879813, 59.212021
3516.694, 300.501402, 58.864834
5766.509, 300.527634, 58.888996
3942.354, 300.483583, 58.851111
3583.838, 300.488068, 58.855109
19470.858, 300.714818, 59.063558
92501.741, 300.767889, 59.115161
2257.828, 300.856028, 59.189673
47988.660, 300.584989, 58.947868
35389.504, 300.688843, 59.042696
14537.148, 300.570160, 58.934130
3133.615, 300.608489, 58.966580
2211.784, 300.516857, 58.883368
36369.180, 300.528073, 58.898032
5296.560, 300.544796, 58.910420
2709.468, 300.560299, 58.926260
19419.506, 300.653690, 59.013126
12366.210, 300.549617, 58.918368
16249.834, 300.560954, 58.930441
3547.187, 300.624320, 58.986468
2213.586, 300.629047, 58.990498
23935.385, 300.834927, 59.180430
10962.547, 300.509981, 58.885873
28223.875, 300.848668, 59.195521
4411.483, 300.516596, 58.892129
20659.011, 300.578814, 58.952518
10644.384, 300.711404, 59.070946
49821.708, 300.735192, 59.094856
8050.911, 300.837504, 59.184694
50161.822, 300.776449, 59.133557
7916.294, 300.602941, 58.973881
2639.648, 300.626253, 58.995163
6689.461, 300.841776, 59.190472
4437.559, 300.503642, 58.883867
29695.740, 300.818534, 59.171994
17570.081, 300.556031, 58.934363
46187.710, 300.749683, 59.112751
60899.861, 300.478929, 58.866692
3566.760, 300.531281, 58.912139
47112.349, 300.606315, 58.984960
3616.328, 300.593253, 58.969815
18357.020, 300.543678, 58.927424
88782.018, 300.631764, 59.012994
38608.694, 300.463043, 58.857580
2206.085, 300.527229, 58.911558
39806.012, 300.564322, 58.949120
8472.974, 300.644356, 59.019969
15180.117, 300.815694, 59.178441
4969.433, 300.866803, 59.223250
54203.132, 300.487585, 58.885741
4430.317, 300.534863, 58.923559
9149.124, 300.543734, 58.933220
39541.496, 300.548730, 58.938838
22232.616, 300.835994, 59.198530
2666.232, 300.612155, 58.994560
27245.921, 300.498239, 58.894471
13605.117, 300.574229, 58.963220
3626.589, 300.580926, 58.967976
4450.932, 300.564747, 58.953758
25470.411, 300.711762, 59.090922
5743.120, 300.667031, 59.049972
3118.098, 300.506697, 58.904065
2169.934, 300.557463, 58.950301
56964.335, 300.615849, 59.008269
32424.630, 300.812324, 59.185313
78738.179, 300.642885, 59.035150
4447.717, 300.651412, 59.037678
62691.864, 300.721761, 59.106945
3115.609, 300.563968, 58.958037
4850.260, 300.454192, 58.861394
7893.938, 300.458886, 58.865703
3553.552, 300.521951, 58.923058
363422.719, 300.580335, 58.990343
5384.212, 300.635956, 59.027712
3094.451, 300.690162, 59.077261
3119.449, 300.543638, 58.943905
3525.394, 300.559534, 58.958967
71743.672, 300.520259, 58.928354
8777.237, 300.507378, 58.913305
3151.572, 300.657393, 59.050543
179624.616, 300.456987, 58.875842
6209.770, 300.680697, 59.073831
39468.655, 300.696400, 59.092166
5730.278, 300.753062, 59.139251
19154.109, 300.526691, 58.937970
25302.153, 300.764448, 59.153130
7917.731, 300.503268, 58.914593
37907.582, 300.642762, 59.044853
11872.564, 300.474983, 58.890814
17716.346, 300.574653, 58.982031
37801.955, 300.648944, 59.052207
4975.108, 300.784302, 59.172378
25900.116, 300.799969, 59.189004
34483.126, 300.478595, 58.897330
4713.439, 300.441942, 58.862296
36700.613, 300.523150, 58.942784
5227.322, 300.605462, 59.011868
2631.370, 300.597623, 59.005547
4902.669, 300.518742, 58.936343
25202.078, 300.544185, 58.960919
2612.896, 300.549542, 58.964141
17827.441, 300.818149, 59.210102
9740.329, 300.463614, 58.887324
8819.891, 300.491646, 58.913480
24608.330, 300.726383, 59.129760
5249.682, 300.566041, 58.983172
40176.130, 300.698811, 59.107547
5264.160, 300.464310, 58.891410
8742.419, 300.781005, 59.179168
33728.013, 300.685057, 59.096757
64030.060, 300.737303, 59.144310
72138.507, 300.578572, 59.001492
11932.394, 300.490301, 58.919590
3091.356, 300.563847, 58.985280
28077.414, 300.525563, 58.953709
2233.644, 300.457358, 58.888913
3089.853, 300.466431, 58.902459
5788.000, 300.468170, 58.905736
15523.560, 300.478945, 58.915573
27871.492, 300.675861, 59.097836
3518.216, 300.585153, 59.014054
4428.983, 300.484386, 58.923880
86745.255, 300.596071, 59.031318
39985.623, 300.627712, 59.058151
15003.487, 300.591485, 59.023789
86292.412, 300.563229, 59.002854
20530.967, 300.726636, 59.149084
9728.079, 300.434174, 58.881593
5270.047, 300.534854, 58.974278
8338.000, 300.607442, 59.040711
12790.932, 300.709794, 59.134522
14280.611, 300.814819, 59.229380
3510.128, 300.746986, 59.167366
13272.197, 300.459045, 58.910062
3036.745, 300.479129, 58.925415
3563.100, 300.529723, 58.972261
5724.970, 300.537488, 58.979271
25116.709, 300.614710, 59.051804
23927.725, 300.661008, 59.094156
18363.416, 300.678723, 59.109585
9697.308, 300.435659, 58.886911
3016.420, 300.472700, 58.920594
5685.633, 300.428522, 58.881913
3068.095, 300.494167, 58.941416
2671.098, 300.485171, 58.934387
5294.449, 300.420142, 58.875922
42578.406, 300.443900, 58.900566
109683.981, 300.521325, 58.977315
10169.279, 300.453033, 58.908945
23758.946, 300.652475, 59.091163
43832.694, 300.478939, 58.934791
4394.857, 300.502829, 58.953115
35216.725, 300.546599, 58.996033
10321.548, 300.713076, 59.146946
3079.501, 300.510305, 58.961685
4436.696, 300.538113, 58.988583
4015.837, 300.511087, 58.963999
2654.594, 300.737874, 59.170489
44319.607, 300.454940, 58.918795
4413.103, 300.471771, 58.929355
2286.098, 300.512954, 58.966829
5333.559, 300.421204, 58.883363
10123.873, 300.526734, 58.981476
12925.976, 300.731903, 59.169008
19013.473, 300.491443, 58.950979
5742.174, 300.559281, 59.012135
16769.804, 300.616182, 59.065333
3135.840, 300.775710, 59.208032
30894.861, 300.672951, 59.119470
112987.138, 300.417423, 58.889878
4459.630, 300.684487, 59.129103
52003.929, 300.709766, 59.155360
18501.947, 300.483038, 58.949366
2664.172, 300.528406, 58.988312
2258.922, 300.467183, 58.932780
39275.694, 300.399668, 58.876711
4327.025, 300.488945, 58.953805
5289.135, 300.570362, 59.028486
15355.568, 300.429833, 58.903270
20646.688, 300.436315, 58.910757
59315.252, 300.456808, 58.933391
10342.011, 300.794399, 59.235024
3537.076, 300.432898, 58.906448
10115.772, 300.527840, 58.995110
7972.952, 300.663636, 59.119689
21516.515, 300.684247, 59.139524
2621.143, 300.718287, 59.169237
5290.311, 300.404408, 58.885443
59582.037, 300.641845, 59.106046
313207.866, 300.432180, 58.921485
13570.183, 300.426325, 58.909558
25898.918, 300.697839, 59.158738
9331.897, 300.618623, 59.086909
27577.450, 300.715992, 59.177032
7567.203, 300.495546, 58.976442
12268.184, 300.417542, 58.906855
35816.140, 300.474319, 58.960226
2213.032, 300.459033, 58.945340
3076.955, 300.572112, 59.048733
2283.655, 300.469581, 58.955543
4381.416, 300.482651, 58.967546
2202.673, 300.610061, 59.085005
3925.534, 300.406233, 58.899003
36815.328, 300.512677, 59.002088
2644.689, 300.543178, 59.026101
12373.804, 300.406667, 58.903652
25527.299, 300.400129, 58.899291
6577.513, 300.393612, 58.892179
11862.021, 300.474120, 58.966918
55108.736, 300.678314, 59.158109
7574.193, 300.408049, 58.908528
8337.572, 300.648950, 59.128450
9664.225, 300.413665, 58.915679
21886.595, 300.490209, 58.986577
115244.639, 300.628012, 59.119104
3111.883, 300.410057, 58.912248
76601.399, 300.524881, 59.022185
11029.771, 300.748602, 59.221507
5768.050, 300.425312, 58.927676
3962.112, 300.445443, 58.945230
11872.377, 300.429577, 58.931799
3560.637, 300.696322, 59.175010
10991.988, 300.376839, 58.888201
3885.561, 300.478179, 58.977181
129614.054, 300.508817, 59.011033
3106.382, 300.732285, 59.208195
149885.976, 300.384123, 58.898499
12308.801, 300.380134, 58.891137
87887.321, 300.398821, 58.912546
8822.830, 300.567081, 59.061289
3599.236, 300.581730, 59.073695
7018.971, 300.372160, 58.883396
3929.436, 300.478667, 58.980740
16032.308, 300.622514, 59.113965
20531.417, 300.484756, 58.989587
94197.385, 300.540486, 59.044710
8776.595, 300.722251, 59.206925
22886.563, 300.754803, 59.236234
8823.247, 300.688165, 59.176632
8005.829, 300.426196, 58.938114
9232.950, 300.455389, 58.965681
10571.828, 300.370118, 58.888116
5698.829, 300.390033, 58.906942
6254.327, 300.434704, 58.948585
10524.312, 300.571811, 59.077177
3551.029, 300.604404, 59.105330
14128.049, 300.661272, 59.159835
4419.213, 300.372251, 58.894915
4446.917, 300.474137, 58.988507
31869.953, 300.750499, 59.241739
6616.425, 300.487068, 59.000777
3596.417, 300.692957, 59.187980
3087.041, 300.489907, 59.003831
14297.738, 300.633895, 59.137238
31621.178, 300.719668, 59.216307
9782.085, 300.579595, 59.088700
31395.414, 300.669603, 59.171479
24026.059, 300.414558, 58.939620
3101.739, 300.429670, 58.951306
5651.381, 300.758483, 59.251463
3071.633, 300.368876, 58.897351
17040.192, 300.470961, 58.994084
6589.941, 300.495210, 59.014821
3028.937, 300.509352, 59.027572
35299.975, 300.587907, 59.102442
3483.512, 300.601655, 59.112672
5721.659, 300.712414, 59.212805
7074.911, 300.358223, 58.890113
2228.310, 300.363530, 58.894427
50654.764, 300.580504, 59.096804
14042.628, 300.366957, 58.900877
49826.478, 300.411801, 58.944119
26852.188, 300.502293, 59.026021
12834.341, 300.521306, 59.043193
88714.542, 300.357647, 58.897633
14559.500, 300.373572, 58.909416
37252.237, 300.648524, 59.164251
16930.366, 300.680558, 59.190436
2246.959, 300.432435, 58.963046
3094.727, 300.604759, 59.120296
3911.189, 300.677446, 59.186639
8363.429, 300.404606, 58.939071
26023.962, 300.470249, 59.002601
7443.715, 300.507087, 59.033480
13783.632, 300.606830, 59.124404
4021.240, 300.368264, 58.905963
3532.540, 300.377464, 58.915094
7978.303, 300.457171, 58.988154
16713.276, 300.383380, 58.922132
2607.880, 300.526641, 59.052111
21576.529, 300.634305, 59.152984
9407.268, 300.347693, 58.890507
3094.732, 300.362672, 58.904375
4971.505, 300.617947, 59.139533
19615.059, 300.740730, 59.252104
35038.062, 300.570830, 59.102096
7896.873, 300.722194, 59.236768
2190.966, 300.395089, 58.937342
3075.971, 300.477670, 59.013228
36186.120, 300.371480, 58.918996
12832.364, 300.412436, 58.956859
19857.145, 300.500017, 59.037084
2616.952, 300.518301, 59.051977
46606.597, 300.400452, 58.950398
36193.622, 300.435834, 58.980648
11381.883, 300.346976, 58.898048
3520.301, 300.395161, 58.941734
17176.167, 300.528323, 59.066258
11003.757, 300.562631, 59.097162
4398.763, 300.611288, 59.140504
6649.344, 300.472542, 59.014883
2661.265, 300.554087, 59.089181
50535.238, 300.612092, 59.145644
31158.821, 300.441382, 58.989656
2636.655, 300.378579, 58.929644
15014.351, 300.465067, 59.011164
5331.303, 300.385407, 58.937904
19684.790, 300.369907, 58.926187
9347.623, 300.676317, 59.204416
9304.146, 300.364527, 58.920136
84395.359, 300.534862, 59.083254
15089.442, 300.600242, 59.137247
48660.258, 300.429891, 58.984394
12464.855, 300.665087, 59.196422
33342.643, 300.352995, 58.912504
6188.380, 300.423396, 58.976461
32107.456, 300.498496, 59.046422
9730.665, 300.524953, 59.069558
3548.536, 300.606322, 59.143021
14530.504, 300.464972, 59.016736
6600.614, 300.468277, 59.018920
13195.600, 300.344110, 58.906514
103987.055, 300.365630, 58.936492
10618.705, 300.582210, 59.125099
4003.839, 300.391897, 58.950965
16513.553, 300.510239, 59.062153
52140.725, 300.558748, 59.109043
65886.679, 300.661305, 59.202489
4849.624, 300.528298, 59.078677
16411.051, 300.613691, 59.157593
5778.583, 300.398172, 58.961256
20273.305, 300.409851, 58.974091
8013.665, 300.435708, 58.995546
24389.889, 300.386141, 58.953167
82666.540, 300.537284, 59.094362
65996.564, 300.323166, 58.901069
6186.047, 300.353258, 58.923448
10613.759, 300.531708, 59.088001
4006.328, 300.709994, 59.249054
28983.203, 300.356353, 58.932429
2228.189, 300.333012, 58.907818
2173.141, 300.425676, 58.993207
7040.200, 300.563304, 59.120031
3541.232, 300.636347, 59.185605
2280.322, 300.388431, 58.959647
23783.111, 300.451189, 59.020556
22508.616, 300.711431, 59.256387
16900.227, 300.395720, 58.969200
8354.601, 300.407037, 58.978467
11899.277, 300.476963, 59.043626
2236.964, 300.491495, 59.055264
30449.839, 300.609667, 59.165948
2660.797, 300.337700, 58.914612
120611.513, 300.322568, 58.908917
17602.036, 300.369697, 58.947971
10152.151, 300.332268, 58.913476
5792.025, 300.337368, 58.917614
9695.565, 300.422682, 58.996332
102097.421, 300.435137, 59.013397
8922.360, 300.410598, 58.986187
41104.725, 300.425061, 59.003242
8005.714, 300.645249, 59.200642
19056.992, 300.477697, 59.049425
24131.771, 300.671824, 59.226690
8824.761, 300.340600, 58.923651
23488.335, 300.527834, 59.096406
8768.524, 300.398415, 58.978661
15099.602, 300.500169, 59.072836
15486.274, 300.545241, 59.113916
29016.517, 300.611712, 59.175839
3083.343, 300.659609, 59.216653
3485.611, 300.312480, 58.900156
104526.647, 300.530842, 59.107604
5738.312, 300.354813, 58.942843
11882.096, 300.361527, 58.950921
11541.355, 300.479166, 59.057476
45548.275, 300.633525, 59.201516
2231.547, 300.323426, 58.914308
46631.519, 300.338863, 58.934067
30379.322, 300.592350, 59.163472
16397.948, 300.467943, 59.050090
20378.015, 300.579328, 59.151456
44114.683, 300.690769, 59.254676
16658.189, 300.414262, 59.002330
15117.471, 300.665175, 59.230577
11509.009, 300.675967, 59.239475
2152.516, 300.401503, 58.989039
8730.442, 300.452728, 59.037643
7479.806, 300.332856, 58.927613
117523.100, 300.303220, 58.910988
14933.435, 300.317433, 58.917081
14080.940, 300.395647, 58.986741
38367.984, 300.404997, 58.997767
40695.031, 300.431848, 59.023400
7529.858, 300.520723, 59.100927
14234.143, 300.597937, 59.171847
25452.716, 300.322433, 58.924419
27712.105, 300.362269, 58.961487
16589.486, 300.553000, 59.135595
42641.322, 300.677115, 59.249825
7925.182, 300.424632, 59.017687
10650.136, 300.472605, 59.062685
5216.702, 300.506719, 59.092366
29565.323, 300.338325, 58.945406
24062.739, 300.507148, 59.098307
33074.660, 300.576270, 59.162126
8858.160, 300.646495, 59.223195
68601.215, 300.611895, 59.196543
3960.236, 300.386770, 58.989443
30551.638, 300.437611, 59.040827
3973.757, 300.496532, 59.091047
31457.729, 300.592062, 59.180911
7059.681, 300.554079, 59.145091
25726.324, 300.673697, 59.255195
2205.083, 300.319009, 58.929477
7495.936, 300.404635, 59.009186
23569.476, 300.656628, 59.240514
3973.051, 300.389702, 58.995639
35949.411, 300.442542, 59.047008
48111.929, 300.494207, 59.098747
39052.125, 300.574352, 59.168267
4803.148, 300.449486, 59.052728
13651.277, 300.546009, 59.142432
15987.434, 300.536118, 59.134973
21544.492, 300.352196, 58.967872
167196.930, 300.356827, 58.981196
11903.848, 300.402932, 59.014251
3989.335, 300.420644, 59.028340
9413.962, 300.527256, 59.125941
9350.591, 300.580166, 59.174027
22141.417, 300.338667, 58.955754
7024.338, 300.461661, 59.067567
8395.766, 300.369957, 58.984124
75189.186, 300.480417, 59.090356
29258.107, 300.375531, 58.992178
4332.326, 300.314238, 58.933275
37031.303, 300.318209, 58.940768
35191.968, 300.417782, 59.031998
31538.575, 300.641252, 59.237939
3079.762, 300.427410, 59.039375
35720.672, 300.445160, 59.058606
4019.677, 300.452747, 59.063346
65317.442, 300.648215, 59.245119
15037.111, 300.401235, 59.018555
2226.423, 300.438805, 59.051860
7477.188, 300.569512, 59.172277
3060.816, 300.501054, 59.110159
66769.110, 300.334910, 58.962168
14474.708, 300.347851, 58.972790
13570.740, 300.607338, 59.210671
23197.540, 300.496752, 59.111544
10971.752, 300.386620, 59.010844
5317.997, 300.406733, 59.027601
212395.071, 300.479161, 59.100614
6207.577, 300.519797, 59.130893
7082.077, 300.298550, 58.928802
7497.618, 300.426947, 59.048077
12316.655, 300.313750, 58.945956
3077.729, 300.396277, 59.020381
5350.643, 300.407066, 59.031516
4471.131, 300.431475, 59.053114
14062.579, 300.439537, 59.062161
35680.029, 300.648764, 59.254165
25900.691, 300.292168, 58.929363
61092.814, 300.320355, 58.956102
33739.195, 300.466315, 59.090046
19415.922, 300.279595, 58.917831
32409.828, 300.605194, 59.217147
7471.698, 300.297279, 58.933921
4022.110, 300.335463, 58.969251
2233.343, 300.409717, 59.036892
9610.810, 300.432515, 59.059190
4427.350, 300.359363, 58.992041
17505.454, 300.354718, 58.989943
2640.485, 300.299970, 58.938581
19701.648, 300.574109, 59.191794
3551.412, 300.282155, 58.924137
12237.814, 300.411536, 59.045892
30193.654, 300.512527, 59.138437
7508.772, 300.397404, 59.033079
6989.483, 300.418755, 59.053000
41463.287, 300.339228, 58.980568
3123.133, 300.439087, 59.070458
9682.484, 300.477133, 59.106330
185659.563, 300.324332, 58.971925
7521.422, 300.394039, 59.030482
34074.642, 300.566249, 59.189851
30844.583, 300.624281, 59.242899
40721.012, 300.350030, 58.993041
72461.083, 300.393524, 59.038508
8000.932, 300.424040, 59.060313
53965.449, 300.591624, 59.215488
62525.041, 300.593121, 59.223425
5725.454, 300.265129, 58.915547
2646.905, 300.642771, 59.260101
3065.496, 300.312000, 58.958430
58717.058, 300.309178, 58.963173
12276.004, 300.277566, 58.930641
53060.940, 300.338348, 58.991594
66102.596, 300.602671, 59.231779
32828.412, 300.614619, 59.240130
35843.682, 300.403971, 59.049599
2637.892, 300.420358, 59.061805
2634.419, 300.478710, 59.116500
2642.371, 300.266580, 58.921764
6614.921, 300.375872, 59.023202
4454.760, 300.380155, 59.027013
11820.086, 300.409172, 59.057354
4866.929, 300.498815, 59.136050
4857.940, 300.277099, 58.933778
125349.561, 300.291267, 58.953556
12331.548, 300.483055, 59.124803
180596.523, 300.479856, 59.131128
5777.119, 300.458998, 59.102212
17716.328, 300.527227, 59.166556
7119.396, 300.334471, 58.988244
10983.546, 300.462617, 59.108446
7438.751, 300.264367, 58.924497
2223.147, 300.398307, 59.047711
9364.180, 300.627574, 59.257679
5215.500, 300.270595, 58.931400
12896.965, 300.347290, 59.002216
23379.617, 300.451360, 59.099210
29871.227, 300.304373, 58.969033
6114.245, 300.417165, 59.067254
14080.059, 300.255978, 58.920070
34041.173, 300.274059, 58.938861
6601.201, 300.501933, 59.145688
6589.522, 300.279789, 58.942545
12732.176, 300.365694, 59.022110
4878.039, 300.317535, 58.977495
7412.433, 300.337450, 58.997106
13252.057, 300.376339, 59.032773
2167.542, 300.513036, 59.156541
16764.497, 300.388092, 59.047806
3071.367, 300.496191, 59.144272
14690.635, 300.550591, 59.196065
6441.964, 300.570188, 59.213637
30348.511, 300.580303, 59.224297
3526.939, 300.252233, 58.922267
4418.354, 300.260256, 58.930022
4465.576, 300.356241, 59.018661
20096.712, 300.446181, 59.104167
8797.918, 300.294793, 58.963488
7494.335, 300.339347, 59.004101
5788.597, 300.468529, 59.122363
8377.241, 300.309104, 58.978043
34051.438, 300.372999, 59.037835
3110.484, 300.417012, 59.076831
85492.123, 300.361455, 59.032663
8457.933, 300.402757, 59.066558
2688.467, 300.468723, 59.126052
36813.140, 300.309310, 58.982900
7071.859, 300.376966, 59.043805
46588.598, 300.584029, 59.234528
10564.668, 300.453993, 59.115022
8793.833, 300.283434, 58.958504
5327.355, 300.325110, 58.996797
9331.121, 300.338326, 59.009174
23179.110, 300.507421, 59.165606
3989.519, 300.373852, 59.042075
3573.947, 300.243225, 58.922663
5277.589, 300.270481, 58.947743
2168.073, 300.299403, 58.974160
5699.654, 300.418675, 59.083611
2587.364, 300.457793, 59.119432
14337.950, 300.491188, 59.151508
3480.057, 300.260669, 58.938940
3083.998, 300.603463, 59.252906
3554.630, 300.562795, 59.217259
