# Source Fluxes and Coordinates
# Flux (e-/s), RA (deg), Dec (deg)
21165.350, 301.032369, 58.788494
23661.684, 301.054660, 58.808041
35364.412, 301.089398, 58.838885
8546.238, 301.141080, 58.884011
37129.942, 300.911023, 58.678582
10680.130, 300.976846, 58.738215
2765.491, 300.998648, 58.756056
2805.627, 301.109895, 58.855879
2030.040, 301.114463, 58.859696
5544.181, 300.947525, 58.712418
2757.622, 300.966567, 58.727556
2374.802, 301.071075, 58.822109
11185.265, 301.132160, 58.878402
2421.887, 300.930814, 58.697909
7251.123, 301.116703, 58.865953
2721.768, 300.954492, 58.720335
47025.321, 301.056049, 58.817537
5339.247, 301.158822, 58.906247
28528.746, 301.178166, 58.926705
6414.851, 300.973453, 58.743627
7608.738, 301.293828, 59.030119
52219.854, 300.974390, 58.748901
6705.389, 301.080034, 58.840199
2377.942, 300.991990, 58.762559
15649.574, 301.085371, 58.849204
34849.965, 300.958916, 58.737559
5091.997, 300.964525, 58.739813
5665.817, 301.271219, 59.014344
29704.896, 301.099574, 58.864348
5949.489, 300.913227, 58.695711
2787.650, 301.061165, 58.830095
21010.368, 301.008305, 58.786058
4090.473, 301.201888, 58.957572
31674.441, 300.880978, 58.673865
4320.750, 301.082252, 58.853688
12735.917, 301.061041, 58.835929
3612.261, 300.912954, 58.702023
36681.365, 301.181451, 58.948021
38320.127, 300.982760, 58.771958
9479.922, 300.976673, 58.764836
22858.043, 301.011374, 58.797896
23670.433, 301.112041, 58.888638
31780.949, 301.134944, 58.911690
2006.630, 301.062826, 58.845345
97930.841, 301.202000, 58.976460
49803.310, 300.929097, 58.730913
4767.943, 300.918137, 58.719289
11906.294, 301.124897, 58.906189
17990.210, 300.876506, 58.682817
17831.370, 300.957159, 58.757244
43399.335, 301.210151, 58.986875
11856.910, 301.050319, 58.842017
57359.431, 301.167232, 58.949614
37195.262, 301.253410, 59.025528
17181.259, 301.056607, 58.849888
17536.543, 301.135960, 58.921518
3605.293, 300.879615, 58.689433
6455.125, 301.268965, 59.038950
2769.954, 300.974162, 58.776017
3178.523, 300.976877, 58.778556
13157.102, 300.981854, 58.786293
60281.161, 301.170871, 58.959005
156326.576, 300.902756, 58.724348
20876.934, 301.065421, 58.864954
7493.749, 300.877975, 58.693998
3563.655, 301.023616, 58.825988
69903.332, 301.241718, 59.024524
4389.164, 300.942769, 58.754453
25778.958, 301.011616, 58.820078
1991.661, 300.915609, 58.730420
27724.050, 300.875594, 58.697633
50863.991, 301.152589, 58.947875
6028.199, 300.890515, 58.709799
17955.209, 300.864057, 58.688804
5554.530, 300.924903, 58.744400
15602.415, 300.940840, 58.759565
3223.640, 300.990182, 58.802752
19285.829, 301.108040, 58.910437
4797.889, 301.191865, 58.984776
9086.338, 300.856979, 58.684287
63698.777, 300.862149, 58.694642
22060.723, 301.087420, 58.894619
8877.853, 301.245934, 59.036224
3202.117, 301.035652, 58.847962
7558.789, 300.902986, 58.730126
13577.674, 300.944739, 58.769733
17389.645, 300.972933, 58.796783
4322.047, 301.008305, 58.829576
18716.373, 300.986197, 58.811773
56538.633, 301.110097, 58.926515
113968.393, 300.868287, 58.712108
154243.778, 301.069509, 58.896478
3557.360, 301.183542, 58.988075
2745.506, 300.880842, 58.716524
6004.173, 300.944223, 58.774421
9607.930, 301.012011, 58.835687
28828.033, 300.887527, 58.726267
13457.509, 300.987899, 58.816175
3190.149, 301.181551, 58.990114
62063.932, 300.877309, 58.723961
3218.642, 300.921298, 58.757244
26403.479, 301.045340, 58.872575
142721.654, 300.899876, 58.748226
3158.729, 300.845055, 58.692275
20203.378, 300.939275, 58.780097
2753.960, 300.872356, 58.718987
6764.767, 300.924706, 58.767437
2375.924, 300.956040, 58.795079
50398.108, 300.943025, 58.788004
45575.626, 301.104825, 58.934218
9902.003, 300.880384, 58.729636
3201.693, 300.974048, 58.814689
24094.927, 301.112906, 58.941282
31076.367, 300.995438, 58.840287
64899.227, 301.167056, 58.994615
12678.987, 301.048306, 58.887157
41490.503, 300.880904, 58.741677
2367.904, 300.925997, 58.776860
6401.061, 300.989435, 58.835335
2016.047, 300.914597, 58.767604
2012.469, 301.175065, 59.001396
63387.562, 301.016078, 58.865096
6703.851, 300.874995, 58.734575
7104.138, 300.969825, 58.820263
25954.408, 301.075519, 58.917038
2793.998, 300.899376, 58.756519
3212.470, 301.053868, 58.896493
11643.095, 300.858386, 58.721920
3944.299, 300.890123, 58.750064
5189.826, 300.910855, 58.769497
15552.129, 301.107191, 58.947989
8763.752, 301.115039, 58.955623
78993.060, 300.886063, 58.754955
19470.138, 301.034905, 58.885777
2758.461, 301.131183, 58.969796
3944.875, 300.975184, 58.831002
155877.610, 301.137589, 58.982163
6777.562, 300.845665, 58.716514
3609.544, 300.934151, 58.796905
2767.917, 301.041945, 58.893386
3202.111, 300.862634, 58.733550
32777.215, 300.814670, 58.694088
8745.841, 300.920668, 58.787597
371051.398, 300.858799, 58.741266
41382.431, 300.969442, 58.834727
7554.290, 301.126400, 58.973266
33945.274, 300.831952, 58.712494
9166.714, 300.905786, 58.778200
121371.247, 301.026232, 58.890781
13589.972, 301.068251, 58.923515
11409.704, 301.189116, 59.032178
5918.139, 300.918285, 58.790852
5637.846, 301.181040, 59.026367
31141.885, 300.955237, 58.827803
2367.429, 300.963548, 58.831904
11496.019, 300.898752, 58.775728
59106.412, 300.999864, 58.871739
11909.365, 300.880551, 58.760907
16242.716, 300.949926, 58.823609
141010.532, 300.802150, 58.697056
9183.316, 300.847763, 58.731186
22361.413, 300.819724, 58.709015
2804.082, 301.076989, 58.938129
7843.383, 300.833844, 58.720414
16890.927, 300.865198, 58.751134
2442.513, 301.013990, 58.882036
11547.129, 301.061971, 58.926277
25035.825, 301.140969, 58.998487
4723.495, 300.978779, 58.852470
8797.524, 301.045608, 58.914003
8391.549, 301.097279, 58.960417
1342389.500, 300.811929, 58.724198
2741.196, 300.880724, 58.766032
1967.186, 300.888219, 58.773335
18835.144, 300.960183, 58.840166
21020.781, 300.952519, 58.837649
33537.481, 301.108569, 58.984310
1929.200, 300.998757, 58.881281
9921.635, 301.002659, 58.885971
1976.994, 301.084048, 58.957236
5491.965, 301.169067, 59.033976
8307.803, 300.844209, 58.743206
110321.571, 300.862502, 58.766430
24913.090, 301.065885, 58.947613
17003.106, 300.922343, 58.819317
139550.247, 301.022819, 58.914241
2414.751, 301.095642, 58.972963
3176.468, 300.892009, 58.790724
2418.117, 300.910138, 58.807360
1951.353, 300.940860, 58.835492
2422.496, 300.838160, 58.742850
27329.105, 300.790877, 58.703496
5196.326, 301.126167, 59.002702
2785.468, 300.893099, 58.794100
4031.196, 300.928038, 58.826083
32145.396, 301.111813, 58.995054
2824.487, 300.799263, 58.711696
11800.136, 300.987831, 58.884428
35562.259, 301.046706, 58.943070
111411.271, 301.132201, 59.022163
11519.014, 300.845823, 58.760637
3217.525, 300.975737, 58.877145
61998.832, 300.983642, 58.889221
3199.450, 300.894249, 58.805513
57079.136, 300.915932, 58.830436
5240.661, 300.960386, 58.867080
49079.142, 301.119810, 59.013059
9885.278, 300.858901, 58.777686
31354.255, 300.816255, 58.739742
17142.224, 300.988892, 58.895491
74267.339, 300.778772, 58.709672
19702.878, 300.774196, 58.704727
96389.515, 300.936341, 58.858089
3504.079, 300.950762, 58.861819
5208.217, 300.961643, 58.872391
2009.285, 300.836914, 58.759647
3267.505, 300.845610, 58.768892
11088.783, 300.907492, 58.826098
8301.525, 301.173705, 59.064770
4390.676, 300.934936, 58.853083
2750.877, 300.781164, 58.714529
15326.829, 300.821080, 58.752384
11155.045, 300.906274, 58.829865
84716.064, 300.777849, 58.721462
7545.090, 300.853142, 58.781623
612765.521, 300.820308, 58.765452
3586.300, 300.898001, 58.823012
9163.814, 301.026804, 58.940119
30266.060, 301.101021, 59.008580
21022.116, 301.141493, 59.043652
18712.823, 300.975381, 58.896130
9845.823, 300.834641, 58.768813
2409.685, 300.920219, 58.845167
102974.601, 300.837666, 58.778957
24163.514, 301.074654, 58.986524
19792.050, 301.063220, 58.977883
13934.627, 301.067331, 58.982368
18422.292, 300.902033, 58.835861
4340.297, 300.767168, 58.713593
4401.340, 300.866623, 58.803756
1981.734, 301.154177, 59.062156
9141.925, 300.787435, 58.736215
3148.868, 300.852235, 58.792172
4449.663, 300.800224, 58.746027
5488.054, 301.040219, 58.963883
34740.021, 301.139094, 59.054468
12683.631, 300.765828, 58.718013
19737.224, 300.910762, 58.850002
65885.584, 300.925302, 58.867997
2380.649, 301.079993, 58.999845
7111.149, 300.873019, 58.818769
2876.059, 300.921893, 58.861921
18898.567, 300.986356, 58.923542
29207.185, 300.968782, 58.908234
16529.259, 301.014114, 58.948343
6345.003, 300.791153, 58.747037
27661.516, 300.884127, 58.832699
17920.700, 301.041103, 58.975294
56928.483, 301.060114, 58.993277
17291.932, 300.776433, 58.736963
62051.636, 300.797539, 58.757147
13426.925, 301.151086, 59.071456
3580.607, 300.805930, 58.762217
65092.619, 300.818212, 58.782557
10268.076, 300.838639, 58.795898
3148.916, 300.782242, 58.744651
3912.779, 300.785840, 58.748302
18353.368, 301.138935, 59.068352
12236.103, 300.801330, 58.766820
2014.416, 300.847512, 58.805611
3223.299, 300.900913, 58.854188
2380.478, 300.761000, 58.728872
6018.189, 301.024976, 58.968762
26659.844, 300.759193, 58.733835
297293.360, 300.739487, 58.724305
7508.005, 300.784673, 58.754133
7949.652, 300.776561, 58.747278
20587.905, 300.874591, 58.836931
30387.936, 300.980524, 58.934222
46839.175, 300.804692, 58.776712
9115.198, 300.834854, 58.802254
102520.134, 301.022970, 58.975422
35020.634, 301.130678, 59.070356
5525.755, 300.842175, 58.809422
25662.426, 301.090169, 59.035185
22933.359, 300.776415, 58.751737
19001.834, 300.837023, 58.807159
13860.453, 300.939986, 58.900811
12826.799, 301.004041, 58.959296
46684.853, 300.823028, 58.798384
3593.209, 300.829732, 58.800471
25258.281, 300.763092, 58.743132
16967.120, 300.881950, 58.851744
2529.455, 300.973925, 58.931538
4024.067, 301.066495, 59.015706
3194.354, 300.784837, 58.763258
5514.851, 300.796597, 58.774862
31407.560, 301.077153, 59.029004
18580.331, 301.110417, 59.058606
11540.236, 300.748649, 58.735111
60037.526, 300.847540, 58.827648
26187.453, 300.974408, 58.940271
4359.908, 300.838477, 58.815933
3996.630, 300.765513, 58.751450
3603.674, 300.841757, 58.820944
7544.062, 300.961998, 58.930126
34281.220, 300.928099, 58.905473
4383.750, 300.798170, 58.783651
3598.040, 300.990604, 58.958646
11836.626, 300.805496, 58.793303
5044.418, 300.876294, 58.857775
83967.029, 301.020081, 58.991950
76347.801, 300.961392, 58.941536
22192.958, 301.002416, 58.975381
5951.317, 300.946757, 58.923964
3158.617, 300.802897, 58.796430
10682.509, 300.890285, 58.876224
3151.566, 300.902715, 58.887475
3220.368, 300.849615, 58.839502
18275.321, 300.849934, 58.845988
3925.174, 300.741245, 58.742376
68060.156, 300.773965, 58.776663
1992.128, 300.817453, 58.810872
10302.500, 300.830471, 58.824107
84336.732, 300.856616, 58.853152
2385.677, 300.724816, 58.727938
2015.740, 300.808187, 58.803293
8028.634, 300.977795, 58.958396
85426.431, 300.747076, 58.753687
28530.313, 301.092954, 59.065388
2365.554, 300.758823, 58.763005
6347.144, 300.840469, 58.839179
5137.669, 300.784776, 58.787758
13040.913, 300.865318, 58.862508
31477.116, 301.112019, 59.086675
23235.813, 300.888049, 58.886083
248831.355, 301.017900, 59.008757
5124.601, 300.798484, 58.804392
31203.164, 300.785522, 58.796306
2713.920, 300.732611, 58.746806
6743.528, 300.762637, 58.774911
5874.174, 300.819073, 58.825357
10633.794, 300.713987, 58.733714
69921.518, 300.737257, 58.761123
6750.024, 300.830623, 58.841675
13758.950, 300.978214, 58.975123
28085.131, 300.793670, 58.811194
32817.951, 300.920775, 58.926250
3554.503, 300.706951, 58.730119
45463.333, 300.805131, 58.822492
2013.748, 300.893566, 58.898948
18176.744, 301.031596, 59.025449
7057.950, 300.812336, 58.827479
1973.056, 300.774878, 58.793699
30287.160, 301.043666, 59.038814
2881.641, 301.088206, 59.075651
19083.962, 300.755650, 58.779221
41818.621, 300.766061, 58.789836
4789.550, 301.096227, 59.083808
14296.669, 300.719099, 58.746256
29475.090, 300.960711, 58.965653
2356.550, 301.001629, 58.999336
75264.244, 300.744179, 58.775822
291268.821, 300.899863, 58.922184
1960.731, 300.712558, 58.740670
4741.519, 300.823705, 58.842298
3146.043, 300.886926, 58.899036
3572.882, 300.843910, 58.860851
3608.667, 300.742915, 58.770343
41334.153, 301.092175, 59.089179
5213.214, 300.698355, 58.731741
9494.503, 300.754653, 58.784442
13945.285, 300.777841, 58.805921
12582.779, 300.723562, 58.757529
6411.996, 300.773913, 58.802302
68329.735, 300.806761, 58.838025
8698.532, 300.858295, 58.879356
5178.364, 300.875435, 58.895089
2739.079, 301.019262, 59.023499
196088.414, 300.709986, 58.752772
15125.814, 300.731920, 58.768887
52251.764, 300.773542, 58.810982
9138.902, 300.844254, 58.870907
11624.070, 301.078138, 59.081071
16145.142, 300.752168, 58.788976
7518.712, 300.885820, 58.908590
45236.541, 300.693380, 58.737667
5570.123, 300.704994, 58.746221
33607.952, 300.958762, 58.979228
172033.261, 300.713025, 58.764175
6745.923, 300.856666, 58.886647
17245.758, 300.797104, 58.835552
2000.700, 300.842147, 58.875271
2361.444, 300.887641, 58.916921
13824.304, 300.862562, 58.896570
54110.206, 300.832043, 58.874081
16014.157, 301.032580, 59.052676
42554.497, 300.743075, 58.793865
2817.881, 300.679814, 58.733839
14235.405, 300.843443, 58.884360
45057.994, 300.954060, 58.985818
9049.178, 300.684806, 58.740764
33565.863, 301.042560, 59.065550
2398.207, 300.764920, 58.813017
6758.630, 300.775075, 58.823124
26919.188, 300.794930, 58.843034
7942.607, 300.746496, 58.799118
25215.616, 300.805626, 58.854449
10830.011, 300.835954, 58.880983
24752.332, 300.841010, 58.892057
60890.477, 301.017760, 59.053317
37775.860, 301.053083, 59.086210
2006.542, 300.767340, 58.825965
23534.040, 300.887030, 58.938588
5643.807, 300.958436, 59.000837
5681.258, 301.042546, 59.076600
8289.368, 300.715924, 58.785142
30508.899, 300.741640, 58.813876
3204.355, 300.754783, 58.819016
8327.800, 300.819814, 58.878184
19472.183, 300.764163, 58.830575
31782.408, 300.717603, 58.789958
2778.555, 300.783767, 58.848331
2407.432, 300.738366, 58.807784
4463.707, 300.670802, 58.746787
40521.949, 300.663175, 58.743754
58751.762, 300.829701, 58.896416
15358.773, 300.691848, 58.769398
48239.912, 300.926291, 58.984989
2427.115, 300.956976, 59.008937
3203.071, 300.840377, 58.904939
35967.388, 300.948319, 59.005180
24538.518, 301.047990, 59.093719
6324.144, 300.769003, 58.842953
3607.190, 300.717889, 58.797966
66204.511, 300.845313, 58.918179
2028.383, 300.753444, 58.831794
5539.901, 300.687701, 58.773694
3155.677, 300.754412, 58.834430
3586.681, 300.744136, 58.827424
2805.145, 300.813232, 58.889262
8457.266, 300.984425, 59.043911
17084.128, 300.884682, 58.956411
15273.407, 300.970104, 59.033180
45871.106, 300.914065, 58.987423
9999.596, 300.923044, 58.995923
6900.514, 301.018330, 59.080420
22259.862, 300.663848, 58.763033
25858.638, 300.767966, 58.858958
31569.582, 300.959112, 59.030285
3976.127, 300.781307, 58.868150
9475.860, 300.684037, 58.781644
2783.450, 300.672823, 58.770953
4017.630, 300.711896, 58.807471
20332.543, 300.774573, 58.867062
42413.170, 300.962147, 59.036847
11584.275, 301.023730, 59.090002
19143.021, 300.638295, 58.744555
123220.247, 300.715027, 58.822496
7108.714, 300.664974, 58.768449
20119.182, 301.035626, 59.104147
16002.779, 301.026002, 59.097770
61549.435, 300.866341, 58.959926
6778.812, 300.751111, 58.851126
5935.400, 300.641790, 58.753077
17843.165, 300.939478, 59.023858
316345.166, 300.955507, 59.045094
83206.393, 300.993790, 59.075343
2774.874, 300.764298, 58.864122
42026.515, 300.726783, 58.836932
1974.763, 300.796257, 58.895614
5169.478, 300.757473, 58.862096
6726.708, 300.670620, 58.783736
60442.843, 300.871580, 58.969836
6045.498, 300.907749, 58.998510
1998.681, 300.775729, 58.879373
9162.141, 300.780311, 58.885387
25448.983, 300.767902, 58.876970
9092.016, 300.732120, 58.843297
36907.222, 300.798007, 58.904630
17753.660, 300.939863, 59.031486
3504.666, 300.717900, 58.829994
15345.085, 300.747679, 58.860005
29812.461, 300.804919, 58.912328
83795.223, 300.631019, 58.757479
158205.405, 300.653750, 58.785154
19181.085, 300.883936, 58.984061
43534.430, 300.896156, 58.997330
25363.211, 300.891486, 58.992342
49110.549, 300.774449, 58.890314
57845.608, 300.617202, 58.747094
46171.222, 300.665505, 58.794532
5566.312, 300.687659, 58.809044
155631.084, 300.749961, 58.872319
8618.094, 300.646469, 58.773368
27752.653, 300.746825, 58.865306
3558.473, 300.768352, 58.882416
20386.434, 300.883981, 58.988611
51380.445, 300.674316, 58.804347
3168.568, 300.868035, 58.976564
19241.969, 300.907365, 59.015379
7181.332, 300.658569, 58.791100
21612.341, 300.973647, 59.077027
41117.911, 300.615138, 58.754616
20778.652, 300.828969, 58.947980
5927.993, 300.735215, 58.863662
31686.018, 300.704644, 58.840252
24388.264, 300.863726, 58.981614
2380.692, 300.938370, 59.046377
2404.676, 300.716939, 58.847098
3950.630, 300.764881, 58.890846
2425.759, 300.803897, 58.927588
135019.864, 300.751393, 58.891091
42715.280, 300.880809, 59.002113
29739.065, 300.626963, 58.773176
2428.360, 301.007490, 59.112921
35246.013, 300.964083, 59.077801
36003.397, 300.663145, 58.807544
29943.056, 300.610752, 58.760032
62062.271, 300.937141, 59.057912
14699.177, 300.606775, 58.756252
3175.334, 300.633353, 58.778810
13404.525, 300.685581, 58.828416
3982.662, 300.736987, 58.873949
2383.637, 300.793289, 58.923865
104595.440, 300.641146, 58.792445
9904.451, 300.714088, 58.857927
2393.023, 300.720777, 58.861502
170862.133, 300.813454, 58.954234
6808.751, 300.770427, 58.908868
70689.312, 300.828307, 58.964902
2777.760, 300.610794, 58.763612
14158.260, 300.992073, 59.109099
39014.507, 300.885971, 59.016919
15737.626, 300.997397, 59.115165
7780.410, 300.867686, 58.999042
5537.771, 300.598493, 58.755600
1928.500, 300.613695, 58.769539
3135.357, 300.658945, 58.812366
81878.214, 300.673649, 58.830695
95262.719, 300.923823, 59.058270
2376.258, 300.727530, 58.874901
20248.112, 300.619345, 58.779355
3593.680, 300.694295, 58.845394
9030.224, 300.715167, 58.868295
3554.504, 300.651778, 58.809588
19739.518, 300.735620, 58.886673
2771.100, 300.805314, 58.948554
58477.275, 300.837660, 58.982844
46289.487, 300.686648, 58.850685
13532.152, 300.627390, 58.792298
8437.818, 300.703227, 58.860748
10286.334, 300.761604, 58.914256
6339.916, 300.908080, 59.046990
128307.173, 300.600399, 58.776768
8319.107, 300.648375, 58.812955
4389.799, 300.659050, 58.822048
196350.342, 300.850570, 59.004997
49174.736, 300.736041, 58.896939
2416.796, 300.716689, 58.875863
6753.388, 300.707820, 58.870575
3608.197, 300.636502, 58.804999
5572.098, 300.886920, 59.031518
77911.069, 300.726471, 58.891486
2777.212, 300.747435, 58.906267
2022.778, 300.599498, 58.772277
118895.182, 300.635776, 58.812724
10693.182, 300.694033, 58.862766
17721.826, 300.837577, 58.992682
6045.135, 300.611265, 58.788317
5566.318, 300.718962, 58.885703
12353.253, 300.775856, 58.938698
2410.239, 300.958740, 59.102188
1992.414, 300.876611, 59.029716
2045.079, 300.605800, 58.784748
5136.635, 300.660793, 58.835295
13933.452, 300.671431, 58.847409
21200.499, 300.789461, 58.953302
10446.750, 300.800346, 58.963811
22593.809, 300.649497, 58.829839
2016.943, 300.677411, 58.853413
42845.354, 300.606919, 58.793633
7844.410, 300.593834, 58.781047
3569.648, 300.919685, 59.074965
9092.398, 300.635190, 58.820728
7578.291, 300.620168, 58.806685
5182.075, 300.771655, 58.945363
4787.194, 300.806930, 58.977264
2496.248, 300.936496, 59.092857
18206.315, 300.685267, 58.869035
36192.597, 300.780150, 58.956532
3973.157, 300.711398, 58.892473
2002.883, 300.760409, 58.940527
18248.083, 300.823547, 58.999646
14349.941, 300.883482, 59.053500
4442.403, 300.916938, 59.081538
2473.841, 300.942424, 59.104047
4772.805, 300.565820, 58.764281
16153.911, 300.617204, 58.813008
1986.824, 300.623116, 58.816919
3577.140, 300.604236, 58.800162
7157.274, 300.726680, 58.912500
36507.803, 300.825994, 59.004999
17153.978, 300.862580, 59.037772
16687.671, 300.942550, 59.109193
3962.514, 300.843107, 59.018802
40157.464, 300.682206, 58.877961
25626.788, 300.714764, 58.906202
15445.708, 300.674332, 58.871391
19038.385, 300.563821, 58.769172
14241.022, 300.663623, 58.861449
6807.475, 300.896503, 59.069477
15988.741, 300.909170, 59.082696
68674.771, 300.802314, 58.993309
62432.481, 300.888477, 59.070431
49150.641, 300.794360, 58.987318
5218.055, 300.631466, 58.836155
23585.219, 300.743330, 58.939551
59438.305, 300.829507, 59.020672
36128.377, 300.642003, 58.850618
6302.135, 300.712831, 58.912666
22549.463, 300.679689, 58.888171
4787.071, 300.579310, 58.792793
41877.459, 300.730815, 58.934329
40375.131, 300.764175, 58.965738
34263.319, 300.692621, 58.902452
3971.505, 300.722086, 58.926862
12882.521, 300.772528, 58.974142
6728.383, 300.704014, 58.912145
16653.642, 300.639910, 58.855251
39709.323, 300.666504, 58.881161
11523.261, 300.648134, 58.863779
1990.776, 300.559773, 58.783458
10706.784, 300.611526, 58.832931
2040.806, 300.595084, 58.817600
13156.572, 300.601121, 58.825027
23576.032, 300.649914, 58.870599
2359.766, 300.746075, 58.954973
22835.732, 300.654940, 58.876257
20437.738, 300.791158, 58.998940
10325.716, 300.847362, 59.048333
2784.721, 300.734458, 58.947389
4408.930, 300.814873, 59.020095
53337.733, 300.880737, 59.084279
52685.209, 300.678137, 58.901876
9915.832, 300.576612, 58.807968
5149.422, 300.816318, 59.024020
29792.109, 300.738645, 58.958575
33270.896, 300.817631, 59.029735
33619.582, 300.824412, 59.036884
28321.740, 300.536379, 58.777855
6770.894, 300.715304, 58.937347
19703.767, 300.775314, 58.995380
1969.967, 300.793364, 59.009682
13927.574, 300.544203, 58.785268
8019.406, 300.756613, 58.978557
14886.924, 300.806302, 59.023454
6754.594, 300.582892, 58.821199
3605.548, 300.670230, 58.899942
3547.381, 300.648649, 58.881276
149087.852, 300.653117, 58.891883
27536.851, 300.894895, 59.106416
40909.442, 300.682804, 58.918583
9507.848, 300.555634, 58.801037
5123.547, 300.709744, 58.939877
12718.837, 300.535026, 58.786908
50441.817, 300.737815, 58.971242
30669.181, 300.572603, 58.821558
2750.126, 300.630982, 58.871662
4815.415, 300.661678, 58.901111
2776.975, 300.688433, 58.925108
138945.959, 300.905038, 59.126549
5531.742, 300.690517, 58.928153
15814.798, 300.597633, 58.846353
113261.067, 300.608361, 58.866939
16738.119, 300.850845, 59.076482
5946.254, 300.566958, 58.819163
3177.297, 300.588485, 58.838319
3229.924, 300.888557, 59.109761
385679.885, 300.628021, 58.886667
7567.616, 300.556773, 58.811955
2806.549, 300.669845, 58.913768
2366.998, 300.763990, 58.999695
9150.083, 300.793791, 59.026636
8065.901, 300.910038, 59.131428
15041.569, 300.704550, 58.950699
55248.832, 300.598995, 58.856708
6303.522, 300.648499, 58.898336
18252.111, 300.717544, 58.962905
10489.873, 300.885433, 59.113147
8691.502, 300.680254, 58.930562
34629.171, 300.801850, 59.044290
5187.896, 300.524340, 58.788802
6388.887, 300.582669, 58.842445
7125.656, 300.639070, 58.895608
141406.600, 300.667573, 58.927800
7617.207, 300.599871, 58.861119
2008.953, 300.511859, 58.782251
89155.098, 300.847251, 59.093802
4067.434, 300.878890, 59.115629
20833.250, 300.520878, 58.794169
7575.408, 300.660445, 58.920601
7568.378, 300.803061, 59.049463
29889.824, 300.528029, 58.803164
3634.724, 300.844078, 59.086499
10705.937, 300.587461, 58.859539
15358.270, 300.628922, 58.898930
2768.795, 300.758118, 59.013759
3520.246, 300.704978, 58.966608
3651.749, 300.507111, 58.786531
14400.748, 300.800743, 59.054714
10160.603, 300.890326, 59.135148
2009.821, 300.554018, 58.830509
3597.053, 300.739099, 58.999166
7532.831, 300.508648, 58.790606
6334.821, 300.613785, 58.886999
2381.561, 300.817507, 59.070121
4836.841, 300.540368, 58.823886
6307.315, 300.586305, 58.866045
37660.865, 300.623004, 58.902583
5196.784, 300.700591, 58.970345
4295.897, 300.859453, 59.113150
31546.672, 300.563182, 58.851367
26387.165, 300.616977, 58.896988
19311.293, 300.810409, 59.071946
15724.744, 300.783096, 59.047267
5176.125, 300.703971, 58.976053
1991.007, 300.859288, 59.116023
52667.334, 300.892672, 59.151003
1961.635, 300.588587, 58.872525
25573.213, 300.543992, 58.837208
27585.868, 300.534049, 58.827700
48558.297, 300.790130, 59.063143
3898.026, 300.503008, 58.798392
3973.955, 300.640420, 58.924875
15302.063, 300.871828, 59.134410
10789.789, 300.660272, 58.943815
65438.110, 300.659643, 58.952389
3582.577, 300.554528, 58.847582
22561.557, 300.739967, 59.018328
4388.879, 300.835277, 59.102531
12973.336, 300.631996, 58.921237
68054.106, 300.540472, 58.848247
2752.593, 300.617888, 58.909065
16217.286, 300.481274, 58.787381
100092.169, 300.579588, 58.881101
15441.367, 300.666732, 58.955903
16064.045, 300.675132, 58.964136
1979.163, 300.526452, 58.827895
16809.422, 300.827744, 59.103752
5554.186, 300.618149, 58.912442
21896.188, 300.813366, 59.091206
19675.424, 300.883787, 59.154711
2000.317, 300.808855, 59.085635
2776.681, 300.631233, 58.926039
17223.362, 300.745373, 59.032930
76562.388, 300.491700, 58.806691
5566.556, 300.621724, 58.921181
30660.169, 300.777396, 59.064286
24066.719, 300.509670, 58.822818
2432.192, 300.666370, 58.962588
10794.394, 300.693200, 58.987188
326447.611, 300.704105, 59.009987
6383.567, 300.730450, 59.021372
27763.685, 300.479512, 58.795141
9942.554, 300.695079, 58.992085
9195.999, 300.874154, 59.152270
21076.477, 300.613331, 58.918340
6702.678, 300.788467, 59.077381
15038.751, 300.521367, 58.839026
18161.654, 300.742394, 59.038346
46283.486, 300.807862, 59.099955
32257.089, 300.635501, 58.942756
25970.183, 300.654511, 58.962246
13995.900, 300.771653, 59.067905
5579.873, 300.863510, 59.149499
15489.241, 300.543905, 58.863482
24231.233, 300.711151, 59.017297
10896.667, 300.716724, 59.022536
23088.485, 300.662377, 58.976358
9458.069, 300.463016, 58.794028
3619.952, 300.509084, 58.834151
10630.763, 300.558164, 58.879594
4870.213, 300.846050, 59.139304
3200.751, 300.468341, 58.797329
18772.051, 300.583849, 58.906836
2446.616, 300.472749, 58.803192
3598.328, 300.487654, 58.817139
58327.589, 300.558197, 58.885682
19015.984, 300.619090, 58.938538
3979.924, 300.729251, 59.037393
63925.119, 300.489407, 58.826466
25169.053, 300.611521, 58.935877
17488.725, 300.638454, 58.959714
3230.653, 300.514022, 58.845444
40480.086, 300.740118, 59.054833
30975.222, 300.774637, 59.084366
2435.499, 300.852642, 59.151487
3163.869, 300.539183, 58.868996
50336.319, 300.623691, 58.953209
10504.259, 300.660729, 58.981138
19394.958, 300.827458, 59.132119
20554.030, 300.504986, 58.840638
7948.714, 300.460431, 58.799284
12720.538, 300.514192, 58.850605
46525.957, 300.718441, 59.038860
12432.792, 300.724599, 59.042747
10184.301, 300.470310, 58.811829
2008.187, 300.576259, 58.906980
38807.228, 300.765505, 59.081777
35076.891, 300.813043, 59.124967
4023.010, 300.544441, 58.879905
71568.840, 300.449596, 58.800227
35111.207, 300.637371, 58.968188
18121.590, 300.600790, 58.935461
19764.866, 300.557284, 58.895652
2766.538, 300.837569, 59.147362
2773.582, 300.494062, 58.837346
2424.821, 300.570412, 58.907303
5173.025, 300.845537, 59.157887
5127.306, 300.473811, 58.822308
9620.245, 300.484310, 58.831638
3568.877, 300.750862, 59.073575
2783.132, 300.835142, 59.149986
5980.383, 300.526611, 58.873913
24522.221, 300.810933, 59.134660
44788.422, 300.586066, 58.935603
50775.485, 300.708360, 59.046959
13828.653, 300.507613, 58.864033
4386.339, 300.619114, 58.963553
34326.579, 300.639482, 58.984636
3954.265, 300.591540, 58.939194
6386.937, 300.519466, 58.874343
8263.311, 300.560398, 58.912094
13072.363, 300.538508, 58.894016
6371.913, 300.441782, 58.804523
42257.239, 300.734025, 59.074453
32913.275, 300.447983, 58.815239
23505.706, 300.466922, 58.831773
6364.373, 300.509400, 58.867782
28434.282, 300.655154, 59.003672
8290.879, 300.435683, 58.803019
4754.447, 300.458251, 58.822298
9222.928, 300.461944, 58.827765
31158.301, 300.506695, 58.871350
2402.260, 300.520624, 58.880970
26236.465, 300.672918, 59.021569
3170.947, 300.686899, 59.034975
14074.335, 300.710527, 59.058314
3179.407, 300.482444, 58.849796
6299.952, 300.521447, 58.886180
7913.370, 300.704967, 59.054315
2004.197, 300.833105, 59.167364
92581.886, 300.767854, 59.115369
3973.448, 300.686282, 59.037772
8881.846, 300.714675, 59.063977
38141.856, 300.527848, 58.898255
2362.987, 300.545063, 58.909780
18767.814, 300.584612, 58.948095
13214.800, 300.664846, 59.020556
26328.398, 300.688574, 59.042489
3223.108, 300.505416, 58.875160
15196.185, 300.653780, 59.013254
28000.730, 300.799464, 59.145990
17753.528, 300.490999, 58.866394
10776.515, 300.547356, 58.917142
3175.208, 300.623108, 58.987063
5113.348, 300.424167, 58.806914
9211.024, 300.711588, 59.071165
47616.158, 300.734741, 59.094880
6381.306, 300.437760, 58.822144
9500.478, 300.581802, 58.955595
50484.238, 300.776934, 59.133816
28678.405, 300.818322, 59.171730
47755.717, 300.478560, 58.866876
16088.093, 300.515937, 58.900304
43330.629, 300.749924, 59.113217
2782.109, 300.493297, 58.877573
8013.602, 300.592992, 58.968873
10626.550, 300.597293, 58.974965
2396.031, 300.420400, 58.811653
5975.827, 300.428840, 58.819888
10183.636, 300.453871, 58.843738
39035.009, 300.464139, 58.855561
15116.717, 300.430052, 58.823275
13088.808, 300.555556, 58.937500
18259.590, 300.585133, 58.964358
37153.904, 300.605568, 58.985285
74564.303, 300.631542, 59.013073
4796.788, 300.543188, 58.927479
6406.299, 300.785187, 59.146510
31190.477, 300.563373, 58.949252
8771.914, 300.621564, 59.000297
2370.415, 300.574849, 58.957592
33513.166, 300.489351, 58.885048
6274.798, 300.444168, 58.842032
2396.019, 300.621551, 59.002853
2798.884, 300.425924, 58.825825
17649.000, 300.448613, 58.851165
7462.574, 300.538398, 58.929594
3993.878, 300.673777, 59.051942
3950.015, 300.791398, 59.158519
6755.245, 300.431264, 58.833923
12069.678, 300.496418, 58.893757
2730.491, 300.502088, 58.898527
10354.957, 300.667078, 59.050083
21766.043, 300.711573, 59.090946
15069.479, 300.539821, 58.936711
34219.728, 300.616561, 59.008361
63670.573, 300.643300, 59.034979
65042.353, 300.722041, 59.106989
5218.882, 300.454358, 58.861087
71581.804, 300.521185, 58.928402
3240.285, 300.426605, 58.836759
5063.601, 300.528629, 58.931217
3562.238, 300.795278, 59.171640
4342.954, 300.447663, 58.857985
3319.971, 300.745401, 59.128393
5547.259, 300.562940, 58.964227
406488.414, 300.579726, 58.991876
4367.547, 300.634155, 59.029393
31543.513, 300.398213, 58.818383
134221.637, 300.455660, 58.875210
4771.005, 300.477364, 58.889146
3909.171, 300.505586, 58.915169
8845.430, 300.752396, 59.139220
27322.663, 300.764570, 59.153019
37180.235, 300.642368, 59.044999
31167.191, 300.695454, 59.092167
13507.103, 300.411970, 58.833169
22263.720, 300.649304, 59.052383
10389.736, 300.783990, 59.172305
22082.199, 300.477734, 58.896938
2852.190, 300.511404, 58.926701
4853.063, 300.518786, 58.935672
27193.878, 300.544284, 58.961048
3664.422, 300.739417, 59.136816
4738.192, 300.603993, 59.014982
19431.743, 300.628696, 59.039905
3169.854, 300.520677, 58.940737
36049.963, 300.698362, 59.107494
15111.833, 300.725698, 59.129846
9109.714, 300.433184, 58.863470
12394.583, 300.387758, 58.823069
28392.490, 300.686041, 59.096959
53081.116, 300.736984, 59.144284
2823.041, 300.463335, 58.892177
9173.398, 300.514564, 58.941102
5540.178, 300.572940, 58.995735
3187.077, 300.424407, 58.860464
23757.737, 300.503890, 58.937032
1979.435, 300.565066, 58.989043
2072.105, 300.567626, 58.992211
3604.625, 300.386276, 58.827295
23009.026, 300.376156, 58.821082
10052.027, 300.459558, 58.897072
2405.319, 300.539255, 58.968610
16204.093, 300.421370, 58.865103
23521.004, 300.676246, 59.097954
25839.682, 300.720380, 59.137743
91280.865, 300.596732, 59.031698
3961.450, 300.409761, 58.856395
10776.746, 300.591105, 59.023812
51144.637, 300.628077, 59.058665
28111.504, 300.432645, 58.880803
31824.829, 300.644944, 59.075391
22552.268, 300.727117, 59.149197
3980.619, 300.519972, 58.959614
77098.524, 300.563296, 59.002941
2043.503, 300.668532, 59.095301
43605.425, 300.395256, 58.850263
10356.167, 300.708808, 59.133749
20795.551, 300.614592, 59.050199
7682.462, 300.436013, 58.887026
3237.995, 300.522284, 58.964986
11860.814, 300.473920, 58.923167
2788.481, 300.652014, 59.084207
4397.655, 300.668613, 59.099583
25621.074, 300.742842, 59.169693
4389.882, 300.411658, 58.869211
2762.246, 300.439705, 58.893828
43154.630, 300.478777, 58.934802
61248.358, 300.523929, 58.975611
31196.480, 300.652773, 59.091067
3537.670, 300.629845, 59.067877
6688.373, 300.446077, 58.902126
7049.178, 300.571627, 59.018295
2017.257, 300.736481, 59.165456
12407.081, 300.712909, 59.146873
2336.872, 300.557941, 59.008117
16208.186, 300.587902, 59.039255
3211.030, 300.362778, 58.831764
15386.036, 300.384410, 58.855776
10720.699, 300.399747, 58.866468
14480.998, 300.491437, 58.950884
12357.911, 300.616865, 59.065835
17693.367, 300.732066, 59.169341
27687.708, 300.452935, 58.918674
3150.671, 300.499571, 58.958409
6711.277, 300.651213, 59.097342
85610.316, 300.417632, 58.889092
25684.950, 300.672902, 59.119234
6357.439, 300.437999, 58.905719
1977.689, 300.372895, 58.844872
44220.164, 300.516658, 58.980620
50216.640, 300.709476, 59.155308
3553.980, 300.367345, 58.841697
6719.256, 300.596835, 59.051589
9215.570, 300.483499, 58.949431
4732.971, 300.570872, 59.027826
3198.027, 300.349598, 58.826725
36111.359, 300.356952, 58.836774
45610.769, 300.399257, 58.876342
13834.063, 300.410744, 58.884677
5981.940, 300.704310, 59.150550
14203.966, 300.536343, 58.999523
1994.220, 300.425277, 58.897027
54122.234, 300.456448, 58.932588
10316.297, 300.358659, 58.841357
2360.732, 300.384268, 58.861897
5151.028, 300.480955, 58.952201
2728.467, 300.505774, 58.973678
6369.693, 300.527446, 58.994241
4433.724, 300.466579, 58.940753
9511.451, 300.528282, 58.997801
13620.013, 300.662643, 59.120926
22981.529, 300.683713, 59.139444
218049.773, 300.430934, 58.919956
6325.946, 300.613260, 59.074862
57121.905, 300.641854, 59.105856
11847.739, 300.402335, 58.885922
18512.694, 300.378000, 58.865149
7243.415, 300.502262, 58.978623
28243.810, 300.370980, 58.860965
48101.543, 300.440342, 58.928170
4381.657, 300.733303, 59.187952
21978.048, 300.697523, 59.158745
60102.353, 300.475098, 58.960462
12393.715, 300.617746, 59.086551
23427.080, 300.716325, 59.176635
4365.309, 300.341373, 58.834552
2803.978, 300.482169, 58.963981
4350.073, 300.451941, 58.938341
38394.671, 300.463389, 58.953003
4792.737, 300.480469, 58.966095
6784.132, 300.544409, 59.024421
7188.689, 300.609616, 59.083805
4023.006, 300.361510, 58.858044
2744.458, 300.335277, 58.834331
2127.826, 300.675863, 59.144788
7189.882, 300.407901, 58.902793
14258.871, 300.400917, 58.899584
1971.675, 300.517151, 59.004151
2359.087, 300.383755, 58.883596
1982.741, 300.499921, 58.989792
6638.683, 300.711349, 59.182533
61463.365, 300.331355, 58.840961
18770.719, 300.491276, 58.986471
6659.320, 300.403223, 58.904326
38405.349, 300.678234, 59.158216
65771.716, 300.524653, 59.021812
29778.256, 300.348273, 58.859092
105740.252, 300.627971, 59.119199
74806.123, 300.399148, 58.912236
13244.618, 300.573431, 59.064838
13420.672, 300.457238, 58.959800
74715.254, 300.511906, 59.013310
88380.610, 300.385306, 58.897605
4365.914, 300.399700, 58.906804
8037.234, 300.695699, 59.175897
56649.189, 300.348828, 58.866227
29983.203, 300.485890, 58.990240
36970.832, 300.505050, 59.008799
11539.185, 300.367688, 58.881403
12629.348, 300.537519, 59.038190
3220.823, 300.718290, 59.199901
7471.076, 300.375982, 58.891600
76453.413, 300.540637, 59.045920
10042.686, 300.330191, 58.850200
11030.274, 300.359559, 58.877689
2347.640, 300.698496, 59.184089
17500.311, 300.554139, 59.056799
3629.242, 300.603512, 59.100555
7931.227, 300.685947, 59.176777
18069.392, 300.612282, 59.111759
71086.373, 300.344503, 58.873893
53636.630, 300.670009, 59.169134
8791.209, 300.571961, 59.076495
13578.828, 300.693431, 59.187869
10343.952, 300.491538, 59.005391
16064.751, 300.661247, 59.160009
7235.170, 300.359423, 58.885832
18325.623, 300.373282, 58.899093
6751.067, 300.580752, 59.088192
4754.530, 300.526929, 59.039833
2366.877, 300.364720, 58.892390
18476.062, 300.414060, 58.939408
28037.508, 300.326834, 58.864481
36349.001, 300.305006, 58.843486
18290.596, 300.403243, 58.931269
2062.742, 300.609672, 59.118676
26617.916, 300.504376, 59.026280
41349.708, 300.580531, 59.096705
23812.869, 300.588244, 59.102397
27489.065, 300.413038, 58.944329
6748.714, 300.485187, 59.009193
5951.358, 300.379963, 58.913705
64641.828, 300.357603, 58.898520
2751.591, 300.629773, 59.141279
2813.989, 300.619158, 59.132414
3170.834, 300.622899, 59.135774
9121.337, 300.312960, 58.854929
11102.680, 300.457308, 58.987861
12589.162, 300.319647, 58.861871
19141.371, 300.348225, 58.890264
26547.502, 300.467544, 59.002104
6117.275, 300.606294, 59.124305
14933.787, 300.679799, 59.191058
7826.115, 300.391517, 58.930069
16245.011, 300.493897, 59.025693
4321.160, 300.364833, 58.906321
15224.566, 300.635680, 59.153419
53955.284, 300.321253, 58.869718
97072.650, 300.325686, 58.880747
2751.796, 300.556192, 59.082031
13203.161, 300.574410, 59.101647
14588.543, 300.643382, 59.164205
2361.349, 300.336548, 58.883886
32278.782, 300.499988, 59.036566
8345.464, 300.617388, 59.140533
12568.998, 300.346330, 58.895894
14522.002, 300.426197, 58.971577
7997.139, 300.313574, 58.866050
64645.614, 300.432362, 58.983442
7907.448, 300.578183, 59.108948
13013.014, 300.360218, 58.910972
47130.346, 300.527456, 59.068083
7137.008, 300.304166, 58.860234
15220.256, 300.563174, 59.097793
28301.088, 300.626324, 59.155757
26640.086, 300.442745, 58.989733
14656.349, 300.291849, 58.851820
13284.482, 300.566523, 59.102752
44409.321, 300.611659, 59.145488
3209.086, 300.339631, 58.896151
3180.621, 300.366888, 58.921180
1990.362, 300.451438, 58.998151
2776.183, 300.464259, 59.011045
17476.083, 300.675532, 59.205002
37777.305, 300.295878, 58.860512
2760.487, 300.309142, 58.869685
367282.191, 300.304697, 58.874726
4759.193, 300.342572, 58.900717
51900.155, 300.537268, 59.083634
15755.617, 300.599771, 59.136770
2849.126, 300.673598, 59.201713
4390.118, 300.351258, 58.909956
6345.916, 300.392938, 58.948206
2365.159, 300.517071, 59.061237
12183.248, 300.665288, 59.196017
3650.318, 300.535701, 59.079520
110138.120, 300.362929, 58.936650
19416.603, 300.581440, 59.124403
5941.982, 300.479270, 59.030025
6367.572, 300.497783, 59.047435
7287.667, 300.289199, 58.857996
10388.544, 300.510335, 59.062184
7531.171, 300.283411, 58.854093
2417.581, 300.337788, 58.903703
8033.794, 300.555328, 59.103285
4318.340, 300.599967, 59.143167
61903.438, 300.661566, 59.202560
47019.558, 300.558212, 59.109210
18483.763, 300.613984, 59.157666
11442.159, 300.323986, 58.894404
9639.758, 300.434549, 58.995336
11037.492, 300.441130, 59.000964
20411.564, 300.327432, 58.899520
2409.213, 300.516847, 59.069475
2039.398, 300.346184, 58.914972
28191.209, 300.384262, 58.951818
22666.405, 300.359805, 58.931489
74665.951, 300.537188, 59.094582
5947.187, 300.673213, 59.213516
1974.814, 300.335647, 58.906972
3602.606, 300.496772, 59.056732
2359.013, 300.274272, 58.853535
18599.372, 300.305567, 58.886469
15204.591, 300.462992, 59.028773
4738.488, 300.619428, 59.169854
16034.603, 300.396272, 58.968708
17920.616, 300.451827, 59.020310
42408.392, 300.609811, 59.166305
15856.211, 300.477574, 59.043640
2054.799, 300.634708, 59.185547
3561.227, 300.489897, 59.055441
34082.799, 300.285287, 58.871209
92153.254, 300.323440, 58.909382
10620.247, 300.265568, 58.852878
21318.698, 300.407421, 58.984783
73366.184, 300.435612, 59.014289
24342.864, 300.451107, 59.024797
5101.116, 300.414954, 58.990139
3876.994, 300.369177, 58.948617
10006.544, 300.385114, 58.964442
2352.305, 300.295688, 58.882331
17761.515, 300.311626, 58.899228
28837.681, 300.424301, 59.003318
19146.918, 300.477083, 59.050300
34013.568, 300.527682, 59.096447
4434.475, 300.540766, 59.106266
35468.037, 300.652293, 59.212003
2015.579, 300.268186, 58.858422
9124.703, 300.289129, 58.878415
6364.649, 300.468884, 59.042616
22758.774, 300.544941, 59.113620
7142.722, 300.301310, 58.890060
52667.989, 300.255490, 58.854887
2456.627, 300.494629, 59.068304
38155.305, 300.310123, 58.908711
3989.765, 300.337266, 58.926109
86661.134, 300.531075, 59.107684
7069.768, 300.272562, 58.869106
10238.878, 300.279424, 58.875010
5569.427, 300.299215, 58.892814
20500.076, 300.399726, 58.986431
9854.255, 300.261443, 58.859202
3138.285, 300.291688, 58.885767
1998.755, 300.332846, 58.923238
24765.078, 300.592346, 59.162776
4926.682, 300.609730, 59.176186
15948.108, 300.467778, 59.049946
35677.550, 300.633426, 59.201447
7883.380, 300.447078, 59.030674
16273.299, 300.577576, 59.150782
3113.706, 300.306236, 58.901919
36991.508, 300.432334, 59.024102
1957.033, 300.568833, 59.142871
15959.224, 300.598500, 59.171306
3630.410, 300.621734, 59.191759
30030.596, 300.404309, 58.998090
17183.906, 300.280554, 58.885406
2380.526, 300.533255, 59.114211
23181.138, 300.553481, 59.135193
9176.794, 300.289803, 58.894483
2360.798, 300.315888, 58.917360
5096.797, 300.394388, 58.989511
4803.823, 300.253286, 58.861644
43113.321, 300.418686, 59.017166
8844.370, 300.472342, 59.062370
33144.168, 300.331912, 58.935803
19458.466, 300.340043, 58.945132
2894.243, 300.532946, 59.118037
3599.614, 300.557967, 59.141809
3590.955, 300.299340, 58.905940
4069.146, 300.647148, 59.223605
2752.840, 300.268528, 58.878142
2398.115, 300.295230, 58.902313
2044.277, 300.500627, 59.090291
30013.265, 300.506487, 59.098831
26385.599, 300.576267, 59.162291
44472.861, 300.243448, 58.859304
5151.215, 300.255680, 58.867836
2838.160, 300.264908, 58.875866
62223.253, 300.612187, 59.196555
19764.802, 300.331642, 58.942328
1975.049, 300.466339, 59.060632
3650.156, 300.315168, 58.923735
10682.840, 300.273660, 58.887672
32890.110, 300.592141, 59.181079
4339.328, 300.375055, 58.980435
38408.909, 300.298278, 58.913994
21524.406, 300.437235, 59.040601
2721.475, 300.248338, 58.865206
22503.699, 300.544666, 59.140650
2749.121, 300.560824, 59.151974
3164.763, 300.350871, 58.962055
31334.795, 300.574342, 59.167982
1987.174, 300.302760, 58.917653
4266.503, 300.322687, 58.936792
18733.700, 300.528003, 59.125801
2031.133, 300.326058, 58.940253
2795.382, 300.269536, 58.889617
5559.654, 300.287401, 58.906136
24644.395, 300.338835, 58.955604
9952.145, 300.442136, 59.048678
14284.632, 300.579568, 59.174873
7052.827, 300.343463, 58.960190
35970.645, 300.493672, 59.099348
11957.536, 300.535654, 59.135058
2376.394, 300.559054, 59.155278
15797.398, 300.249567, 58.874980
21350.934, 300.286944, 58.911314
8371.806, 300.390311, 59.003296
62423.990, 300.480622, 59.090295
33829.404, 300.317990, 58.940817
3154.070, 300.356411, 58.972728
3572.534, 300.396918, 59.010177
1989.660, 300.474617, 59.079981
17374.368, 300.528534, 59.131535
31571.710, 300.418091, 59.032090
1957.860, 300.545668, 59.145667
2417.248, 300.597045, 59.192162
3958.866, 300.263648, 58.889782
7216.771, 300.401664, 59.017583
28746.389, 300.445183, 59.058935
152742.961, 300.354670, 58.981399
3961.635, 300.345617, 58.967274
8275.809, 300.438472, 59.053006
2416.076, 300.471505, 59.082014
66220.971, 300.269318, 58.903618
53199.704, 300.334879, 58.962311
18968.938, 300.402304, 59.022188
9935.777, 300.564060, 59.168699
16011.335, 300.577980, 59.181647
7196.725, 300.531272, 59.139936
8732.876, 300.231065, 58.865573
3586.858, 300.262052, 58.893509
1986.188, 300.296244, 58.925070
210862.125, 300.478930, 59.100502
11072.372, 300.345828, 58.973132
7525.011, 300.392616, 59.015437
2384.442, 300.367536, 58.993326
5532.735, 300.248291, 58.885185
11107.820, 300.305168, 58.939083
52656.155, 300.321152, 58.956455
3149.146, 300.525039, 59.138534
17902.692, 300.280518, 58.917481
3611.185, 300.417718, 59.042081
2124.600, 300.390474, 59.017963
4003.813, 300.233846, 58.875386
38732.402, 300.605198, 59.217042
5185.698, 300.284998, 58.925201
4353.115, 300.417106, 59.046137
12676.925, 300.265673, 58.910083
2784.969, 300.338013, 58.974919
1979.949, 300.394070, 59.025300
18888.699, 300.574847, 59.191748
7227.448, 300.306419, 58.947600
26680.341, 300.338805, 58.979587
19082.494, 300.354032, 58.993129
5184.501, 300.478821, 59.105767
42347.020, 300.566541, 59.189340
3619.570, 300.297551, 58.941387
170929.926, 300.325146, 58.971977
4749.539, 300.458737, 59.089012
10717.057, 300.397957, 59.034090
5930.993, 300.416646, 59.052298
12639.838, 300.235919, 58.887714
48538.828, 300.355558, 59.001182
30535.162, 300.210910, 58.867491
8311.810, 300.317810, 58.963642
9071.828, 300.509310, 59.138304
23320.407, 300.590608, 59.213125
9968.380, 300.422983, 59.060441
5857.895, 300.279639, 58.929494
16800.537, 300.595826, 59.218918
2383.413, 300.450230, 59.087304
3189.744, 300.213939, 58.870792
35051.776, 300.339445, 58.991261
2805.462, 300.535210, 59.164796
47038.452, 300.392130, 59.039311
10246.675, 300.422598, 59.065408
11214.737, 300.380216, 59.026584
60637.864, 300.602281, 59.231950
126373.411, 300.290102, 58.953523
8356.693, 300.301351, 58.955374
8320.947, 300.374286, 59.022312
4769.856, 300.221567, 58.883132
9541.471, 300.410992, 59.057235
164887.394, 300.480568, 59.131008
45800.439, 300.591229, 59.223359
11516.757, 300.259247, 58.920675
6338.055, 300.563155, 59.196540
66886.392, 300.222491, 58.891522
3989.630, 300.206025, 58.871860
24448.260, 300.323680, 58.984018
12759.183, 300.452375, 59.098789
24113.117, 300.525384, 59.167116
6370.133, 300.544251, 59.181517
21518.855, 300.274024, 58.937911
11171.273, 300.367450, 59.022759
4853.145, 300.372447, 59.025585
7163.070, 300.318736, 58.977320
7890.248, 300.457590, 59.104686
13450.917, 300.376498, 59.032177
2416.542, 300.261967, 58.926466
46075.200, 300.389266, 59.047652
6411.708, 300.560533, 59.199339
2380.063, 300.341757, 59.001503
2390.135, 300.495453, 59.142519
20766.742, 300.550960, 59.195492
18826.470, 300.570427, 59.213552
27537.254, 300.580472, 59.223829
26686.359, 300.206514, 58.882974
3156.726, 300.233729, 58.905773
13180.785, 300.301668, 58.969380
5953.495, 300.253594, 58.925637
7541.253, 300.360881, 59.024178
24860.800, 300.373953, 59.037700
5128.564, 300.463169, 59.117934
5937.003, 300.235525, 58.910674
4293.368, 300.244336, 58.918042
13887.153, 300.589281, 59.234528
3986.927, 300.536382, 59.186366
11807.257, 300.310488, 58.982075
3970.884, 300.317897, 58.987689
7126.665, 300.364147, 59.031570
