# Source Fluxes and Coordinates
# Flux (e-/s), RA (deg), Dec (deg)
201095.699, 301.361477, 59.042689
11697.680, 301.341049, 59.023442
16700.862, 301.075995, 58.787967
60421.049, 300.970058, 58.695885
8327.894, 300.992181, 58.712355
9192.917, 301.089462, 58.800280
6086.812, 301.348889, 59.032219
9964.020, 301.109632, 58.819691
77218.154, 301.110917, 58.824705
9124.832, 301.159741, 58.864610
17007.814, 301.327543, 59.016028
10349.747, 301.275616, 58.971704
25803.090, 301.333403, 59.024086
12563.780, 301.203704, 58.907617
440621.393, 301.207073, 58.921187
7310.657, 301.093819, 58.809612
8275.334, 301.279449, 58.978968
27790.316, 301.292622, 58.993258
2614.080, 301.113857, 58.831268
4708.319, 301.035556, 58.761174
16803.752, 301.039367, 58.766421
9035.235, 301.085878, 58.807240
22239.512, 301.264629, 58.969038
64087.016, 301.242276, 58.953990
3855.682, 300.957344, 58.694181
917725.471, 301.099636, 58.834659
2187.903, 301.027663, 58.763136
80643.447, 300.991859, 58.737490
3904.431, 301.003731, 58.743555
9999.107, 300.989883, 58.732404
19139.632, 300.958147, 58.706337
9117.727, 300.954597, 58.702580
23250.819, 301.049838, 58.792533
48852.063, 300.944772, 58.700317
13741.028, 301.017115, 58.764970
34712.298, 301.234844, 58.961122
38481.728, 301.038072, 58.785239
2558.085, 301.057729, 58.803029
2157.360, 301.009808, 58.760677
9526.129, 301.165344, 58.903204
4758.827, 300.981865, 58.738739
30644.000, 301.055390, 58.807697
13004.011, 301.141974, 58.883961
9044.627, 301.114487, 58.859070
11099.038, 301.006709, 58.763685
4725.499, 300.942610, 58.706208
18755.367, 301.022730, 58.779509
22107.231, 301.032165, 58.788445
9232.358, 301.117033, 58.865705
69525.679, 301.056294, 58.817313
6029.862, 300.947300, 58.713296
26206.884, 301.177594, 58.926893
2145.856, 301.069551, 58.827747
9451.725, 301.015871, 58.782500
76940.932, 301.307567, 59.047056
31337.835, 301.085732, 58.849494
44359.827, 300.973786, 58.749081
20115.410, 301.100089, 58.863969
68013.088, 301.293877, 59.039175
51696.311, 300.958122, 58.737627
5574.848, 300.942438, 58.722050
12143.498, 301.008719, 58.785793
4794.539, 301.197030, 58.954713
13682.739, 301.061490, 58.836389
6503.186, 300.923991, 58.710574
2148.666, 301.001752, 58.780497
45495.134, 301.182040, 58.947679
3436.081, 301.033492, 58.811648
4286.831, 301.207889, 58.969970
9995.799, 301.283758, 59.038577
5600.749, 300.963629, 58.752445
33156.110, 301.010912, 58.798031
16513.633, 301.111683, 58.888368
34607.458, 301.134919, 58.911448
37121.731, 301.140098, 58.915788
28133.487, 300.980938, 58.773020
10755.622, 300.972033, 58.764152
2995.723, 301.000047, 58.788614
57600.948, 300.929511, 58.730607
2187.665, 301.116747, 58.894654
99074.154, 301.202274, 58.976326
5191.593, 301.197240, 58.968320
4802.659, 301.237255, 59.004591
41216.748, 301.253412, 59.025345
56647.769, 301.167346, 58.949494
31672.392, 301.209210, 58.986840
25882.171, 301.136061, 58.921612
12485.133, 301.056286, 58.849384
2172.402, 301.269316, 59.039189
25073.214, 300.945215, 58.753200
12487.426, 300.982269, 58.785924
5555.465, 300.907329, 58.717012
66982.657, 301.170565, 58.958932
5666.408, 301.019395, 58.820374
10712.616, 301.121118, 58.912703
26936.740, 301.065473, 58.864884
51249.373, 301.011549, 58.819670
2157.887, 301.087617, 58.883141
3428.974, 301.127143, 58.920048
24528.289, 300.889965, 58.710385
3038.402, 301.116710, 58.911202
58070.663, 301.152762, 58.947954
2089.231, 300.915454, 58.729653
3008.600, 301.023086, 58.827761
267438.656, 300.893682, 58.724921
22918.853, 301.108810, 58.910482
9885.415, 300.942723, 58.759756
4330.029, 300.925287, 58.744550
21239.381, 301.088696, 58.894874
12529.899, 301.246864, 59.036143
3918.088, 300.890081, 58.714046
4748.819, 300.890962, 58.716999
5975.068, 300.916341, 58.742448
4730.080, 300.922674, 58.748601
15033.797, 300.943479, 58.769318
4314.944, 301.264881, 59.057873
27914.817, 300.986767, 58.813352
33764.354, 300.898408, 58.734889
6831.908, 301.012187, 58.835797
49999.602, 301.109983, 58.926832
110031.507, 301.068485, 58.896649
5532.339, 300.907681, 58.745797
22682.229, 300.916896, 58.757941
35420.019, 301.045369, 58.873078
15845.457, 300.868619, 58.714754
60497.480, 300.906064, 58.752103
3867.288, 301.039437, 58.867709
14689.857, 300.940325, 58.780199
81207.872, 300.896691, 58.746026
56213.205, 300.942799, 58.787981
54130.539, 301.104985, 58.934158
15112.847, 300.973255, 58.814723
22255.282, 301.112422, 58.940895
69734.872, 301.167251, 58.994415
9509.410, 300.991527, 58.835277
47024.935, 300.993197, 58.840489
14202.984, 301.046756, 58.887043
43318.762, 300.880578, 58.741603
65808.638, 301.016188, 58.865028
8640.637, 300.878017, 58.736596
5111.270, 300.932013, 58.786017
31204.918, 301.075474, 58.917336
7232.235, 300.887467, 58.745984
20525.441, 300.904147, 58.766145
10753.497, 300.858247, 58.722222
9595.697, 301.107113, 58.948034
88918.015, 300.885617, 58.754556
5141.478, 300.910076, 58.770127
157673.697, 301.137884, 58.982265
12405.327, 300.873778, 58.740356
367024.467, 300.858692, 58.741250
2169.584, 300.946802, 58.806607
8617.472, 301.034823, 58.886669
10376.611, 300.933366, 58.796191
26310.795, 301.240519, 59.073212
53855.354, 300.969887, 58.834670
33585.242, 301.051958, 58.906348
8140.617, 300.913336, 58.781465
6907.536, 300.873692, 58.746738
129849.000, 301.026714, 58.890602
16201.689, 301.189070, 59.032312
4296.827, 301.066551, 58.923732
67240.934, 301.000637, 58.871628
14678.835, 300.898852, 58.775215
29031.503, 300.950473, 58.823570
22312.860, 300.870019, 58.751162
15468.364, 300.880242, 58.759871
33228.632, 300.954343, 58.828272
6842.566, 300.848868, 58.731826
5186.696, 300.865366, 58.746579
28572.926, 301.141191, 58.998349
23219.233, 300.839796, 58.726685
11911.921, 300.944281, 58.819734
4337.054, 301.061984, 58.925997
8217.998, 300.972828, 58.848751
3012.558, 300.846245, 58.734145
20396.988, 300.960027, 58.839960
5137.012, 300.922696, 58.804683
6938.239, 300.900438, 58.785568
3819.295, 300.877319, 58.765578
2608.260, 300.964857, 58.845829
20027.077, 300.951582, 58.837204
5589.389, 300.982193, 58.863158
4252.519, 301.004323, 58.884440
2137.342, 300.893436, 58.784470
2607.239, 300.885970, 58.779001
5622.422, 300.976892, 58.861851
61161.424, 301.202792, 59.068659
132958.391, 300.862767, 58.766323
25047.933, 301.065384, 58.947558
17116.111, 300.923060, 58.819822
140075.724, 301.022935, 58.914226
25074.684, 301.105688, 58.984701
4709.550, 300.851486, 58.754184
5581.954, 300.826051, 58.732342
3427.207, 300.874311, 58.775899
6425.389, 300.876685, 58.779197
2147.069, 300.985758, 58.877720
31340.601, 301.111947, 58.994990
5155.634, 300.930658, 58.831276
4749.172, 300.890227, 58.795179
11667.253, 300.818829, 58.732357
44149.835, 301.046803, 58.943223
121994.249, 301.131817, 59.022107
8596.936, 300.824023, 58.739999
72066.768, 300.983431, 58.889155
5153.022, 300.910321, 58.818821
36793.535, 300.811731, 58.735404
59976.712, 301.120055, 59.013134
78137.883, 300.915526, 58.830528
4700.483, 300.960293, 58.866876
9109.379, 300.923681, 58.835455
20575.664, 300.817190, 58.741086
3814.747, 300.832333, 58.752867
17819.944, 300.989043, 58.895803
2656.594, 300.835814, 58.755446
12129.042, 300.961159, 58.871872
3009.781, 301.177038, 59.065087
4697.404, 300.821512, 58.747633
104098.255, 300.935719, 58.859022
614317.490, 300.819851, 58.765008
6091.880, 301.148080, 59.045175
4356.208, 300.884719, 58.808370
15026.918, 300.906347, 58.829763
27427.898, 301.142232, 59.043317
2593.039, 300.845989, 58.774526
34423.414, 301.088465, 58.996246
6860.442, 300.815446, 58.748421
5649.920, 301.026683, 58.939569
34377.830, 301.101172, 59.008498
55012.685, 301.193470, 59.092214
45344.278, 300.805511, 58.743191
6027.937, 300.849925, 58.781522
26586.095, 301.074787, 58.986384
16495.474, 301.175439, 59.076439
15903.897, 300.974549, 58.896818
11760.553, 301.067501, 58.982065
124394.140, 300.835601, 58.778890
5158.943, 301.063128, 58.978226
38717.021, 300.900464, 58.836339
3826.897, 300.937048, 58.868571
2175.664, 300.804181, 58.747673
11581.316, 300.870702, 58.811373
10272.409, 300.797891, 58.746089
41383.514, 301.138724, 59.054445
10688.043, 300.845447, 58.789694
3927.398, 300.801481, 58.750318
76808.241, 300.880879, 58.834640
22085.676, 301.014433, 58.948546
44758.507, 300.923215, 58.867857
31019.409, 300.968501, 58.908075
2615.779, 301.152488, 59.071453
45709.564, 301.058667, 58.992589
19830.150, 301.040724, 58.974505
4690.673, 300.985249, 58.925313
13780.297, 300.839275, 58.795718
6941.704, 300.940876, 58.887447
42781.180, 301.160036, 59.087659
3400.913, 300.827856, 58.786123
3384.870, 300.897580, 58.850064
12458.480, 300.901358, 58.854472
14583.750, 300.791766, 58.756026
50273.732, 300.818533, 58.782586
6501.225, 300.797554, 58.764965
35744.627, 300.980670, 58.933888
5607.612, 300.845083, 58.809767
28525.763, 301.144825, 59.081838
40368.380, 300.806232, 58.779618
65742.481, 300.824262, 58.797692
4694.535, 300.933523, 58.889902
32630.251, 301.130987, 59.070314
27209.890, 300.803588, 58.774808
6005.962, 300.849246, 58.815568
5526.246, 300.857054, 58.822203
78657.839, 301.022744, 58.976083
4797.177, 300.899780, 58.861853
4331.179, 300.906655, 58.868011
23189.414, 300.838224, 58.807256
24453.734, 301.089918, 59.035482
13822.486, 300.776117, 58.751566
7747.487, 301.003875, 58.958514
16874.834, 300.938898, 58.900565
5623.497, 300.784463, 58.760832
5609.187, 300.861933, 58.831427
38196.569, 300.918641, 58.885184
11985.083, 300.876577, 58.846288
35753.144, 301.076906, 59.029053
40962.933, 301.111547, 59.060022
6395.449, 300.815104, 58.790294
22369.723, 300.987666, 58.949024
74476.822, 300.848380, 58.827215
25625.017, 300.974467, 58.940119
8212.810, 300.789641, 58.771739
18619.631, 300.961099, 58.930191
2117.788, 300.863758, 58.841129
2217.843, 300.909503, 58.882485
4304.977, 300.929099, 58.902078
6909.135, 300.801965, 58.787501
2129.069, 300.857622, 58.837582
84101.413, 301.020151, 58.991776
6423.691, 300.806457, 58.793924
121917.489, 300.858420, 58.852248
110181.088, 300.775772, 58.776302
87281.144, 300.961306, 58.941187
24325.069, 301.002437, 58.975436
25885.254, 300.926911, 58.906975
6500.557, 300.811878, 58.801665
6915.876, 300.946096, 58.923421
3089.738, 300.834393, 58.822664
11663.054, 300.891552, 58.876484
4263.755, 300.758333, 58.754120
49532.246, 300.869274, 58.860999
8536.194, 300.880315, 58.867853
8533.930, 300.801337, 58.796385
9681.329, 300.978066, 58.958319
10331.386, 300.829786, 58.825285
3062.520, 300.892231, 58.880258
31511.506, 301.093485, 59.064682
3002.857, 300.760859, 58.761127
35015.371, 301.143458, 59.110339
2604.493, 301.153077, 59.116598
2165.820, 300.749423, 58.753057
48379.669, 300.786316, 58.795878
44912.231, 301.112306, 59.087071
14706.112, 300.749802, 58.757993
217911.230, 301.017178, 59.006866
25821.892, 300.888174, 58.886216
2564.400, 301.030504, 59.011943
3040.407, 300.794988, 58.801067
3818.207, 300.927703, 58.922640
16282.257, 300.880905, 58.883733
33471.301, 300.759254, 58.778468
15361.839, 300.813435, 58.823425
87109.404, 300.738415, 58.761056
43215.348, 301.022181, 59.016944
42800.374, 300.805129, 58.822518
10324.842, 300.880295, 58.889380
6887.531, 300.891371, 58.898260
3422.728, 300.977716, 58.975593
16094.619, 301.030908, 59.025413
43202.093, 300.766918, 58.789339
2613.205, 300.812314, 58.826821
16228.201, 300.866357, 58.879583
3979.014, 301.087708, 59.075683
13738.047, 300.919738, 58.927141
29840.638, 300.960979, 58.965692
48328.299, 301.131527, 59.119079
4757.090, 300.761885, 58.783024
9380.625, 300.786032, 58.806790
67355.430, 300.743737, 58.775895
27814.237, 300.778441, 58.805460
267902.039, 300.899557, 58.922598
37418.219, 301.092437, 59.089157
2136.586, 300.828222, 58.847661
7312.159, 300.892675, 58.907643
3945.576, 300.856388, 58.876042
6831.717, 300.899759, 58.914785
39805.583, 300.810026, 58.837294
27211.504, 300.733379, 58.768725
4277.347, 300.844744, 58.866384
3029.583, 300.740622, 58.772463
6921.262, 300.875201, 58.895357
25728.924, 300.752729, 58.787602
3814.094, 300.815738, 58.842793
8149.516, 300.735677, 58.772556
77816.148, 300.773589, 58.811084
6556.690, 301.077236, 59.081129
3056.481, 300.765229, 58.799166
8171.907, 300.782903, 58.816499
2672.556, 300.883043, 58.906216
2613.005, 300.871996, 58.897492
3451.727, 300.847405, 58.876113
33191.908, 300.958875, 58.979532
3048.327, 300.831985, 58.863608
125305.488, 300.713948, 58.765680
4298.367, 300.765153, 58.804576
16289.290, 300.862863, 58.895914
10308.229, 300.811714, 58.849938
9490.691, 301.104101, 59.115831
48763.229, 300.832235, 58.873998
11154.746, 301.032518, 59.052409
35003.903, 300.743621, 58.793660
27387.189, 300.843885, 58.885285
48722.339, 300.953844, 58.985677
36118.852, 301.042338, 59.065568
2660.820, 300.777068, 58.823312
6035.161, 300.865043, 58.906289
9417.062, 300.797673, 58.845340
2128.771, 300.836089, 58.880051
2136.355, 300.856360, 58.900792
2195.604, 301.045857, 59.071119
8507.613, 300.743921, 58.801396
3386.415, 300.810841, 58.860848
9033.878, 300.820404, 58.872078
15001.685, 300.865175, 58.911835
66826.864, 301.017554, 59.053103
5622.251, 300.713721, 58.774448
3523.576, 300.740478, 58.798363
3883.188, 300.834400, 58.884153
8572.762, 300.756085, 58.814955
28725.671, 300.765186, 58.824605
45523.056, 301.053233, 59.086295
102354.639, 300.833962, 58.895208
3908.475, 300.911831, 58.958527
9494.144, 301.041472, 59.075636
17612.447, 300.712356, 58.779317
5574.831, 300.730719, 58.795691
19908.460, 300.886692, 58.938635
2963.249, 300.829931, 58.886733
3892.241, 300.706314, 58.774896
2590.335, 300.754431, 58.818647
16628.045, 300.732966, 58.801976
6045.108, 300.749673, 58.815905
18777.071, 301.055438, 59.095275
40588.967, 300.717023, 58.790776
24020.345, 300.761741, 58.830102
34959.893, 300.863723, 58.926906
2566.421, 300.898817, 58.955481
2612.530, 300.726207, 58.799621
56992.048, 300.926085, 58.984994
21030.298, 301.048015, 59.092986
10667.313, 300.739996, 58.814317
31895.480, 300.870485, 58.934710
9369.375, 300.855834, 58.920743
27384.947, 300.948033, 59.005198
4348.895, 300.865327, 58.931206
2109.165, 300.707244, 58.787124
11155.568, 300.755689, 58.833015
2546.000, 300.809394, 58.880815
76099.308, 300.845357, 58.917877
7710.605, 300.685005, 58.770755
8560.420, 300.801457, 58.876314
6935.164, 300.700531, 58.785635
2526.711, 300.724436, 58.806429
6894.207, 300.984009, 59.043664
15816.658, 301.069806, 59.121385
9873.418, 300.691416, 58.778536
17649.131, 300.702379, 58.790379
40647.205, 301.075345, 59.129065
3456.887, 300.802283, 58.880515
10896.334, 300.969868, 59.033319
4274.935, 300.727982, 58.813182
2083.463, 300.831216, 58.906726
50363.849, 300.914325, 58.987427
12514.290, 300.883300, 58.957073
6014.742, 300.774540, 58.860386
3853.739, 300.924298, 58.994896
8994.628, 301.018642, 59.080663
2172.807, 300.689218, 58.781429
14527.702, 300.715348, 58.806540
2602.848, 300.751276, 58.838533
33024.788, 300.959006, 59.030367
2118.556, 301.049817, 59.109630
24434.380, 300.783610, 58.871857
28371.027, 300.767199, 58.860274
6165.159, 301.023674, 59.090437
7262.816, 300.693485, 58.792746
9442.185, 300.774820, 58.866886
76090.361, 300.718965, 58.822080
13472.885, 301.035158, 59.104213
34460.911, 300.868393, 58.956751
14403.997, 301.026363, 59.097514
10800.126, 300.812599, 58.904888
2097.805, 301.044296, 59.112696
8502.278, 300.742364, 58.841456
307452.439, 300.955506, 59.044972
89894.859, 300.993927, 59.075302
13325.753, 300.673456, 58.782822
3021.548, 300.754716, 58.855548
15458.253, 300.688264, 58.797610
5624.280, 300.700608, 58.808004
4679.013, 300.777233, 58.878038
11712.362, 300.939025, 59.024691
2594.146, 300.677171, 58.787640
67017.368, 300.872354, 58.970006
2994.231, 300.701808, 58.812021
48036.198, 300.707944, 58.821282
42914.510, 300.725420, 58.836602
41583.361, 300.768137, 58.876780
6987.379, 300.864969, 58.960544
16412.331, 300.939946, 59.031337
3395.491, 300.664678, 58.780345
2576.438, 300.782163, 58.886893
6040.670, 301.038306, 59.119182
17322.571, 300.884404, 58.983836
91983.349, 300.660160, 58.785267
43207.589, 300.896462, 58.996969
7731.789, 300.738458, 58.851359
5554.569, 300.749290, 58.860971
12978.309, 300.862912, 58.964757
24843.596, 300.891842, 58.992500
15413.514, 300.698725, 58.816817
69016.932, 300.774677, 58.889889
2154.430, 300.831517, 58.936288
6887.003, 300.745495, 58.859260
182982.447, 300.750200, 58.871988
67199.649, 300.661077, 58.794310
9472.210, 300.687664, 58.809159
22981.059, 300.883810, 58.989055
4766.814, 300.747587, 58.864493
5084.418, 300.793555, 58.906250
62755.880, 300.675777, 58.804361
3028.284, 300.761718, 58.880463
23046.890, 300.907709, 59.015137
9443.751, 300.694457, 58.820296
8148.490, 300.702008, 58.826817
4800.026, 301.004023, 59.100721
11980.772, 300.738141, 58.861900
21732.171, 300.973631, 59.076962
3890.695, 300.822315, 58.940083
19953.982, 300.829111, 58.948018
8952.213, 300.946563, 59.054181
11186.879, 300.665312, 58.798606
134455.499, 300.644465, 58.789260
7681.799, 300.804659, 58.927144
15683.265, 300.863498, 58.981531
12078.451, 300.721678, 58.855501
37510.553, 300.880660, 59.002212
140570.853, 300.751190, 58.890593
18951.132, 300.704451, 58.841943
39417.000, 300.963903, 59.077426
10794.477, 300.774328, 58.906810
46091.531, 300.663354, 58.808025
59813.564, 300.937177, 59.058157
23683.297, 301.019014, 59.130329
22862.373, 300.691050, 58.833422
4326.793, 300.984521, 59.097751
202855.409, 300.814274, 58.954339
16099.585, 300.991972, 59.108965
85148.698, 300.827369, 58.965005
6466.572, 300.653670, 58.802205
67152.754, 301.033923, 59.151177
2176.436, 300.710304, 58.854044
2541.646, 300.720932, 58.864925
33050.472, 300.885469, 59.016899
4280.734, 300.667668, 58.818581
5179.477, 300.702901, 58.849863
40798.891, 300.925083, 59.054798
118983.500, 300.674084, 58.831526
8726.904, 301.008078, 59.130941
4745.017, 300.642696, 58.800023
14633.962, 300.737737, 58.887642
67270.054, 300.837724, 58.982930
6088.783, 300.723766, 58.877341
45175.761, 300.922917, 59.060903
10334.791, 300.635176, 58.799631
197545.957, 300.850560, 59.004815
20095.442, 300.627263, 58.793380
37079.796, 300.649034, 58.814189
8227.979, 300.662841, 58.826027
64166.408, 300.735708, 58.896448
26453.206, 300.809149, 58.962228
40817.853, 300.685381, 58.851162
7631.081, 300.766870, 58.922614
90872.814, 300.725703, 58.891526
7745.497, 300.620500, 58.791569
6440.837, 300.654169, 58.821989
3878.956, 300.779276, 58.935686
108391.596, 300.635804, 58.812364
3467.367, 300.748207, 58.908242
17420.884, 300.838366, 58.992726
11995.595, 300.752858, 58.915539
5128.672, 300.695993, 58.863116
7345.780, 300.701719, 58.868818
2564.252, 300.825299, 58.980777
4747.285, 300.667739, 58.838090
18949.205, 300.776010, 58.939420
38684.548, 300.757436, 58.924433
16665.383, 300.701723, 58.874382
21928.779, 300.788152, 58.953538
18078.655, 300.799997, 58.964363
26745.806, 300.649908, 58.829847
8329.978, 300.670973, 58.847777
4687.934, 300.679501, 58.854709
14614.564, 300.708033, 58.881862
51044.228, 300.608051, 58.793982
7324.615, 300.773438, 58.945081
21056.428, 300.619718, 58.806838
7288.937, 300.682799, 58.862499
2152.152, 300.698900, 58.877722
10702.553, 300.750252, 58.926526
3058.802, 300.936798, 59.093029
6881.402, 300.639321, 58.824841
36780.046, 300.780038, 58.956716
8562.030, 300.883907, 59.048155
9018.437, 300.655364, 58.841953
25153.083, 300.619468, 58.812444
10890.070, 300.917552, 59.081471
23612.026, 300.679249, 58.867623
17698.997, 300.824009, 58.999574
16209.408, 300.630576, 58.824474
5966.713, 300.714017, 58.899291
5183.053, 300.748119, 58.929548
2647.071, 300.883591, 59.052998
5632.548, 300.703009, 58.890431
32088.930, 300.826586, 59.004661
2129.031, 300.704743, 58.892156
6080.327, 300.726417, 58.912527
11697.172, 300.863234, 59.037664
12727.223, 300.942379, 59.108982
3549.048, 300.871931, 59.045405
28078.523, 300.715232, 58.906161
32399.491, 300.682841, 58.877836
7735.225, 300.689698, 58.881883
15230.622, 300.908991, 59.082546
111457.169, 300.981855, 59.152556
2607.018, 300.646848, 58.843614
5988.349, 300.691987, 58.885325
3446.896, 300.628431, 58.827690
5668.036, 300.701974, 58.896058
124448.460, 300.800177, 58.990869
7683.163, 300.692117, 58.889324
2609.400, 300.724748, 58.917310
5189.628, 300.742764, 58.934300
8602.067, 300.604006, 58.808946
59680.856, 300.888539, 59.070577
48384.803, 300.641845, 58.849845
62211.562, 300.829648, 59.020483
28551.604, 300.989366, 59.164863
40195.070, 300.730933, 58.934383
40890.289, 300.764775, 58.966120
4692.086, 300.593153, 58.808296
2566.517, 300.693012, 58.899356
7347.419, 300.595428, 58.811675
18367.401, 300.712984, 58.920882
11674.624, 300.771903, 58.973311
24915.306, 300.613547, 58.832195
3048.983, 300.646083, 58.859830
21085.364, 300.648262, 58.863592
40841.060, 300.665600, 58.881667
22174.474, 300.636666, 58.855940
28493.059, 300.650723, 58.869660
3457.054, 300.671811, 58.887157
26748.715, 300.601352, 58.825080
28194.752, 300.790827, 58.998770
5134.163, 300.735306, 58.947114
36282.560, 300.654771, 58.876046
4763.080, 300.815638, 59.020194
3082.073, 300.767415, 58.977218
50687.475, 300.880615, 59.084363
3399.086, 300.667116, 58.887629
63377.758, 300.678190, 58.901899
35736.761, 300.736503, 58.953432
36583.723, 300.964664, 59.159928
10658.586, 300.580150, 58.811532
3871.754, 300.676764, 58.897170
40933.251, 300.739311, 58.958321
47855.864, 300.817013, 59.029987
5937.671, 300.632950, 58.859812
34888.344, 300.824304, 59.036939
3937.634, 300.575498, 58.808318
6886.632, 300.612350, 58.842168
6488.284, 300.921860, 59.125526
175472.153, 300.654038, 58.891547
15147.496, 300.775855, 58.995228
7777.594, 300.688626, 58.914901
3405.526, 300.691719, 58.917696
3933.150, 300.580260, 58.816840
2608.629, 300.798386, 59.015016
3911.079, 300.756303, 58.978083
2568.806, 300.790214, 59.008877
17831.259, 300.894476, 59.105906
5599.478, 300.693290, 58.923687
39152.615, 300.683128, 58.918503
53372.181, 300.738230, 58.971300
6047.763, 300.632447, 58.873114
32141.305, 300.572372, 58.821507
2167.204, 300.662667, 58.901190
145481.808, 300.904978, 59.126586
4266.712, 300.577630, 58.824536
45323.351, 300.948740, 59.164552
3917.512, 300.582758, 58.830422
6152.520, 300.689028, 58.928204
5179.747, 300.625257, 58.870625
12295.102, 300.851045, 59.076746
4810.739, 300.889548, 59.110512
11497.606, 300.602546, 58.851567
44792.099, 300.615649, 58.866611
9897.858, 300.693116, 58.935977
2179.870, 300.793854, 59.026660
9417.525, 300.628392, 58.878228
3064.360, 300.610689, 58.861224
386493.167, 300.627613, 58.886301
5292.474, 300.928551, 59.151541
2152.866, 300.553862, 58.810573
11177.844, 300.566486, 58.824554
87235.380, 300.597740, 58.857769
19613.611, 300.652720, 58.903700
23101.871, 300.717744, 58.962881
6643.028, 300.884986, 59.113324
2153.178, 300.563005, 58.819827
6015.235, 300.766314, 59.006186
6811.996, 300.677385, 58.926200
3846.050, 300.696335, 58.943454
7653.199, 300.725554, 58.970439
15085.072, 300.582452, 58.842396
32694.758, 300.802293, 59.044496
17638.700, 300.603830, 58.866973
95241.452, 300.665501, 58.926632
2216.243, 300.889727, 59.123870
4279.045, 300.590456, 58.853243
73676.549, 300.849043, 59.092426
23130.845, 300.938632, 59.170594
8155.866, 300.660822, 58.921274
7758.292, 300.649867, 58.911678
9851.504, 300.597194, 58.863773
3007.030, 300.558235, 58.828327
2198.335, 300.616135, 58.881254
3442.006, 300.652209, 58.914956
3026.506, 300.704668, 58.965436
5218.491, 300.670259, 58.935721
5735.238, 300.801327, 59.054616
48660.777, 300.872843, 59.122352
4756.365, 300.889627, 59.135672
26646.734, 300.719742, 58.984453
3903.863, 300.552228, 58.830415
36606.783, 300.617881, 58.896007
9546.527, 300.783645, 59.043264
17868.430, 300.842158, 59.098004
11181.475, 300.555050, 58.837106
26928.608, 300.810501, 59.071671
21095.147, 300.565939, 58.849502
11150.006, 300.634720, 58.911035
18028.988, 300.703531, 58.975958
21414.246, 300.783273, 59.047403
2619.040, 300.557835, 58.840223
31687.713, 300.622238, 58.902213
5974.851, 300.692234, 58.964052
3434.787, 300.607936, 58.888184
65034.218, 300.893161, 59.151409
4788.880, 300.638827, 58.919651
11549.893, 300.579360, 58.867312
29470.766, 300.791542, 59.062054
34370.908, 300.839872, 59.106674
35156.050, 300.543402, 58.836907
11658.479, 300.586379, 58.874739
3469.521, 300.684358, 58.963305
18639.561, 300.871827, 59.134587
7237.803, 300.601095, 58.889360
12954.214, 300.660424, 58.943656
5522.694, 300.642655, 58.927355
8547.888, 300.534884, 58.829241
4745.294, 300.673278, 58.956475
21846.415, 300.740140, 59.018249
17960.705, 300.664306, 58.949983
2155.109, 300.735967, 59.013054
4699.863, 300.630243, 58.918329
15829.477, 300.552446, 58.851339
3812.216, 300.615289, 58.906026
18113.414, 300.675807, 58.964251
32534.088, 300.710474, 58.996796
12574.602, 300.809300, 59.084709
9893.321, 300.557979, 58.857191
9360.788, 300.668343, 58.957993
16547.430, 300.786443, 59.065010
96177.688, 300.578973, 58.881158
15685.585, 300.812946, 59.091052
21807.530, 300.826882, 59.104132
22342.382, 300.521268, 58.826627
4726.101, 300.571617, 58.871947
4704.072, 300.646405, 58.939621
2559.324, 300.606758, 58.904138
3405.202, 300.637334, 58.934450
70580.615, 300.654039, 58.956555
10022.307, 300.745158, 59.033100
32116.746, 300.777456, 59.064050
15914.205, 300.692413, 58.986479
101732.782, 300.538859, 58.850071
22253.225, 300.510789, 58.822730
15464.061, 300.611925, 58.916716
2170.404, 300.524865, 58.836755
18886.336, 300.546808, 58.860841
24719.751, 300.897216, 59.178233
28144.483, 300.634584, 58.941611
23005.619, 300.741931, 59.038833
9508.978, 300.517090, 58.833907
301832.684, 300.703071, 59.009919
22915.282, 300.882910, 59.168547
11800.894, 300.771199, 59.067913
2604.209, 300.622476, 58.931625
3064.670, 300.639027, 58.947187
32259.807, 300.711717, 59.017288
10684.961, 300.613624, 58.927010
16353.893, 300.549416, 58.869420
6017.301, 300.717559, 59.021596
4339.216, 300.890561, 59.177262
15039.069, 300.504879, 58.829027
5584.681, 300.524624, 58.847282
9071.547, 300.845931, 59.139727
8506.843, 300.534813, 58.859397
2996.744, 300.556317, 58.878207
36019.865, 300.648516, 58.965173
14153.313, 300.514048, 58.842996
3402.837, 300.544267, 58.868086
50511.074, 300.558627, 58.885449
19559.981, 300.660923, 58.976297
4741.269, 300.510665, 58.838256
48461.760, 300.613729, 58.936325
9053.990, 300.804624, 59.106992
64105.360, 300.490970, 58.828523
15494.871, 300.582598, 58.906667
26552.673, 300.828046, 59.132074
11565.697, 300.856674, 59.156674
6463.338, 300.539959, 58.868572
6026.601, 300.596447, 58.919792
42331.135, 300.740581, 59.054752
12496.080, 300.573653, 58.901741
5100.806, 300.526463, 58.858062
9621.174, 300.659679, 58.981551
61743.336, 300.719164, 59.039279
4762.108, 300.532946, 58.866070
35653.224, 300.813298, 59.125051
5554.503, 300.520774, 58.858014
10775.629, 300.730635, 59.048798
33357.697, 300.765240, 59.081448
13336.775, 300.513794, 58.851345
46964.308, 300.622862, 58.953520
3453.567, 300.502060, 58.840308
37843.117, 300.637349, 58.968383
19791.562, 300.556012, 58.895056
57078.505, 300.864922, 59.178993
4722.256, 300.883610, 59.191664
7733.788, 300.835393, 59.150186
3477.962, 300.588838, 58.927624
2568.105, 300.756497, 59.079801
7764.824, 300.658612, 58.993515
3002.532, 300.823268, 59.143472
17284.868, 300.811304, 59.134675
49635.639, 300.640131, 58.984127
2987.951, 300.874661, 59.192314
3908.964, 300.648241, 58.988553
50469.760, 300.708429, 59.047077
3879.406, 300.565730, 58.914239
8181.276, 300.491274, 58.849063
6484.164, 300.496034, 58.852072
8613.094, 300.517774, 58.872507
12318.296, 300.629097, 58.976261
5162.331, 300.500935, 58.857338
4748.277, 300.768877, 59.102251
3833.369, 300.742741, 59.078972
4326.988, 300.539168, 58.893486
3008.301, 300.711012, 59.051003
42585.521, 300.733940, 59.074382
9787.293, 300.505419, 58.864608
27474.920, 300.655209, 59.003651
5965.848, 300.597560, 58.951978
6029.828, 300.650917, 59.000898
22038.708, 300.672394, 59.021795
8950.640, 300.541327, 58.901690
2608.788, 300.563290, 58.922025
2119.794, 300.822867, 59.157716
10393.966, 300.710465, 59.058455
93959.333, 300.768085, 59.115232
6857.552, 300.465176, 58.835915
9416.268, 300.561330, 58.924819
32460.979, 300.689226, 59.042586
10582.582, 300.715071, 59.064464
35875.527, 300.528676, 58.897968
25447.630, 300.664040, 59.020294
9480.685, 300.702115, 59.053758
2202.262, 300.540699, 58.906248
2986.591, 300.643488, 59.000786
6858.889, 300.570328, 58.934783
6908.345, 300.585099, 58.948202
2623.746, 300.636116, 58.994540
12420.674, 300.493011, 58.866308
12174.325, 300.653982, 59.013103
3469.094, 300.481815, 58.854871
9499.503, 300.521979, 58.894482
3892.693, 300.860069, 59.200575
21808.312, 300.834780, 59.180755
2164.014, 300.547171, 58.917917
3802.466, 300.458925, 58.839477
10392.452, 300.711534, 59.071199
54319.970, 300.733883, 59.094788
56783.848, 300.777554, 59.133884
3092.474, 300.462194, 58.842898
9518.294, 300.836466, 59.185210
10120.725, 300.841927, 59.190232
2987.102, 300.474868, 58.856507
2612.763, 300.478133, 58.859347
29580.958, 300.818853, 59.171965
2612.409, 300.578845, 58.952642
54255.391, 300.749381, 59.112769
59954.311, 300.465243, 58.855669
59843.265, 300.478419, 58.866850
7334.724, 300.507656, 58.892005
14592.361, 300.593580, 58.970651
3418.286, 300.450114, 58.839001
3941.004, 300.501163, 58.886313
33206.484, 300.606370, 58.985533
95557.758, 300.631108, 59.012922
62905.314, 300.562324, 58.949013
16716.872, 300.479901, 58.872425
9924.674, 300.620927, 59.000339
18727.333, 300.816312, 59.178829
7748.602, 300.456473, 58.850962
18486.137, 300.836414, 59.198500
13776.224, 300.451190, 58.848177
10264.923, 300.552824, 58.942001
8216.448, 300.582067, 58.967967
2146.950, 300.749655, 59.119548
42846.860, 300.488241, 58.885869
2951.418, 300.643002, 59.023491
4770.522, 300.636174, 59.017968
7367.992, 300.444110, 58.844482
2599.320, 300.672154, 59.051314
6063.627, 300.492802, 58.889674
29785.532, 300.497268, 58.894663
10276.754, 300.540054, 58.932985
33109.769, 300.568047, 58.961538
23595.867, 300.711454, 59.091008
71048.519, 300.447230, 58.854130
2603.175, 300.545399, 58.938668
8946.363, 300.506720, 58.904964
35812.733, 300.514190, 58.913913
33689.826, 300.616587, 59.008414
67978.300, 300.722253, 59.106645
25757.773, 300.812487, 59.185508
64620.756, 300.643353, 59.034941
5159.655, 300.550175, 58.947141
22740.136, 300.469905, 58.875206
4346.304, 300.454959, 58.861142
11211.493, 300.767743, 59.147255
429262.856, 300.579838, 58.992169
20362.678, 300.677196, 59.067206
33112.349, 300.709796, 59.097803
4417.672, 300.745628, 59.128370
2148.470, 300.815648, 59.190611
6935.162, 300.803553, 59.181079
4646.082, 300.482501, 58.889469
80816.541, 300.519204, 58.928402
13401.084, 300.435769, 58.848828
7212.919, 300.490774, 58.898690
7336.785, 300.431886, 58.845329
126697.429, 300.458621, 58.875481
35467.851, 300.479545, 58.896021
5630.808, 300.450294, 58.862783
6491.702, 300.535122, 58.940394
9534.881, 300.753198, 59.139602
3431.453, 300.657580, 59.053574
27279.650, 300.764145, 59.153066
27765.269, 300.695219, 59.092288
4288.096, 300.444890, 58.861551
35359.173, 300.641948, 59.045145
8750.534, 300.783882, 59.171980
13312.916, 300.463271, 58.882447
16851.873, 300.475833, 58.892181
3404.614, 300.537303, 58.947181
2128.137, 300.497191, 58.911065
31264.654, 300.649162, 59.053015
24114.252, 300.799443, 59.189397
21854.121, 300.518371, 58.935259
45594.266, 300.544051, 58.960597
6951.777, 300.766132, 59.160252
3880.039, 300.469715, 58.890567
7361.913, 300.656890, 59.062006
8217.005, 300.604953, 59.016171
12176.732, 300.818006, 59.209813
35342.641, 300.445701, 58.873501
3454.957, 300.739045, 59.137428
15608.371, 300.725859, 59.130027
3011.298, 300.734462, 59.135290
2614.436, 300.650541, 59.060923
30000.009, 300.686128, 59.096678
3014.690, 300.417373, 58.848134
11605.469, 300.456562, 58.885126
32905.018, 300.697636, 59.107823
57206.008, 300.737006, 59.144091
2630.559, 300.492231, 58.917697
2603.831, 300.517726, 58.940974
12576.349, 300.658406, 59.071041
10396.359, 300.802070, 59.200549
2183.536, 300.615949, 59.032485
5556.497, 300.461428, 58.894993
3510.908, 300.570765, 58.994879
3546.459, 300.701047, 59.113540
5157.710, 300.630408, 59.051049
12807.749, 300.412222, 58.852027
12416.846, 300.464444, 58.902717
14188.954, 300.419342, 58.860187
5177.512, 300.613589, 59.037634
19080.500, 300.434980, 58.876333
2162.678, 300.510143, 58.943138
23934.874, 300.676587, 59.097960
5107.318, 300.527538, 58.960863
2575.215, 300.614777, 59.041620
9025.815, 300.469315, 58.910935
6490.838, 300.436392, 58.880730
90229.315, 300.595854, 59.031220
27010.538, 300.627579, 59.058015
30005.931, 300.727026, 59.149488
12514.606, 300.416904, 58.865038
28438.346, 300.437564, 58.887094
94447.272, 300.562860, 59.002927
11250.908, 300.552677, 58.990350
27623.440, 300.615349, 59.050619
13428.933, 300.708497, 59.134265
8950.371, 300.399275, 58.853611
4768.379, 300.462364, 58.910769
81360.780, 300.526214, 58.975310
12003.255, 300.402296, 58.857432
2964.361, 300.551578, 58.994183
2573.453, 300.490463, 58.938703
32752.939, 300.653107, 59.090629
2129.100, 300.454306, 58.906917
4327.166, 300.601061, 59.042339
50788.405, 300.478208, 58.935722
13884.832, 300.712296, 59.146608
116900.932, 300.418033, 58.888825
5091.546, 300.605515, 59.051274
19980.255, 300.732150, 59.169337
2565.591, 300.406989, 58.870189
6964.700, 300.775709, 59.207746
16867.879, 300.491467, 58.950920
5202.167, 300.617421, 59.065873
36673.124, 300.638402, 59.087100
45665.220, 300.390078, 58.861012
3464.451, 300.443687, 58.907330
40009.756, 300.453627, 58.919167
23162.590, 300.673199, 59.119292
40614.455, 300.483272, 58.946586
3448.543, 300.563523, 59.018746
4363.044, 300.650751, 59.098580
52468.124, 300.709710, 59.155411
55676.098, 300.517282, 58.981528
4325.538, 300.576390, 59.032787
4774.198, 300.407119, 58.879764
2600.235, 300.569650, 59.028059
4302.928, 300.623169, 59.077459
8628.903, 300.607345, 59.064572
9928.801, 300.681987, 59.132975
7302.331, 300.386070, 58.862711
58650.810, 300.457743, 58.933266
12834.104, 300.625605, 59.083698
36521.981, 300.398382, 58.877213
2159.816, 300.587108, 59.048001
6549.589, 300.444050, 58.918096
12538.271, 300.525955, 58.994963
4771.218, 300.757149, 59.203863
20336.290, 300.683895, 59.139463
8680.918, 300.662977, 59.120293
2629.448, 300.392650, 58.872828
6437.509, 300.596626, 59.060453
4335.243, 300.552866, 59.020762
52429.371, 300.641612, 59.105743
259404.055, 300.431111, 58.920308
16794.592, 300.426506, 58.909682
29660.555, 300.502877, 58.980124
8095.429, 300.377573, 58.864330
25347.709, 300.697728, 59.158579
9146.832, 300.371890, 58.861091
9133.605, 300.618785, 59.086837
29289.692, 300.716044, 59.177052
3501.824, 300.511558, 58.989326
37058.066, 300.474042, 58.960660
30399.642, 300.514775, 59.001003
3511.531, 300.735687, 59.196173
17073.359, 300.410922, 58.903464
6946.307, 300.374221, 58.868413
12408.717, 300.388260, 58.882937
16909.158, 300.438895, 58.929567
2228.371, 300.448410, 58.937013
3391.202, 300.424509, 58.916098
12811.458, 300.433859, 58.926289
2577.156, 300.487433, 58.974375
2535.211, 300.693768, 59.163557
26135.961, 300.366829, 58.869351
5533.310, 300.373132, 58.871411
2164.642, 300.380658, 58.877427
2142.258, 300.592927, 59.074278
14570.343, 300.648645, 59.128237
122874.907, 300.387171, 58.897833
2556.559, 300.476560, 58.968790
3470.853, 300.540699, 59.027868
87368.271, 300.487951, 58.987894
5175.242, 300.629339, 59.110265
8994.729, 300.401291, 58.902891
41241.520, 300.678203, 59.158257
71077.612, 300.525196, 59.021816
133913.984, 300.626724, 59.119340
2641.879, 300.538600, 59.030619
5706.850, 300.748109, 59.221480
2134.599, 300.407178, 58.910228
8858.205, 300.732090, 59.208144
46887.995, 300.505889, 59.008544
15412.849, 300.423874, 58.930880
12364.391, 300.455780, 58.958996
66593.451, 300.511957, 59.013426
55221.788, 300.401680, 58.912959
6473.854, 300.570076, 59.063466
30982.746, 300.354986, 58.867816
27559.008, 300.368582, 58.882254
3446.842, 300.358413, 58.871795
16273.053, 300.431803, 58.942075
60674.121, 300.541023, 59.045081
2141.913, 300.560566, 59.058639
2563.745, 300.469217, 58.977911
5626.619, 300.554297, 59.057130
24434.256, 300.393239, 58.911981
3003.073, 300.522583, 59.030106
92556.463, 300.343503, 58.874528
2111.761, 300.497947, 59.007612
10921.190, 300.693711, 59.187472
2184.926, 300.468832, 58.982088
15220.450, 300.661318, 59.159801
2628.054, 300.402437, 58.922393
2569.602, 300.458140, 58.973957
9006.473, 300.493564, 59.009229
2679.034, 300.715342, 59.209214
18064.484, 300.359852, 58.886425
25461.704, 300.371654, 58.899930
65645.735, 300.505465, 59.026695
12578.508, 300.579792, 59.088308
29460.100, 300.669693, 59.171451
3048.070, 300.370520, 58.895155
3436.975, 300.489971, 59.005576
2589.066, 300.549748, 59.060297
2974.287, 300.591651, 59.098509
5680.180, 300.693392, 59.191752
23827.292, 300.414389, 58.939441
6415.583, 300.450720, 58.971290
16730.893, 300.502518, 59.020530
3404.791, 300.650868, 59.155529
49024.701, 300.580509, 59.096590
16393.865, 300.602124, 59.113865
6136.012, 300.712360, 59.212543
12957.335, 300.401109, 58.930521
35577.221, 300.587501, 59.102929
80902.366, 300.358226, 58.898794
5161.720, 300.433336, 58.960277
10311.091, 300.448264, 58.975457
39421.285, 300.347504, 58.890193
19802.340, 300.413486, 58.944644
36455.953, 300.473781, 59.003385
3068.970, 300.543317, 59.062884
16271.403, 300.607315, 59.123548
36325.340, 300.371633, 58.909945
15417.416, 300.424893, 58.957304
6879.789, 300.387609, 58.921898
2185.019, 300.559367, 59.079410
9027.833, 300.618945, 59.133860
14308.101, 300.679643, 59.190819
2192.768, 300.508512, 59.035447
17295.641, 300.635418, 59.153169
10721.786, 300.395696, 58.934248
2603.194, 300.528263, 59.055071
10952.448, 300.516195, 59.045876
7793.360, 300.618442, 59.139921
7244.972, 300.332589, 58.879317
31765.139, 300.563787, 59.096305
45841.599, 300.571036, 59.102205
88606.440, 300.323899, 58.881269
13843.749, 300.642307, 59.164084
21986.092, 300.500793, 59.036850
3402.074, 300.360188, 58.906636
5544.892, 300.388794, 58.934328
19454.111, 300.438193, 58.980936
7350.536, 300.464054, 59.004529
4760.616, 300.508046, 59.044501
5165.857, 300.553839, 59.087058
53499.911, 300.612899, 59.145596
27945.931, 300.374831, 58.926020
3885.783, 300.526180, 59.061625
14277.703, 300.528192, 59.066389
3854.585, 300.465321, 59.009285
11062.748, 300.383050, 58.934122
27308.420, 300.442006, 58.989979
3451.809, 300.540027, 59.077779
81720.378, 300.536746, 59.083674
14522.882, 300.411343, 58.961252
2544.760, 300.333912, 58.890759
6444.629, 300.507618, 59.051896
14380.066, 300.599140, 59.136666
7802.554, 300.634473, 59.168512
11342.023, 300.665400, 59.196371
7338.264, 300.398378, 58.952790
46668.592, 300.429970, 58.984451
7919.849, 300.526504, 59.070126
23757.595, 300.582361, 59.123928
9421.631, 300.454275, 59.006361
10380.168, 300.497964, 59.047931
5583.657, 300.502928, 59.051842
48248.682, 300.310020, 58.880373
28655.895, 300.464339, 59.018011
2153.455, 300.333397, 58.896592
110769.621, 300.365497, 58.937748
32218.028, 300.386944, 58.952568
18947.266, 300.509983, 59.062038
15642.172, 300.614748, 59.157499
66243.600, 300.661341, 59.202555
48671.166, 300.558528, 59.109257
3448.511, 300.335649, 58.903897
8529.701, 300.338658, 58.908149
79379.499, 300.537302, 59.094524
28965.453, 300.327130, 58.899800
4759.431, 300.434061, 58.996180
13681.106, 300.394205, 58.963399
11973.491, 300.494598, 59.055166
21997.196, 300.359327, 58.931889
7710.866, 300.419706, 58.987223
6915.975, 300.590261, 59.142162
5192.074, 300.330128, 58.904372
23771.349, 300.396770, 58.968437
2630.746, 300.447783, 59.012451
3883.096, 300.443580, 59.009620
29227.483, 300.624388, 59.177366
3456.753, 300.312653, 58.890058
3438.166, 300.404400, 58.974538
4778.280, 300.635125, 59.185861
22410.718, 300.451738, 59.020736
2187.530, 300.341541, 58.917766
15556.774, 300.476139, 59.043585
28828.086, 300.609801, 59.166314
2199.456, 300.682089, 59.229324
113041.587, 300.436690, 59.014198
33341.590, 300.298528, 58.884701
102883.326, 300.323513, 58.909203
9084.521, 300.412095, 58.986436
9500.106, 300.494343, 59.063695
31281.593, 300.369739, 58.951130
2146.435, 300.540326, 59.103711
6045.108, 300.541972, 59.105953
2995.349, 300.616966, 59.174233
2163.913, 300.430348, 59.003866
26026.618, 300.671615, 59.226464
53286.733, 300.471800, 59.049960
20443.461, 300.527651, 59.096423
40760.795, 300.423311, 59.002614
15953.054, 300.311919, 58.899332
15077.785, 300.383310, 58.964422
6125.342, 300.405282, 58.984290
6804.549, 300.413587, 58.992706
19230.523, 300.544813, 59.113628
6945.429, 300.451330, 59.027454
8167.843, 300.551630, 59.119609
3491.951, 300.654271, 59.211851
6444.441, 300.464381, 59.040735
5167.255, 300.593982, 59.159239
7400.539, 300.642688, 59.203625
2598.458, 300.303398, 58.893058
3888.948, 300.332612, 58.920238
3039.703, 300.467164, 59.044340
125567.330, 300.530252, 59.107587
11299.990, 300.609370, 59.176115
36688.971, 300.311073, 58.908880
5175.091, 300.350639, 58.940238
17090.275, 300.385149, 58.973523
30077.647, 300.592298, 59.163097
38403.407, 300.633361, 59.201567
21626.278, 300.675826, 59.239934
14186.592, 300.335666, 58.928875
89224.742, 300.427511, 59.022908
2171.713, 300.447531, 59.030176
19754.608, 300.664701, 59.230474
15422.197, 300.292437, 58.890680
6405.856, 300.345614, 58.937759
45220.869, 300.404991, 58.997678
12928.414, 300.576807, 59.150500
8104.508, 300.318037, 58.914303
2155.441, 300.325708, 58.919660
29655.983, 300.475181, 59.061874
2155.287, 300.484410, 59.065483
3046.154, 300.644929, 59.212798
7341.028, 300.299845, 58.898112
3082.291, 300.455126, 59.039855
6057.235, 300.598749, 59.171785
3914.015, 300.356500, 58.951396
3947.931, 300.375796, 58.971542
19551.577, 300.553572, 59.135559
2595.071, 300.365310, 58.961526
37627.987, 300.677218, 59.249754
18323.744, 300.434955, 59.030431
30045.310, 300.289256, 58.895573
2141.715, 300.315390, 58.916929
8588.325, 300.280394, 58.887339
6475.678, 300.533302, 59.118549
8644.927, 300.322544, 58.926787
7753.899, 300.334530, 58.937553
3858.291, 300.360447, 58.961207
7757.955, 300.420435, 59.016524
2141.320, 300.540708, 59.126777
82993.962, 300.611945, 59.196485
12187.558, 300.646922, 59.224273
13706.209, 300.326650, 58.932521
15979.886, 300.339639, 58.944743
8606.791, 300.350614, 58.954278
24378.203, 300.506394, 59.098531
28739.260, 300.575837, 59.162249
11236.342, 300.555115, 59.144706
6936.178, 300.551331, 59.139844
55660.757, 300.297766, 58.911923
10368.716, 300.392005, 58.996030
24934.056, 300.592671, 59.180937
6421.564, 300.455264, 59.054976
9476.466, 300.464038, 59.063544
16174.161, 300.313426, 58.927923
27579.464, 300.436402, 59.040438
17642.436, 300.656351, 59.240843
22311.069, 300.672808, 59.255646
7353.474, 300.273169, 58.889586
41599.666, 300.340321, 58.955036
5579.517, 300.447691, 59.050288
25746.334, 300.573799, 59.167922
8576.164, 300.455867, 59.059347
3909.320, 300.502024, 59.100713
16833.384, 300.528304, 59.126141
4729.107, 300.581574, 59.173301
31727.047, 300.439805, 59.046751
22001.483, 300.535648, 59.135329
6873.486, 300.457619, 59.063594
64020.115, 300.480987, 59.090103
16169.609, 300.328416, 58.947456
9399.196, 300.300172, 58.919838
3425.336, 300.410142, 59.020866
28045.022, 300.493769, 59.099248
43550.848, 300.416747, 59.032304
37198.536, 300.317239, 58.940903
33272.886, 300.445040, 59.058621
70826.833, 300.336077, 58.962118
6881.441, 300.519449, 59.126746
54376.170, 300.648262, 59.245121
5594.162, 300.283177, 58.909447
125455.367, 300.356430, 58.981333
4273.908, 300.424492, 59.040299
2150.934, 300.498687, 59.108092
19641.636, 300.300242, 58.930117
138162.552, 300.480861, 59.099889
13815.224, 300.284066, 58.915922
30288.749, 300.325358, 58.956297
8125.078, 300.467617, 59.084779
39059.208, 300.267484, 58.901931
8515.231, 300.279101, 58.911452
2196.854, 300.273764, 58.907400
4779.946, 300.316302, 58.947400
5618.996, 300.454521, 59.074779
21468.708, 300.650079, 59.254040
2186.386, 300.487116, 59.104466
5552.228, 300.607578, 59.216593
