# Source Fluxes and Coordinates
# Flux (e-/s), RA (deg), Dec (deg)
2747.678, 300.941637, 58.701156
43888.920, 301.089491, 58.838005
17524.536, 301.141777, 58.884079
43304.203, 301.055367, 58.809029
6073.424, 301.114780, 58.859604
27653.486, 300.910584, 58.678274
21742.364, 301.032122, 58.788208
3991.289, 301.108484, 58.855922
4463.866, 301.006050, 58.764167
14082.343, 301.117271, 58.865975
12027.043, 301.150899, 58.896557
17759.787, 300.986684, 58.750562
4873.474, 301.161464, 58.907839
47246.711, 301.055936, 58.817647
22879.203, 301.177746, 58.926939
2417.256, 300.926200, 58.698910
3210.962, 301.295071, 59.029821
5097.609, 301.074141, 58.836292
48347.608, 300.973395, 58.748973
3578.497, 300.958994, 58.733208
4400.442, 300.989989, 58.762285
10939.836, 301.271507, 59.014395
42439.026, 300.958850, 58.737473
12919.937, 301.085689, 58.849466
25815.314, 301.099739, 58.864173
11196.610, 301.071150, 58.839803
21694.987, 301.008742, 58.785574
30350.350, 300.880866, 58.674102
4434.872, 300.975336, 58.756872
8395.661, 301.060879, 58.835727
3258.131, 300.926327, 58.714605
39735.022, 301.181700, 58.947992
10668.178, 301.283210, 59.038352
2789.501, 300.900248, 58.694174
2823.231, 300.935137, 58.725813
6822.760, 301.206856, 58.970567
22517.413, 301.011459, 58.798285
24630.998, 301.111452, 58.888655
7535.136, 300.991579, 58.780603
34178.758, 301.134964, 58.911813
20025.126, 300.980988, 58.773362
59013.699, 300.929322, 58.731137
3959.929, 300.955142, 58.749256
94024.319, 301.202177, 58.976366
31351.073, 300.960917, 58.758881
14814.097, 300.876036, 58.682972
2005.799, 301.125141, 58.905662
9975.443, 300.972468, 58.770417
4812.656, 301.006733, 58.802162
57990.051, 301.166995, 58.949471
40433.139, 301.210457, 58.987397
13552.177, 300.979284, 58.778750
2389.379, 301.026708, 58.820019
102264.528, 301.247470, 59.025868
27886.373, 300.946076, 58.752867
7112.455, 300.914037, 58.720912
10972.364, 301.056653, 58.849658
6084.186, 301.269613, 59.039431
12564.429, 301.135748, 58.921528
11648.505, 300.982825, 58.786665
61416.519, 301.170749, 58.959029
7205.102, 300.879566, 58.693986
15557.092, 301.120484, 58.912081
7605.978, 300.961498, 58.769212
6259.691, 301.018723, 58.821001
4803.345, 300.868623, 58.685145
164828.450, 300.902995, 58.725205
2818.897, 300.927647, 58.738237
43730.628, 300.877127, 58.698326
3201.253, 300.916778, 58.729127
22255.536, 301.065041, 58.864985
3275.136, 300.998987, 58.805610
25517.130, 301.011044, 58.820317
7774.412, 301.070455, 58.871263
52280.925, 301.152549, 58.947744
13527.184, 300.890431, 58.710263
26439.169, 300.863744, 58.688832
14101.841, 300.941578, 58.759580
6389.745, 301.080825, 58.884861
20997.042, 301.108238, 58.910973
20285.601, 301.088026, 58.894709
59119.276, 300.862151, 58.694885
9447.057, 301.246253, 59.036389
4461.008, 300.944625, 58.769409
9602.360, 300.972059, 58.796179
43270.858, 300.996114, 58.820955
104894.840, 300.868534, 58.711975
15317.700, 300.985825, 58.811758
8506.376, 301.012665, 58.835351
136609.616, 301.070694, 58.896255
92261.394, 300.882232, 58.725103
49476.840, 301.109868, 58.926991
5208.643, 300.988301, 58.816217
3632.601, 300.917587, 58.753835
4809.801, 301.236447, 59.040871
4803.229, 300.920607, 58.757454
23570.325, 301.045119, 58.872824
4383.805, 300.934051, 58.771387
4415.048, 300.925602, 58.764583
19252.424, 300.941630, 58.780794
52767.260, 300.905283, 58.751942
53623.844, 300.943285, 58.787991
66802.398, 300.896409, 58.745893
48651.608, 301.104839, 58.934217
10065.365, 300.973977, 58.814558
29100.963, 301.112483, 58.941560
6312.844, 300.837546, 58.693564
61947.740, 301.167333, 58.994499
4413.916, 300.864199, 58.718294
41696.741, 300.995275, 58.840112
2842.098, 300.990556, 58.835622
10903.604, 301.047666, 58.887268
26934.652, 300.880813, 58.741565
3200.320, 300.829941, 58.692140
7521.731, 300.874966, 58.733597
66767.295, 301.015894, 58.864671
29186.255, 301.075857, 58.917101
4717.585, 300.922633, 58.777255
5201.353, 300.862426, 58.723807
4007.055, 300.950284, 58.804416
2834.047, 300.831479, 58.697861
13907.334, 301.157532, 58.993095
3998.816, 301.005874, 58.856437
10880.391, 301.107086, 58.947861
2850.628, 301.131383, 58.969156
7984.732, 300.913928, 58.774719
64111.145, 300.886217, 58.754811
61074.856, 300.970707, 58.834215
2447.421, 300.987520, 58.841176
148305.440, 301.137930, 58.982217
12666.111, 300.961743, 58.820376
8868.624, 301.034372, 58.885991
2054.922, 301.041707, 58.893641
6322.570, 300.825538, 58.699353
4809.851, 301.157025, 58.998014
6036.577, 301.127529, 58.973471
27802.061, 300.814554, 58.694719
28565.617, 300.835567, 58.713773
393814.391, 300.858122, 58.741488
121311.519, 301.026687, 58.890765
18564.540, 301.188881, 59.032349
6888.710, 301.067534, 58.923178
4822.150, 300.941162, 58.810915
2831.121, 300.921402, 58.793609
12402.951, 300.899056, 58.775522
27993.789, 300.950541, 58.823622
57883.670, 301.000578, 58.871625
28414.441, 300.955325, 58.828204
7223.215, 300.881073, 58.760447
6754.770, 300.915283, 58.791414
2479.611, 301.166500, 59.017281
19412.065, 300.819718, 58.709284
7655.807, 301.013497, 58.882218
6489.176, 301.062174, 58.926158
109974.264, 300.802262, 58.697203
7992.387, 300.979742, 58.852726
24296.788, 301.141169, 58.998698
4399.476, 301.067823, 58.932351
2818.440, 300.883542, 58.767009
4575.727, 301.048286, 58.915699
4420.814, 301.097655, 58.960856
43317.276, 300.956657, 58.839118
1298212.553, 300.811660, 58.724464
2025.086, 300.841917, 58.734768
4395.770, 300.804373, 58.704497
103130.647, 300.862902, 58.766458
4698.403, 300.956757, 58.846010
26908.381, 301.066800, 58.947542
4782.284, 300.796985, 58.702782
25325.989, 301.106775, 58.984490
135626.721, 301.023038, 58.914279
5143.425, 300.930753, 58.825462
10768.734, 300.922060, 58.819735
2052.895, 300.893455, 58.795426
34074.200, 301.111798, 58.995102
10485.639, 300.788444, 58.703070
2453.706, 300.854013, 58.762002
6398.356, 300.791290, 58.708484
6700.920, 300.891041, 58.799719
36808.709, 301.046860, 58.943182
114671.848, 301.131999, 59.022249
2849.547, 300.844221, 58.759925
26617.764, 300.962354, 58.868395
53091.897, 300.983420, 58.889298
53586.140, 301.119980, 59.012911
2002.878, 300.818066, 58.737439
51888.602, 300.916048, 58.830597
94039.503, 300.778575, 58.709190
5528.110, 300.923560, 58.834438
31103.468, 300.817205, 58.740852
22813.798, 300.988515, 58.895713
12701.472, 300.962109, 58.872766
4056.582, 301.035851, 58.937959
2402.945, 300.824163, 58.746920
4036.843, 300.852587, 58.776231
2383.497, 300.846829, 58.772520
91209.343, 300.935052, 58.858544
563322.734, 300.820248, 58.765617
9981.940, 300.904959, 58.830019
27266.690, 301.141396, 59.043771
32527.645, 301.100792, 59.008562
14879.337, 300.976166, 58.896540
8114.126, 301.026181, 58.940460
64883.607, 300.777463, 58.721762
27909.919, 301.074625, 58.986549
4811.109, 301.018939, 58.936127
16436.818, 301.063057, 58.977940
8522.468, 301.067364, 58.981867
7927.002, 300.797540, 58.739741
85764.136, 300.837258, 58.779765
3998.339, 300.871689, 58.805513
22884.759, 300.901525, 58.835722
4385.443, 301.056448, 58.974845
22721.368, 300.767242, 58.717351
5648.218, 300.800762, 58.746134
8037.505, 301.040673, 58.963665
2805.042, 301.126004, 59.039173
3560.428, 300.785872, 58.734033
37420.015, 301.138941, 59.054823
4423.550, 300.781403, 58.732018
11479.711, 300.784228, 58.737596
3585.487, 300.805993, 58.755885
5576.236, 300.827931, 58.775486
3570.206, 300.771755, 58.725771
35638.592, 300.923171, 58.867579
22620.946, 301.014461, 58.948271
30888.170, 300.884893, 58.832826
27274.601, 300.968515, 58.908137
3212.244, 300.913725, 58.857207
4056.019, 301.152557, 59.071960
13589.819, 300.985945, 58.924949
12181.733, 301.041297, 58.975453
39443.142, 301.059035, 58.992958
8020.498, 300.839364, 58.795697
17698.571, 300.794594, 58.758914
71358.557, 300.819480, 58.783562
5611.803, 300.846658, 58.805565
13226.645, 300.899882, 58.854020
32710.117, 300.760047, 58.733601
25463.269, 300.876081, 58.838305
34606.212, 300.980415, 58.933818
93401.595, 301.023910, 58.975942
17588.882, 300.849477, 58.814403
2035.661, 301.125886, 59.061595
34195.591, 301.130853, 59.070329
10304.153, 301.143607, 59.080669
23225.934, 300.801962, 58.774968
15112.029, 300.807794, 58.779453
28179.326, 300.837462, 58.807703
9063.928, 300.968883, 58.924192
262856.143, 300.738989, 58.724574
32946.972, 301.090054, 59.035365
8810.888, 300.777497, 58.752231
12045.053, 300.939841, 58.900287
42893.726, 300.761661, 58.742120
42092.277, 300.823156, 58.797921
9159.703, 301.004648, 58.959433
7616.389, 301.066019, 59.015701
3225.731, 300.733650, 58.716543
33970.114, 301.076888, 59.029121
3581.890, 300.750890, 58.732885
16956.205, 301.110612, 59.058883
121929.309, 300.965686, 58.940962
5587.547, 300.805245, 58.785064
64540.069, 300.846154, 58.827541
10832.598, 300.961790, 58.930465
3213.793, 300.928008, 58.898608
7689.397, 300.955950, 58.924403
13899.617, 300.808707, 58.793915
2419.319, 300.864831, 58.842831
7645.787, 300.930495, 58.902633
9568.917, 300.742129, 58.734364
2846.484, 300.873219, 58.852080
3208.994, 300.859791, 58.841207
21186.528, 300.928365, 58.906915
82609.426, 301.019974, 58.991967
2442.033, 300.919726, 58.898101
23129.956, 301.002901, 58.975495
4450.883, 300.946512, 58.923136
8802.772, 300.720718, 58.721065
26082.798, 300.888275, 58.876548
83607.452, 300.856747, 58.853379
3612.888, 300.800677, 58.795675
85424.325, 300.772220, 58.776904
11262.526, 300.977540, 58.958258
29183.227, 301.093478, 59.064610
32517.731, 300.742976, 58.749564
5536.651, 300.804812, 58.803345
2024.912, 300.723035, 58.728630
36222.735, 300.751266, 58.758469
5486.461, 300.818170, 58.817923
6367.010, 300.908040, 58.899011
5575.164, 300.874400, 58.868625
25629.406, 300.888946, 58.886026
216090.289, 301.016748, 59.006670
39896.563, 301.112202, 59.086912
4822.155, 300.844424, 58.845078
3185.624, 300.714430, 58.728753
29358.125, 300.785830, 58.796554
4700.795, 300.864745, 58.866673
23120.210, 300.744988, 58.762604
8011.013, 300.854087, 58.860659
4764.597, 300.709781, 58.730218
2396.093, 300.787775, 58.801475
7580.842, 300.894001, 58.899164
41773.213, 301.022116, 59.016851
47531.267, 300.805089, 58.822463
1988.172, 300.949481, 58.948599
14866.517, 300.978100, 58.975282
81399.040, 300.744663, 58.775367
45973.571, 300.767308, 58.789681
22178.307, 301.030991, 59.025617
52653.627, 300.734152, 58.760595
29648.623, 301.046529, 59.040367
7149.067, 300.773348, 58.794208
8361.254, 300.793689, 58.812203
2395.779, 300.921250, 58.927034
26019.342, 300.961216, 58.965800
21873.625, 300.755270, 58.779926
8042.894, 300.864968, 58.879516
8438.566, 300.717809, 58.746332
4822.670, 300.725836, 58.752619
3162.234, 300.855187, 58.870107
75336.963, 300.809218, 58.838437
3651.066, 300.876473, 58.890440
278762.676, 300.899845, 58.922734
41398.042, 301.092439, 59.089362
14331.927, 300.778516, 58.806043
1998.017, 300.694354, 58.729166
389831.132, 300.710629, 58.757699
11935.656, 300.875082, 58.895309
6396.518, 300.840128, 58.863814
4372.177, 300.708029, 58.745085
9137.812, 300.725083, 58.760967
9598.953, 300.850853, 58.875294
4452.367, 301.072527, 59.074420
26359.243, 300.732307, 58.770159
46749.826, 300.773490, 58.811180
2018.533, 301.025747, 59.033310
12991.511, 301.077837, 59.081247
57590.619, 300.746032, 58.792360
21226.914, 300.694953, 58.739454
20276.734, 300.831430, 58.864700
38922.363, 300.958767, 58.979617
2401.603, 300.769484, 58.807104
2007.738, 300.780387, 58.816916
14476.780, 300.800225, 58.837310
52051.522, 300.832751, 58.873988
4840.985, 300.979238, 59.002484
4797.771, 300.823480, 58.864189
15986.698, 300.844139, 58.885103
14542.561, 301.031780, 59.052650
49673.717, 300.953687, 58.985695
2443.402, 300.756908, 58.805333
13140.459, 300.797894, 58.844704
34559.023, 301.042202, 59.065645
19870.201, 300.682156, 58.742576
8085.943, 300.836381, 58.881114
9131.030, 300.730170, 58.785888
3968.504, 300.816900, 58.865621
24680.609, 300.844337, 58.893603
3673.692, 300.699864, 58.761040
6890.023, 300.978601, 59.013691
2802.973, 300.733655, 58.792829
10022.360, 300.819683, 58.872099
59646.330, 301.017815, 59.053380
3148.261, 300.858360, 58.906146
5226.353, 300.700532, 58.764709
5997.161, 300.781960, 58.839544
35996.234, 301.052957, 59.086209
3194.648, 300.786361, 58.844246
3995.995, 300.805271, 58.861385
12893.471, 301.042640, 59.076341
57035.237, 300.664057, 58.742037
6806.429, 300.719602, 58.784480
2040.436, 300.731478, 58.795954
10637.624, 300.812039, 58.871379
15967.221, 300.886421, 58.939053
17153.046, 300.674166, 58.747965
3989.836, 300.760176, 58.824071
4382.089, 300.807030, 58.867504
31369.603, 300.717688, 58.789824
2393.091, 300.722980, 58.793094
2012.462, 300.776250, 58.841195
2394.690, 300.782940, 58.847407
10819.131, 300.760911, 58.829844
57442.945, 300.830126, 58.895975
3622.988, 300.728054, 58.800636
21993.719, 300.740998, 58.814771
51832.465, 300.926323, 58.985058
36680.034, 300.948482, 59.005055
6002.680, 300.956506, 59.009731
32203.598, 301.047446, 59.093724
3644.814, 300.854999, 58.920719
17551.970, 300.694445, 58.778826
3961.661, 300.791552, 58.865299
13886.722, 300.799237, 58.875213
65291.701, 300.845085, 58.917989
4353.405, 300.732923, 58.815339
9549.831, 300.984397, 59.043479
4423.524, 300.747205, 58.829176
5194.459, 300.785056, 58.866376
10055.405, 300.885021, 58.956715
13300.776, 300.970024, 59.033316
3518.497, 300.798995, 58.878637
2810.954, 300.913600, 58.983000
46072.213, 300.914047, 58.987210
23569.256, 300.775658, 58.865376
36751.127, 300.958849, 59.030086
2042.087, 301.018669, 59.080176
2843.920, 300.739134, 58.829471
24743.296, 300.767857, 58.859285
21495.291, 300.664317, 58.763627
6314.636, 300.685176, 58.783031
2833.113, 300.818459, 58.903061
356257.984, 300.956679, 59.044311
12426.871, 301.023014, 59.090237
20926.716, 300.638872, 58.745194
3225.859, 300.658679, 58.761328
6393.394, 300.688808, 58.789552
24540.871, 300.702985, 58.803880
28486.999, 301.036594, 59.104545
69039.652, 300.718636, 58.822652
17774.413, 301.026534, 59.097780
3224.351, 301.041673, 59.109484
31114.124, 300.867742, 58.956901
19283.322, 300.939047, 59.024064
88077.797, 300.993375, 59.075512
3987.513, 300.687407, 58.794829
62961.835, 300.729379, 58.838320
7582.345, 300.742214, 58.847740
61179.557, 300.872400, 58.970064
45843.900, 300.707643, 58.821289
3169.519, 300.694471, 58.805749
35232.292, 300.801734, 58.906262
2868.050, 300.865739, 58.961069
2880.863, 301.015158, 59.094871
1948.049, 300.898839, 58.990957
28762.705, 300.767999, 58.877273
19542.365, 300.808177, 58.913886
22127.909, 300.884952, 58.983829
16557.104, 300.939306, 59.031166
3211.343, 300.654617, 58.773087
6365.829, 300.748516, 58.858982
83956.219, 300.630616, 58.757616
4012.330, 300.774438, 58.882925
76031.046, 300.894152, 58.994758
71952.729, 300.659470, 58.784931
8483.327, 300.862727, 58.964817
15948.259, 300.697479, 58.817392
169450.641, 300.749421, 58.872076
59461.548, 300.774725, 58.890464
8834.286, 300.687821, 58.808878
21953.750, 300.883801, 58.988903
1996.703, 300.870957, 58.977426
45212.572, 300.674563, 58.804312
5972.529, 300.643894, 58.774143
11864.347, 300.737839, 58.861966
23336.520, 300.907803, 59.015110
9143.581, 300.697863, 58.824805
11884.332, 300.643639, 58.777898
30597.549, 300.661867, 58.794215
22020.301, 300.829344, 58.948032
15368.645, 300.973579, 59.077055
56302.187, 300.611881, 58.755332
2354.438, 300.824360, 58.942618
117048.226, 300.645768, 58.788947
11787.489, 300.864011, 58.981334
12268.381, 300.682570, 58.817855
11216.069, 300.803451, 58.928019
15079.096, 300.723621, 58.856249
133393.794, 300.750565, 58.890311
53726.451, 300.878123, 59.001716
34185.017, 300.964406, 59.077848
26609.131, 300.627650, 58.773366
25128.574, 300.702775, 58.841317
35608.163, 300.662669, 58.807221
33973.312, 300.610487, 58.760266
3220.954, 300.617410, 58.763498
58171.818, 300.936736, 59.058115
3597.847, 300.801865, 58.932494
11196.400, 300.654339, 58.802087
165912.957, 300.813784, 58.954288
2368.434, 300.801416, 58.935022
27430.297, 300.636471, 58.790498
68674.982, 300.828303, 58.964996
17637.572, 300.991441, 59.109344
13136.402, 300.708759, 58.855975
5236.414, 300.715878, 58.860075
107190.228, 300.674697, 58.830992
2406.851, 300.696694, 58.843955
26093.739, 300.885670, 59.016887
13112.403, 300.653307, 58.808323
4792.253, 300.723374, 58.870088
38033.813, 300.924929, 59.054821
4332.651, 300.696144, 58.846128
3995.186, 300.871439, 59.006301
24393.726, 300.617597, 58.778987
7296.385, 300.968994, 59.094530
5225.775, 300.737378, 58.887636
55883.738, 300.837842, 58.982785
11136.771, 300.817831, 58.963724
46136.315, 300.923065, 59.060840
47653.095, 300.686200, 58.850646
11959.716, 300.703340, 58.861099
2446.177, 300.598987, 58.766594
6367.156, 300.627194, 58.792873
31996.137, 300.648958, 58.815200
2879.918, 300.736457, 58.891471
41541.824, 300.737251, 58.896486
90162.374, 300.602065, 58.776689
4055.239, 300.629580, 58.796953
3191.832, 300.702761, 58.864271
184485.421, 300.850476, 59.004901
5509.977, 300.611234, 58.782169
74693.597, 300.726621, 58.891533
3614.234, 300.690258, 58.855060
2396.784, 300.822594, 58.974259
107858.034, 300.635851, 58.813105
15985.532, 300.837855, 58.992677
3659.378, 300.966036, 59.106970
13101.885, 300.650009, 58.825315
11629.167, 300.776367, 58.939049
2396.824, 300.590169, 58.769343
17137.701, 300.799813, 58.963493
3229.278, 300.663375, 58.838077
13530.231, 300.671732, 58.847802
18493.690, 300.788673, 58.953040
20824.220, 300.590285, 58.775961
15134.388, 300.649891, 58.829880
50060.382, 300.607293, 58.793288
16679.622, 300.641811, 58.824533
2056.590, 300.920655, 59.074083
11475.273, 300.580648, 58.769825
1984.677, 300.944367, 59.097001
20297.050, 300.688307, 58.870737
16216.196, 300.805584, 58.977194
36979.933, 300.780138, 58.956730
14412.877, 300.655488, 58.841874
4808.052, 300.723288, 58.904391
5546.477, 300.691308, 58.875987
12787.274, 300.917118, 59.081239
9178.931, 300.676095, 58.864288
20539.765, 300.823832, 58.999254
15221.415, 300.619836, 58.813720
6802.751, 300.884507, 59.052922
3974.995, 300.672543, 58.861630
38520.218, 300.827123, 59.004818
6375.747, 300.919263, 59.085138
3557.898, 300.588969, 58.786230
11222.650, 300.733323, 58.918291
13610.725, 300.647388, 58.841686
1992.466, 300.699388, 58.886966
10441.669, 300.725874, 58.912758
5600.657, 300.863559, 59.037556
18932.661, 300.941885, 59.109101
36851.565, 300.682842, 58.877820
1995.093, 300.693723, 58.885004
24059.471, 300.714311, 58.906142
16340.504, 300.562067, 58.768640
12217.552, 300.908146, 59.082619
60948.980, 300.802267, 58.993360
3912.351, 300.880664, 59.057935
2374.543, 300.646493, 58.846759
24843.130, 300.746838, 58.941445
45048.760, 300.795101, 58.987142
63892.327, 300.888424, 59.070493
4400.909, 300.681030, 58.883640
60723.955, 300.829525, 59.020700
70785.279, 300.641326, 58.852635
34836.952, 300.731313, 58.934343
4856.397, 300.876261, 59.061300
10351.757, 300.689763, 58.895093
41492.126, 300.764649, 58.965781
33433.196, 300.695225, 58.903987
5636.759, 300.562631, 58.782761
13192.256, 300.773600, 58.975133
3638.426, 300.580216, 58.800167
24326.494, 300.647476, 58.864307
30461.435, 300.666297, 58.881927
2022.592, 300.568942, 58.792734
4856.127, 300.717607, 58.928809
20068.895, 300.601024, 58.824915
8349.942, 300.577579, 58.803805
23264.341, 300.649968, 58.870594
39304.340, 300.788420, 58.999463
1961.368, 300.942765, 59.132634
18626.559, 300.654624, 58.876201
2092.878, 300.846269, 59.047600
56713.142, 300.677831, 58.902000
48831.355, 300.880796, 59.084266
7129.797, 300.633020, 58.859693
31687.667, 300.738824, 58.958589
37610.903, 300.817757, 59.029513
1998.025, 300.603756, 58.832851
6399.593, 300.635664, 58.863527
33801.967, 300.824165, 59.037012
4829.831, 300.611707, 58.842556
10302.865, 300.567219, 58.803644
11518.925, 300.921957, 59.125337
21610.553, 300.775579, 58.995595
11992.505, 300.755325, 58.977944
28796.791, 300.533449, 58.778079
10727.781, 300.636009, 58.871067
4406.436, 300.653248, 58.885359
3611.767, 300.542721, 58.784957
3213.885, 300.646183, 58.879028
179891.501, 300.653798, 58.892781
7552.365, 300.758174, 58.982729
23462.589, 300.895371, 59.106434
7143.052, 300.618402, 58.857442
36107.948, 300.683143, 58.918540
8685.843, 300.637314, 58.876007
47818.170, 300.737830, 58.971139
35087.820, 300.572861, 58.821686
12747.327, 300.690340, 58.928057
146258.035, 300.905029, 59.126590
2394.319, 300.557016, 58.806064
3591.310, 300.566273, 58.815233
9951.335, 300.599453, 58.846447
3169.300, 300.641348, 58.885056
16217.168, 300.851197, 59.076715
30568.782, 300.886161, 59.112300
5970.914, 300.553845, 58.807412
3586.056, 300.588250, 58.838459
85777.942, 300.611207, 58.868629
2754.929, 300.716674, 58.955621
27087.846, 300.621619, 58.873195
8039.699, 300.912822, 59.133368
6443.863, 300.526663, 58.784175
4799.907, 300.669915, 58.915006
5218.896, 300.793446, 59.026651
20982.078, 300.543341, 58.803138
354662.019, 300.627367, 58.886399
86019.233, 300.599212, 58.858402
25691.264, 300.717702, 58.962759
13910.387, 300.582976, 58.842201
13107.062, 300.621834, 58.879286
4064.892, 300.765603, 59.006068
7518.313, 300.641946, 58.895804
28914.144, 300.802140, 59.044676
25645.957, 300.524386, 58.795011
8831.079, 300.565598, 58.830915
12711.206, 300.615541, 58.877413
39458.246, 300.673667, 58.932473
80136.605, 300.665104, 58.926620
65027.625, 300.848872, 59.092683
3606.579, 300.678275, 58.935284
12800.705, 300.844485, 59.086758
6799.536, 300.900671, 59.136092
7167.795, 300.515712, 58.788348
16673.419, 300.509610, 58.784917
24049.298, 300.529023, 58.803122
6796.929, 300.801856, 59.049642
38898.028, 300.585587, 58.858682
1971.365, 300.735485, 58.990750
2048.006, 300.693872, 58.955609
9560.126, 300.699611, 58.961754
3187.865, 300.852452, 59.098594
1987.361, 300.515392, 58.793345
3599.741, 300.754855, 59.011912
9728.992, 300.801123, 59.054671
4397.909, 300.818467, 59.069911
2030.199, 300.536183, 58.813408
8381.009, 300.595708, 58.869088
10989.555, 300.890373, 59.135552
6366.414, 300.739296, 59.000203
5154.988, 300.509114, 58.791313
9547.101, 300.600689, 58.876834
4007.397, 300.540710, 58.821095
3178.255, 300.616225, 58.890080
4394.955, 300.774329, 59.033415
3091.780, 300.587337, 58.864454
4030.907, 300.783089, 59.042405
2761.402, 300.707392, 58.974813
3980.914, 300.629843, 58.904997
16493.771, 300.841383, 59.097964
19321.691, 300.565177, 58.849189
64667.615, 300.620801, 58.899886
33418.766, 300.782639, 59.047297
2884.757, 300.788665, 59.050788
21740.489, 300.809966, 59.071929
63479.445, 300.893334, 59.151156
2042.049, 300.835876, 59.097367
29097.004, 300.872894, 59.134621
16884.391, 300.565412, 58.854899
5150.327, 300.495149, 58.789886
9912.311, 300.553520, 58.844210
2820.488, 300.707075, 58.983775
31907.145, 300.741388, 59.018336
47979.601, 300.789506, 59.063517
16775.846, 300.543570, 58.837107
4735.069, 300.643753, 58.927211
10772.777, 300.660144, 58.943654
2404.362, 300.586324, 58.875311
4771.031, 300.628691, 58.915172
23292.702, 300.664328, 58.949872
4387.338, 300.507569, 58.805575
3200.737, 300.525929, 58.822874
2026.961, 300.725216, 59.003995
5121.855, 300.545983, 58.843666
21257.980, 300.675255, 58.964446
4424.170, 300.558237, 58.856700
95247.742, 300.579415, 58.881351
21713.469, 300.886848, 59.156255
18204.677, 300.828019, 59.103726
19367.462, 300.812921, 59.091017
85255.401, 300.492306, 58.805920
17454.124, 300.504007, 58.811960
2775.477, 300.591984, 58.889899
5568.252, 300.529545, 58.833620
16423.777, 300.569271, 58.871816
3607.313, 300.798499, 59.078582
15162.860, 300.745703, 59.033123
8430.652, 300.519945, 58.827414
33297.692, 300.656805, 58.954416
16413.768, 300.721706, 59.013885
5970.911, 300.559602, 58.863883
31968.537, 300.777629, 59.064025
7966.497, 300.693302, 58.986621
49028.657, 300.537461, 58.849150
2010.557, 300.627182, 58.927169
10410.832, 300.874260, 59.152427
8779.232, 300.486824, 58.800717
13139.885, 300.508932, 58.822722
5227.899, 300.478693, 58.794144
5566.411, 300.588393, 58.895587
11174.427, 300.613677, 58.918573
22351.656, 300.720583, 59.022756
3189.680, 300.821828, 59.105656
5541.214, 300.561289, 58.870916
48318.459, 300.810794, 59.101594
22546.739, 300.634820, 58.941619
18979.735, 300.742253, 59.038668
27848.316, 300.657477, 58.963764
288593.680, 300.702846, 59.009983
5915.277, 300.845113, 59.131142
2367.089, 300.482874, 58.802877
5583.183, 300.561049, 58.875040
26042.241, 300.772304, 59.068230
13550.976, 300.544604, 58.862442
2384.929, 300.628168, 58.938148
2746.016, 300.574141, 58.889868
30463.867, 300.711411, 59.017353
5259.338, 300.550716, 58.869605
4475.095, 300.538470, 58.859276
7964.697, 300.559485, 58.879157
6808.898, 300.846223, 59.139666
6709.142, 300.510211, 58.836302
54175.753, 300.558546, 58.885678
24232.255, 300.582879, 58.906247
17311.576, 300.661323, 58.977160
4757.006, 300.471343, 58.803416
5874.367, 300.481485, 58.813974
39289.004, 300.612259, 58.936225
11050.885, 300.545080, 58.873154
5996.514, 300.637914, 58.956875
40050.506, 300.740543, 59.054886
6022.782, 300.750547, 59.059350
34134.102, 300.777819, 59.085991
74236.958, 300.487523, 58.826417
4045.377, 300.539199, 58.868424
22327.604, 300.828333, 59.132077
16895.975, 300.660523, 58.981348
63169.182, 300.719753, 59.039585
2382.024, 300.765769, 59.075615
1985.152, 300.847504, 59.149196
8462.481, 300.470485, 58.810843
4000.297, 300.636291, 58.960541
3979.958, 300.567782, 58.898180
2402.356, 300.689976, 59.009261
2437.114, 300.563510, 58.895123
2763.952, 300.731290, 59.047445
15358.907, 300.747226, 59.063719
43950.316, 300.765482, 59.081792
4369.674, 300.514824, 58.851607
39617.045, 300.622948, 58.953469
36767.279, 300.813150, 59.125031
13119.693, 300.572487, 58.907600
12011.552, 300.504483, 58.846950
33745.803, 300.637651, 58.968479
5080.845, 300.498372, 58.840817
5176.051, 300.478343, 58.823433
12016.289, 300.555859, 58.894992
6336.470, 300.563107, 58.900759
35635.214, 300.448769, 58.800507
13980.090, 300.485298, 58.831636
2375.110, 300.595345, 58.930461
8388.772, 300.836449, 59.149662
2815.901, 300.841870, 59.153198
2459.126, 300.846043, 59.157849
2789.580, 300.456107, 58.805454
1984.415, 300.513268, 58.858489
2396.523, 300.531131, 58.874674
8728.819, 300.546517, 58.889697
2034.920, 300.472102, 58.821272
4366.578, 300.538461, 58.883674
7278.930, 300.522324, 58.872527
12822.232, 300.596167, 58.941019
15326.688, 300.810875, 59.134808
2423.644, 300.484921, 58.837739
7250.028, 300.695198, 59.029726
39666.516, 300.589787, 58.937272
5562.809, 300.491375, 58.845723
48441.696, 300.708435, 59.047034
44341.987, 300.639455, 58.984525
7974.285, 300.538934, 58.894361
4424.028, 300.768745, 59.102755
9516.838, 300.457750, 58.821897
29857.339, 300.466321, 58.832065
25899.578, 300.655644, 59.003784
35799.984, 300.734012, 59.074532
5664.709, 300.528213, 58.886107
30439.931, 300.447653, 58.815215
1995.581, 300.482530, 58.844196
8821.454, 300.462233, 58.828318
10326.271, 300.539689, 58.898559
2764.254, 300.548156, 58.905588
3240.318, 300.572527, 58.927702
32339.654, 300.672766, 59.021779
27629.108, 300.509041, 58.873071
5562.533, 300.544213, 58.903290
3116.709, 300.475346, 58.840219
10768.400, 300.483919, 58.849654
9655.416, 300.710577, 59.058417
9168.845, 300.464740, 58.837226
35114.030, 300.528469, 58.897081
12806.112, 300.714743, 59.064008
87846.254, 300.767401, 59.115276
5580.595, 300.556076, 58.919676
29374.725, 300.688766, 59.042729
6403.224, 300.703500, 59.054434
3270.535, 300.455268, 58.828252
13300.099, 300.585571, 58.948619
20885.012, 300.664344, 59.020615
3612.532, 300.539377, 58.907123
7226.875, 300.615763, 58.977289
5170.433, 300.672018, 59.028097
14079.967, 300.653222, 59.013129
27889.121, 300.801562, 59.147945
3555.821, 300.433720, 58.812223
6776.297, 300.500066, 58.873515
11128.030, 300.547630, 58.917839
5241.013, 300.624096, 58.986855
6336.907, 300.511148, 58.886259
2827.060, 300.610374, 58.975751
14030.863, 300.711550, 59.071138
45344.533, 300.734666, 59.095000
45188.930, 300.776624, 59.133472
2844.900, 300.448489, 58.832205
6354.842, 300.479549, 58.862163
27614.987, 300.818343, 59.171985
52605.494, 300.479249, 58.866891
15552.069, 300.487548, 58.874891
11979.819, 300.593433, 58.969063
38163.063, 300.750287, 59.112964
43416.755, 300.463748, 58.856131
24296.136, 300.430004, 58.822194
43778.646, 300.606577, 58.985900
13543.689, 300.543413, 58.927923
71539.240, 300.631276, 59.013106
16227.164, 300.644171, 59.019329
4883.589, 300.532671, 58.918297
32923.985, 300.563779, 58.949288
16438.721, 300.619909, 58.999560
9159.705, 300.456414, 58.850650
3983.535, 300.553013, 58.939109
34852.457, 300.490184, 58.885316
15919.765, 300.431963, 58.832488
6404.455, 300.581959, 58.967662
6365.199, 300.422622, 58.822548
7972.661, 300.524462, 58.917038
18815.424, 300.496695, 58.893781
15558.741, 300.667206, 59.049736
27524.798, 300.712044, 59.090968
8364.341, 300.546365, 58.939116
44286.394, 300.617212, 59.008195
27498.806, 300.447635, 58.852628
1972.298, 300.502291, 58.901501
64937.582, 300.643697, 59.034898
2016.065, 300.796246, 59.167843
3223.293, 300.429474, 58.835660
5217.175, 300.523835, 58.923331
8467.222, 300.568211, 58.963420
1960.748, 300.585726, 58.978464
59545.648, 300.721633, 59.106983
8778.295, 300.455030, 58.861054
6832.058, 300.798140, 59.172153
9842.511, 300.450312, 58.858979
7189.481, 300.516853, 58.920443
8761.349, 300.421178, 58.833970
4371.293, 300.702178, 59.088306
4857.451, 300.745457, 59.127989
2761.763, 300.752925, 59.134378
58477.072, 300.520679, 58.928370
9626.417, 300.416587, 58.830988
170762.604, 300.456897, 58.875816
2018.737, 300.529988, 58.933899
324918.648, 300.579807, 58.990612
5637.635, 300.748739, 59.132809
2814.773, 300.554623, 58.957647
6409.523, 300.454634, 58.867875
35109.514, 300.396345, 58.818894
2857.891, 300.752351, 59.139251
28905.864, 300.764062, 59.153241
42168.770, 300.641763, 59.045161
31721.737, 300.695018, 59.092080
4375.735, 300.532028, 58.942444
14489.806, 300.784180, 59.172269
28765.174, 300.649147, 59.052826
31411.450, 300.477144, 58.896415
1969.725, 300.488469, 58.906955
6783.253, 300.607055, 59.015359
7539.797, 300.518093, 58.936167
2375.261, 300.496748, 58.916048
20166.750, 300.543807, 58.960929
10284.722, 300.560215, 58.975833
26179.628, 300.631590, 59.041499
2397.652, 300.414331, 58.841482
20224.974, 300.451592, 58.883033
1997.341, 300.522173, 58.943340
38962.183, 300.698185, 59.107739
6402.116, 300.726074, 59.129943
9120.315, 300.758286, 59.159208
14436.115, 300.388150, 58.824326
26532.395, 300.685589, 59.097178
56559.351, 300.577701, 59.000890
52059.459, 300.736799, 59.144140
3239.705, 300.416530, 58.851952
5615.770, 300.422990, 58.857705
13114.792, 300.388829, 58.829010
2880.398, 300.656292, 59.071281
8327.387, 300.506925, 58.938195
11155.573, 300.477854, 58.912089
3616.500, 300.530615, 58.959926
5630.254, 300.774977, 59.181877
8685.042, 300.376266, 58.821262
3211.498, 300.549483, 58.979262
6433.788, 300.482172, 58.918836
4828.012, 300.411521, 58.854940
2033.977, 300.521658, 58.955512
23633.724, 300.676176, 59.097849
86937.732, 300.596420, 59.031269
11834.553, 300.438432, 58.883532
84979.092, 300.564048, 59.002964
34357.370, 300.627349, 59.058112
18033.270, 300.632820, 59.061857
16748.971, 300.590229, 59.024129
31561.473, 300.647817, 59.077199
8385.740, 300.526806, 58.966431
4843.264, 300.662129, 59.088900
20659.831, 300.727242, 59.149251
61450.150, 300.395157, 58.851425
6364.641, 300.425713, 58.876213
12030.584, 300.436354, 58.886940
20414.078, 300.615021, 59.050670
1986.408, 300.447541, 58.896558
2815.231, 300.608323, 59.042752
2903.093, 300.708734, 59.133769
25692.349, 300.745963, 59.171606
4302.106, 300.701650, 59.131014
3225.838, 300.738061, 59.163659
7594.718, 300.494004, 58.943917
3599.118, 300.507447, 58.955492
62187.381, 300.524290, 58.975422
114478.991, 300.417839, 58.888480
1975.190, 300.447934, 58.901314
25750.725, 300.652768, 59.090975
5980.193, 300.612988, 59.053678
13119.471, 300.474549, 58.930040
41602.372, 300.478847, 58.935045
2424.558, 300.485087, 58.938218
6006.492, 300.498600, 58.950813
7950.433, 300.397260, 58.858916
4824.669, 300.375444, 58.839139
11176.637, 300.509169, 58.962490
12231.186, 300.712419, 59.146676
2395.174, 300.529023, 58.980155
6358.761, 300.431294, 58.892655
4403.734, 300.466897, 58.924336
13913.897, 300.669479, 59.112540
21304.235, 300.491678, 58.951242
2414.346, 300.567540, 59.018732
18176.035, 300.732272, 59.169441
7990.076, 300.366028, 58.836320
4432.603, 300.399865, 58.866708
33026.209, 300.453033, 58.918857
15581.679, 300.615831, 59.066093
30638.261, 300.673046, 59.119300
9914.190, 300.391350, 58.861273
2041.763, 300.651031, 59.098336
4039.732, 300.683353, 59.128390
48609.340, 300.709963, 59.155528
31130.468, 300.516695, 58.980328
2356.769, 300.589193, 59.043313
4063.016, 300.621186, 59.072345
32496.868, 300.357897, 58.836192
13556.794, 300.393160, 58.866116
6738.967, 300.423012, 58.893652
8871.080, 300.484026, 58.949361
15484.152, 300.595411, 59.051442
11095.913, 300.393844, 58.870791
30125.480, 300.458563, 58.931578
3174.293, 300.649794, 59.102446
33262.028, 300.398624, 58.877241
2057.713, 300.608179, 59.065435
1995.461, 300.352475, 58.832586
8883.739, 300.527736, 58.994095
9139.267, 300.366434, 58.846956
225060.584, 300.431576, 58.919765
8381.036, 300.715758, 59.165846
4724.794, 300.404314, 58.882349
62061.932, 300.642502, 59.106135
20660.111, 300.683886, 59.139488
4071.901, 300.349535, 58.834158
8054.153, 300.663057, 59.120086
2407.163, 300.546542, 59.014824
5554.012, 300.549360, 59.017669
17027.037, 300.503176, 58.979402
30435.958, 300.371226, 58.860444
16278.486, 300.453780, 58.935611
3954.636, 300.657523, 59.117844
49135.645, 300.440981, 58.927442
3158.388, 300.389818, 58.875279
7191.088, 300.426478, 58.909671
1971.355, 300.659541, 59.121178
24210.837, 300.697668, 59.158596
22866.259, 300.716336, 59.176865
17109.878, 300.488043, 58.970412
4330.844, 300.354744, 58.846810
5212.305, 300.482474, 58.964388
37356.527, 300.467032, 58.954582
5952.670, 300.391362, 58.882101
37467.287, 300.474431, 58.960711
4039.671, 300.592634, 59.066667
23465.817, 300.358849, 58.857363
2888.951, 300.678738, 59.146477
14461.264, 300.379439, 58.876210
16319.198, 300.408149, 58.903486
2066.276, 300.393869, 58.889668
4733.256, 300.370779, 58.869932
2816.639, 300.449740, 58.942036
116008.053, 300.388789, 58.897309
3609.244, 300.700021, 59.171129
2003.735, 300.442721, 58.937172
2027.620, 300.616822, 59.096841
63497.942, 300.331302, 58.840345
117875.997, 300.628104, 59.119146
4370.081, 300.706942, 59.180305
25669.665, 300.491273, 58.986702
40904.029, 300.678140, 59.158102
64106.471, 300.525237, 59.021948
26543.259, 300.348557, 58.859424
12345.149, 300.459205, 58.959450
12226.310, 300.576628, 59.066221
3214.342, 300.366480, 58.874091
3565.630, 300.453048, 58.953991
6468.646, 300.698280, 59.177267
16431.675, 300.353274, 58.866248
77465.081, 300.398358, 58.912448
65196.264, 300.511801, 59.013310
4401.194, 300.339237, 58.853363
27506.902, 300.485042, 58.989947
32767.133, 300.364924, 58.882565
41519.709, 300.504870, 59.008423
3192.527, 300.535752, 59.033554
7909.833, 300.561996, 59.059233
2379.816, 300.476640, 58.981789
60694.679, 300.540875, 59.044978
31070.436, 300.407998, 58.922681
4739.479, 300.697205, 59.183345
18026.931, 300.329510, 58.850610
2763.682, 300.337095, 58.856060
20612.676, 300.554099, 59.056759
4807.337, 300.320486, 58.842681
75503.346, 300.345030, 58.873271
4082.438, 300.603084, 59.100163
13158.179, 300.456642, 58.968740
13538.625, 300.340756, 58.863002
5556.695, 300.360065, 58.879688
9096.507, 300.370933, 58.891612
2374.740, 300.525504, 59.031134
55405.477, 300.671654, 59.169968
8862.535, 300.343906, 58.867526
2012.649, 300.452318, 58.965575
11286.957, 300.571157, 59.076895
18464.472, 300.661168, 59.159978
9343.809, 300.693306, 59.187775
13715.449, 300.373906, 58.899265
10109.912, 300.579761, 59.087627
9516.598, 300.362669, 58.890971
21515.820, 300.403491, 58.930592
27918.400, 300.413971, 58.939653
2397.466, 300.623796, 59.129166
22230.262, 300.505359, 59.026208
18895.290, 300.305690, 58.842913
2409.370, 300.493004, 59.012503
41824.365, 300.580689, 59.096702
28273.462, 300.587386, 59.102632
26614.993, 300.412722, 58.944208
2808.752, 300.646608, 59.155339
70934.021, 300.357316, 58.898582
4403.141, 300.449036, 58.977238
2716.553, 300.562927, 59.080798
2391.990, 300.619675, 59.132759
19026.466, 300.303658, 58.847513
5969.917, 300.372152, 58.909331
5552.691, 300.456512, 58.987613
12816.219, 300.471917, 59.002587
6075.517, 300.606871, 59.124190
13735.628, 300.679980, 59.190698
14364.084, 300.347856, 58.890560
2395.808, 300.405635, 58.941375
14205.543, 300.635559, 59.153055
6795.145, 300.673168, 59.185317
83177.231, 300.323406, 58.870870
4856.040, 300.382717, 58.921919
5960.076, 300.375026, 58.916344
4814.048, 300.447594, 58.982395
27692.921, 300.619321, 59.140801
4354.917, 300.368425, 58.911605
2790.532, 300.296603, 58.845771
17212.462, 300.419658, 58.962858
15424.529, 300.431095, 58.972048
12503.227, 300.574134, 59.101688
13345.333, 300.643211, 59.164181
25973.218, 300.500118, 59.037249
3964.694, 300.337362, 58.886729
17705.800, 300.438058, 58.980596
5950.735, 300.298765, 58.852665
8708.753, 300.341550, 58.893817
5993.949, 300.325716, 58.877892
28365.855, 300.629372, 59.157384
4024.579, 300.459026, 59.000986
6803.701, 300.507581, 59.046035
33650.646, 300.527480, 59.067858
17515.983, 300.563228, 59.097577
56013.170, 300.323465, 58.882791
3882.593, 300.600596, 59.132026
44171.919, 300.611935, 59.145539
9582.302, 300.508748, 59.049529
16703.426, 300.532352, 59.074593
17352.153, 300.566669, 59.102996
17166.996, 300.441230, 58.989683
8398.031, 300.306588, 58.866132
437411.290, 300.304062, 58.874792
12791.086, 300.289858, 58.851838
85971.756, 300.293634, 58.859676
3218.077, 300.378880, 58.933468
2030.095, 300.423919, 58.974307
3942.250, 300.458368, 59.006319
25919.553, 300.599084, 59.137039
13630.874, 300.675998, 59.204760
5637.230, 300.392806, 58.947717
53077.418, 300.429829, 58.985096
26733.492, 300.540443, 59.084069
12818.286, 300.664949, 59.196284
7211.509, 300.393035, 58.950649
12752.987, 300.464165, 59.016831
2802.946, 300.484853, 59.034284
10016.041, 300.582269, 59.124909
17975.868, 300.339696, 58.907549
2452.099, 300.497648, 59.047028
7187.058, 300.657929, 59.192671
11166.365, 300.369615, 58.932240
8097.079, 300.600669, 59.142660
6718.480, 300.353411, 58.916990
16712.902, 300.435243, 58.995271
11993.591, 300.509996, 59.061794
22235.519, 300.532561, 59.083668
46864.898, 300.558536, 59.109063
65646.410, 300.661494, 59.202480
14970.379, 300.614484, 59.157693
21989.461, 300.327649, 58.899250
2016.006, 300.413344, 58.974131
4363.201, 300.418713, 58.979746
4376.618, 300.281501, 58.853961
63221.831, 300.365346, 58.937301
21600.239, 300.385021, 58.952824
2470.516, 300.554281, 59.103438
5191.163, 300.292413, 58.865385
7127.179, 300.574541, 59.123406
75402.846, 300.537473, 59.094668
1993.624, 300.308284, 58.881544
3161.020, 300.519170, 59.074960
2089.816, 300.445965, 59.009698
9207.018, 300.467905, 59.029993
3542.257, 300.285605, 58.863882
15092.191, 300.359053, 58.932191
2806.461, 300.401196, 58.970783
3198.956, 300.505880, 59.066886
11514.902, 300.339034, 58.916825
18406.901, 300.395110, 58.967769
18484.636, 300.452101, 59.020481
4805.183, 300.280195, 58.861326
5943.387, 300.344815, 58.920984
26680.487, 300.269138, 58.854413
29459.330, 300.634233, 59.188660
67454.502, 300.277971, 58.869552
22944.776, 300.369659, 58.949340
12398.274, 300.475599, 59.043141
33102.289, 300.608987, 59.166073
105121.116, 300.323627, 58.910031
6411.526, 300.409182, 58.983017
14728.122, 300.412370, 58.986908
4750.852, 300.417667, 58.990104
14119.699, 300.454753, 59.025387
95275.314, 300.434478, 59.013674
4427.794, 300.603051, 59.159706
18440.828, 300.478012, 59.049948
4328.426, 300.294941, 58.880719
9124.793, 300.354520, 58.937239
9960.269, 300.494014, 59.064904
34244.222, 300.526602, 59.097120
5618.920, 300.308318, 58.895562
8019.332, 300.312172, 58.899025
19056.039, 300.424083, 59.003335
23502.508, 300.545137, 59.113362
8393.591, 300.406052, 58.985832
8345.559, 300.635640, 59.195044
27810.923, 300.654226, 59.213050
95129.469, 300.531060, 59.107691
11997.771, 300.260740, 58.858774
9972.981, 300.314394, 58.906641
27462.197, 300.479960, 59.058974
14005.760, 300.609111, 59.176421
39249.664, 300.633564, 59.201389
4024.000, 300.327662, 58.919433
8393.560, 300.414177, 58.999448
2838.167, 300.421944, 59.006470
3585.681, 300.462718, 59.043093
20399.201, 300.468029, 59.050020
21114.229, 300.578555, 59.150650
28601.808, 300.592075, 59.162719
23767.706, 300.255697, 58.856510
5189.186, 300.346675, 58.938272
5079.292, 300.322880, 58.917059
4433.331, 300.352586, 58.944327
2841.592, 300.380197, 58.970199
34490.372, 300.309593, 58.909715
39923.863, 300.433016, 59.023958
2415.254, 300.512979, 59.092682
85833.857, 300.613742, 59.195870
25763.019, 300.404743, 58.997943
3627.738, 300.491045, 59.074535
19157.816, 300.596173, 59.172195
3656.202, 300.636343, 59.205626
5997.466, 300.655015, 59.223024
14715.795, 300.256611, 58.862963
2787.916, 300.278763, 58.880823
2414.907, 300.269961, 58.873491
9865.307, 300.331451, 58.931017
22205.472, 300.279756, 58.886216
14058.845, 300.290238, 58.894807
14730.150, 300.421297, 59.016424
18126.889, 300.552976, 59.135632
20926.578, 300.334786, 58.937311
2831.173, 300.363715, 58.962119
5680.086, 300.473147, 59.062349
9508.863, 300.267285, 58.877373
28676.855, 300.392379, 58.994539
2435.779, 300.292320, 58.897513
8076.175, 300.318614, 58.922786
36127.507, 300.338338, 58.944683
3591.264, 300.345831, 58.946690
3559.228, 300.412387, 59.008244
1946.180, 300.454925, 59.047169
12760.261, 300.257478, 58.867595
5634.698, 300.301644, 58.907978
3976.035, 300.357519, 58.959150
8868.259, 300.532481, 59.119013
5568.351, 300.541212, 59.126734
1965.006, 300.439453, 59.034568
21977.815, 300.507375, 59.098649
3983.395, 300.620618, 59.199683
12776.687, 300.647011, 59.224071
8363.963, 300.259438, 58.871277
30820.266, 300.576101, 59.162464
19657.961, 300.244435, 58.859668
4794.155, 300.279064, 58.890387
2375.375, 300.248274, 58.862247
8742.404, 300.322670, 58.932546
5616.402, 300.564165, 59.152377
14258.587, 300.467053, 59.066060
37209.572, 300.592009, 59.180964
31494.940, 300.298516, 58.913573
3232.226, 300.358106, 58.965106
3991.636, 300.266960, 58.882220
5592.192, 300.411429, 59.015751
5698.419, 300.554130, 59.144720
29504.974, 300.562916, 59.156628
18411.174, 300.436623, 59.041274
2415.926, 300.393564, 59.000669
13072.354, 300.255363, 58.876362
3175.258, 300.505163, 59.103835
14896.146, 300.526893, 59.125902
19593.077, 300.573597, 59.167843
14237.312, 300.354655, 58.967485
22919.859, 300.535813, 59.135009
15034.184, 300.580290, 59.175168
32384.734, 300.337936, 58.955297
4019.306, 300.441867, 59.048175
2055.184, 300.275724, 58.896406
3203.069, 300.460782, 59.066305
29433.103, 300.493798, 59.099253
1996.874, 300.621398, 59.211009
5174.419, 300.243012, 58.867226
40812.091, 300.318007, 58.940877
3597.009, 300.407118, 59.017721
60690.756, 300.480741, 59.090260
35950.061, 300.418197, 59.032274
6702.710, 300.301760, 58.925053
3565.310, 300.343067, 58.962542
7600.515, 300.440585, 59.052615
9165.018, 300.608496, 59.206043
8713.187, 300.234777, 58.864205
128638.858, 300.355834, 58.981616
23191.360, 300.445116, 59.058763
7609.505, 300.592887, 59.192189
2353.872, 300.312890, 58.936420
3194.024, 300.325972, 58.948334
4043.956, 300.401557, 59.017895
23696.167, 300.405802, 59.023839
3622.790, 300.572103, 59.173803
20615.228, 300.303307, 58.932242
54510.707, 300.334764, 58.962177
79939.638, 300.269457, 58.903982
3551.680, 300.297161, 58.924213
3980.845, 300.341197, 58.965387
5229.844, 300.496828, 59.107328
3256.191, 300.581230, 59.183860
2856.002, 300.624377, 59.222601
4345.385, 300.549534, 59.156351
6358.070, 300.240012, 58.874702
203448.115, 300.478936, 59.100692
4392.261, 300.557406, 59.165013
4402.628, 300.345678, 58.972237
10380.891, 300.313374, 58.945591
15544.714, 300.239298, 58.878450
8773.818, 300.277174, 58.911531
19001.673, 300.224321, 58.867914
2845.644, 300.382979, 59.008836
1984.934, 300.302629, 58.936152
2798.079, 300.309961, 58.942834
46214.833, 300.320774, 58.956433
5575.525, 300.392628, 59.019298
3213.208, 300.624275, 59.229675
20454.099, 300.279418, 58.917349
2337.103, 300.468818, 59.089672
31019.293, 300.605357, 59.217005
11469.172, 300.295522, 58.933542
11062.518, 300.413723, 59.042358
3534.436, 300.227860, 58.870980
13837.097, 300.399986, 59.031785
2010.823, 300.409469, 59.038684
183284.518, 300.325147, 58.972554
62723.924, 300.569941, 59.190625
5136.595, 300.269166, 58.911654
2414.874, 300.374985, 59.008810
4409.169, 300.279142, 58.922587
17424.079, 300.306201, 58.948516
7230.231, 300.369467, 59.006399
2826.123, 300.459920, 59.087936
4005.063, 300.540977, 59.161806
26146.680, 300.337967, 58.979326
6791.473, 300.386684, 59.022882
2014.607, 300.421193, 59.053123
2414.518, 300.511698, 59.135701
13565.323, 300.228461, 58.880871
8839.150, 300.306887, 58.953253
53920.881, 300.358312, 59.002698
7195.284, 300.234688, 58.886309
4016.092, 300.296621, 58.941659
4025.676, 300.381842, 59.020029
3630.694, 300.221944, 58.874123
25509.623, 300.590832, 59.213452
7663.897, 300.424197, 59.061106
19405.630, 300.595805, 59.218953
15342.549, 300.211929, 58.868778
30567.511, 300.380277, 59.026941
9890.403, 300.535513, 59.166111
47790.705, 300.392572, 59.039476
4006.188, 300.470686, 59.107473
8379.463, 300.265426, 58.921084
45121.845, 300.338441, 58.990915
2431.123, 300.214140, 58.873547
6386.965, 300.248809, 58.906448
3645.810, 300.303682, 58.955994
54222.068, 300.602325, 59.231812
10352.376, 300.288293, 58.944444
107100.364, 300.290229, 58.952709
6182.951, 300.484431, 59.123870
6036.420, 300.222544, 58.883790
47726.321, 300.590965, 59.223328
149970.467, 300.480940, 59.131194
3169.029, 300.214863, 58.878433
6823.162, 300.463883, 59.107114
2863.548, 300.305637, 58.963480
20045.813, 300.451628, 59.098323
21585.352, 300.377711, 59.032685
70576.643, 300.221242, 58.890877
7967.356, 300.366749, 59.021785
5256.846, 300.371362, 59.025384
9248.774, 300.274417, 58.937794
3359.330, 300.526277, 59.166920
2389.849, 300.581275, 59.216581
9184.155, 300.357589, 59.016119
6035.763, 300.468758, 59.115700
10765.347, 300.336149, 58.995953
2784.469, 300.339901, 58.998217
7168.086, 300.283680, 58.948783
25199.602, 300.303075, 58.969176
8290.833, 300.429733, 59.084037
11259.955, 300.449366, 59.103080
21657.530, 300.550663, 59.196007
24157.590, 300.207113, 58.882747
20381.191, 300.387696, 59.048307
6852.257, 300.295770, 58.963511
25034.802, 300.326631, 58.992566
13647.081, 300.469867, 59.122515
18967.275, 300.570161, 59.214007
29583.182, 300.580388, 59.223779
4011.967, 300.292491, 58.960816
21938.881, 300.374510, 59.037753
4017.760, 300.532686, 59.180206
4382.586, 300.595327, 59.238156
6791.861, 300.361014, 59.025352
2389.145, 300.311368, 58.981311
