# Source Fluxes and Coordinates
# Flux (e-/s), RA (deg), Dec (deg)
29718.736, 300.942062, 58.700657
29068.118, 301.034117, 58.787410
69248.297, 301.090985, 58.837830
9446.597, 301.232926, 58.961535
26029.495, 301.113770, 58.857839
3655.344, 300.958774, 58.717711
3259.677, 301.073898, 58.821363
14709.858, 301.095077, 58.843728
17001.585, 301.141904, 58.884065
9206.306, 301.163469, 58.902550
29221.320, 301.055277, 58.807969
31005.227, 300.910499, 58.678135
4835.709, 301.197961, 58.934973
10443.276, 301.117132, 58.865948
10498.863, 301.167805, 58.911384
6367.402, 300.939238, 58.705939
5366.038, 301.151793, 58.896628
4831.523, 301.130824, 58.878497
10466.391, 301.304926, 59.035403
54253.598, 301.056039, 58.817956
26112.978, 301.177944, 58.926918
8118.703, 301.294140, 59.029651
5992.969, 300.994763, 58.762706
2421.216, 301.272522, 59.010531
6797.643, 300.940623, 58.713714
7185.728, 300.969366, 58.741621
50869.240, 300.974283, 58.749066
2438.724, 301.001084, 58.769640
10736.364, 301.080241, 58.843423
13308.659, 301.085353, 58.849181
39227.183, 300.958489, 58.737454
27259.877, 301.010678, 58.786173
2555.010, 301.271429, 59.014388
21083.292, 301.099550, 58.863950
61218.423, 301.293692, 59.039080
13984.899, 301.062358, 58.835645
5572.170, 300.918001, 58.705979
12001.101, 300.974238, 58.757453
37547.838, 301.181609, 58.947980
16339.650, 300.927374, 58.721390
6058.523, 300.935553, 58.725547
8464.945, 301.206541, 58.970389
12584.298, 301.282806, 59.038618
23508.731, 301.111756, 58.888469
21690.473, 301.010843, 58.798317
29110.701, 300.980898, 58.773277
2761.606, 301.066258, 58.847080
34862.410, 301.134912, 58.911703
5205.588, 300.955701, 58.748572
2801.843, 301.062971, 58.844839
28324.747, 300.966428, 58.762104
92643.006, 301.202303, 58.976440
52968.709, 300.929218, 58.730914
19183.130, 300.876014, 58.682112
21057.250, 300.891924, 58.699740
55744.168, 301.167177, 58.949505
4080.902, 301.219816, 58.992281
3222.089, 301.135755, 58.917600
106669.117, 301.251801, 59.028233
32816.682, 301.208480, 58.986419
17402.817, 301.056277, 58.849920
3223.070, 300.972090, 58.773277
14961.051, 301.135641, 58.921375
1981.427, 300.976407, 58.777646
32747.454, 300.943488, 58.752866
10893.417, 300.982290, 58.786129
60899.613, 301.170803, 58.958897
5642.243, 301.121012, 58.911750
180843.646, 300.903073, 58.725253
21164.136, 301.065204, 58.865035
33606.572, 301.011795, 58.820000
8359.611, 300.974802, 58.785075
57062.344, 301.153035, 58.948110
18913.543, 300.864418, 58.688727
32143.017, 300.874751, 58.697677
5188.419, 300.891709, 58.710022
2397.505, 301.006260, 58.813218
25605.336, 300.943452, 58.760225
19053.049, 301.108514, 58.910565
7583.981, 300.976771, 58.792374
61959.587, 301.085522, 58.896987
63305.824, 300.862292, 58.694768
2448.197, 301.042818, 58.853089
11001.180, 301.246315, 59.036316
5600.196, 301.258361, 59.045622
68249.618, 301.031181, 58.849518
5169.783, 300.881443, 58.709717
3976.405, 300.945947, 58.769511
8766.363, 300.885013, 58.716154
16444.897, 301.012979, 58.835297
3263.488, 300.966534, 58.790514
113401.788, 300.867467, 58.712059
9226.131, 300.970607, 58.797048
1994.412, 300.995877, 58.818251
34786.844, 300.987497, 58.814615
33280.283, 300.888389, 58.726015
2820.134, 300.957022, 58.785609
57951.097, 301.109338, 58.926539
6428.448, 300.923839, 58.757274
4790.432, 300.943810, 58.774527
18687.560, 300.940437, 58.780077
27408.333, 301.045501, 58.873184
110512.939, 301.068321, 58.896728
47601.336, 300.876991, 58.724235
95917.049, 300.895281, 58.745548
49087.801, 300.905118, 58.752074
53319.771, 300.942935, 58.787926
8382.333, 300.912812, 58.759765
15692.383, 300.973901, 58.814681
45297.740, 301.104664, 58.934171
3642.481, 300.969496, 58.810078
25117.007, 301.112551, 58.940994
4383.302, 301.056921, 58.890643
28220.771, 300.995753, 58.840295
73334.608, 301.167521, 58.994637
8305.816, 301.039015, 58.877437
16711.197, 300.990964, 58.835355
52305.405, 300.879374, 58.742050
4884.101, 300.903414, 58.756510
4863.119, 301.048146, 58.887387
63276.922, 301.015799, 58.865116
6444.619, 301.030349, 58.873874
33030.108, 301.075250, 58.917161
5321.989, 301.125166, 58.960061
19136.275, 300.832987, 58.697994
10731.019, 300.874537, 58.734676
2418.358, 300.936492, 58.790350
12320.273, 300.987300, 58.840083
10009.156, 301.132298, 58.969186
13769.101, 301.107697, 58.947863
8725.006, 300.897116, 58.758818
2471.907, 301.091498, 58.933820
73242.992, 300.886012, 58.754841
13575.685, 301.034813, 58.885994
151313.579, 301.137873, 58.982141
4412.017, 300.874418, 58.740688
52756.072, 300.970248, 58.834851
375852.900, 300.858379, 58.741265
3197.723, 300.879664, 58.750871
3633.742, 300.912852, 58.780531
125325.973, 301.027028, 58.890748
14289.037, 301.189319, 59.032201
5721.014, 301.067784, 58.923417
4479.784, 300.875534, 58.751514
63910.564, 301.000062, 58.871665
12395.958, 300.881543, 58.760330
33950.797, 300.955406, 58.828045
5171.587, 300.974384, 58.842146
10043.264, 300.898592, 58.775298
6354.733, 300.831634, 58.714755
17665.814, 300.950110, 58.823428
7267.989, 300.910343, 58.787365
1283214.583, 300.812233, 58.724053
16828.079, 300.820143, 58.708670
8909.271, 301.062275, 58.925900
23587.559, 301.141433, 58.998463
8784.446, 300.814879, 58.703096
10029.055, 300.840402, 58.727020
14536.391, 300.864859, 58.750559
9568.413, 300.920761, 58.800113
5236.824, 300.979062, 58.852859
5244.454, 300.823828, 58.713856
9742.263, 301.097186, 58.960643
3988.994, 300.809153, 58.700631
2431.848, 300.891648, 58.775404
17321.684, 300.960001, 58.840178
8413.842, 300.910947, 58.796073
2340.393, 300.931987, 58.814830
2414.413, 300.979226, 58.857591
13043.216, 300.952460, 58.837662
4829.768, 301.044031, 58.920501
3222.856, 300.874449, 58.769181
1986.392, 300.834171, 58.733118
2382.823, 301.116065, 58.988656
42315.844, 301.201648, 59.068225
104492.402, 300.862838, 58.766516
3614.510, 300.881212, 58.778744
27859.010, 301.066105, 58.947583
3197.755, 300.872239, 58.772286
145413.939, 301.023134, 58.914244
1992.221, 300.827905, 58.731432
19921.387, 301.106366, 58.984613
9157.121, 300.916436, 58.814561
11932.737, 300.922851, 58.821187
14283.730, 300.854641, 58.759864
32374.607, 300.995538, 58.889199
32944.884, 301.111825, 58.995079
2808.172, 300.835678, 58.744051
8338.943, 300.826376, 58.739777
3176.379, 300.841491, 58.753396
2016.278, 300.902974, 58.808734
2366.062, 300.883172, 58.791725
40339.669, 301.046771, 58.942896
115079.855, 301.131738, 59.022178
56375.811, 300.983156, 58.889147
5522.101, 300.914818, 58.824062
3228.778, 300.875238, 58.788927
70505.541, 300.913918, 58.830146
7642.678, 300.960395, 58.866667
24021.913, 300.962951, 58.871091
54606.634, 301.119855, 59.012909
33822.442, 300.816311, 58.739684
2801.702, 300.853057, 58.769873
7544.234, 300.835756, 58.756192
7997.045, 300.870039, 58.787095
14934.244, 300.988607, 58.895150
67353.732, 300.779109, 58.709956
3228.621, 300.790190, 58.715673
7576.201, 300.937872, 58.851000
8453.999, 300.806028, 58.732540
108350.610, 300.935251, 58.858593
609497.308, 300.820572, 58.766129
5583.480, 300.840646, 58.766744
7483.201, 300.812925, 58.743697
8488.546, 301.148076, 59.045397
3592.943, 300.927033, 58.847676
26026.341, 301.141977, 59.043441
9204.167, 300.777511, 58.714448
2815.905, 300.850376, 58.778935
31288.819, 301.100825, 59.008591
2019.548, 300.851389, 58.781410
23402.399, 300.889124, 58.819158
7329.115, 301.026198, 58.940010
33997.072, 300.782250, 58.723349
8456.181, 300.975603, 58.896858
19481.080, 301.074643, 58.986405
86611.311, 300.838071, 58.779178
12290.372, 301.174308, 59.075950
36643.114, 300.774295, 58.720605
7956.611, 300.790243, 58.730930
7564.531, 300.976785, 58.899376
28418.254, 301.065296, 58.980405
23958.131, 300.902371, 58.835564
23229.768, 301.113400, 59.025478
5166.684, 300.800085, 58.742381
2823.853, 300.856459, 58.793281
10712.108, 300.847258, 58.786508
4390.044, 301.153375, 59.062800
6890.091, 300.799994, 58.745485
2443.192, 300.856684, 58.797018
15161.770, 300.971287, 58.901942
3994.895, 300.792571, 58.739220
8779.349, 301.039377, 58.963455
7227.910, 300.793014, 58.742042
2004.098, 300.904174, 58.840936
46793.115, 301.138921, 59.054641
40433.504, 300.924019, 58.867585
2031.109, 300.918465, 58.857013
3671.853, 300.945489, 58.881806
9502.694, 300.780834, 58.735957
4791.074, 300.799476, 58.752621
28888.425, 300.968675, 58.908218
3567.753, 301.086031, 59.010520
15841.391, 301.013998, 58.948473
17615.498, 300.986252, 58.924767
10007.925, 300.800897, 58.757271
3566.919, 300.881655, 58.829360
33264.737, 300.882378, 58.832873
19751.952, 301.040858, 58.975189
45850.625, 301.058959, 58.992858
2423.343, 301.150873, 59.071517
9969.540, 300.780643, 58.743582
57925.930, 300.818687, 58.783190
2792.916, 301.022577, 58.961222
2058.978, 300.838688, 58.795704
8073.118, 300.997762, 58.940068
7991.576, 300.774172, 58.739632
8383.517, 300.832613, 58.792492
11217.238, 300.901533, 58.854710
13588.076, 300.751304, 58.719110
40372.351, 300.760601, 58.733450
300265.022, 300.740595, 58.724658
124782.837, 301.026346, 58.977111
3251.161, 300.766380, 58.736457
8750.369, 300.845708, 58.809115
36298.823, 300.980556, 58.933882
6041.208, 300.876088, 58.837577
15908.755, 300.952158, 58.910593
34521.849, 300.803260, 58.774624
34240.688, 301.144799, 59.081811
3993.449, 300.909165, 58.868771
31672.516, 301.131129, 59.070412
15235.791, 300.941060, 58.900827
16055.940, 301.004956, 58.959060
28890.680, 301.091106, 59.035391
16467.266, 300.776389, 58.751358
21311.552, 300.806119, 58.779080
14196.571, 300.837424, 58.807628
10802.353, 300.782396, 58.757718
32450.343, 300.762949, 58.741895
38840.552, 300.823159, 58.797865
7542.521, 301.066456, 59.015335
31671.933, 301.077095, 59.029038
5221.017, 300.813735, 58.790964
3603.732, 300.887376, 58.857020
2038.495, 301.048845, 59.002059
18120.746, 301.110066, 59.058383
34397.501, 300.974322, 58.939926
5532.821, 300.804398, 58.785254
52452.758, 300.847634, 58.827603
1965.125, 301.096358, 59.046702
29381.040, 300.961474, 58.929555
3211.729, 300.755463, 58.741427
4796.491, 300.955605, 58.924009
10346.493, 300.858731, 58.838635
6032.521, 300.929864, 58.902471
4409.418, 301.109392, 59.064966
3988.289, 300.793659, 58.781751
18600.437, 300.804510, 58.795090
23844.798, 300.927928, 58.906779
83143.516, 301.019802, 58.991925
5940.125, 300.866570, 58.850665
13588.343, 300.946454, 58.922825
26476.576, 301.002689, 58.975368
4417.722, 300.880114, 58.863780
42752.209, 300.938373, 58.919403
77122.932, 300.961302, 58.941815
5712.629, 301.099037, 59.060643
2450.010, 300.793922, 58.787019
12366.049, 300.891260, 58.876435
71734.456, 300.773997, 58.776928
98300.690, 300.855435, 58.853585
2824.121, 300.872026, 58.860745
6430.732, 300.829837, 58.823492
16515.639, 300.978103, 58.958558
14446.349, 301.077566, 59.048484
3185.414, 300.723999, 58.728599
8257.328, 300.851887, 58.846648
31952.736, 300.741559, 58.749519
28993.495, 301.093128, 59.064945
2416.216, 300.863837, 58.857520
2048.449, 300.881614, 58.873759
12426.971, 300.788035, 58.791974
2372.776, 300.913408, 58.903845
22078.062, 300.749000, 58.757961
189357.548, 301.016877, 59.006692
36356.584, 301.112260, 59.087037
3212.357, 300.844429, 58.844768
27762.556, 300.887856, 58.886213
5586.351, 300.759615, 58.768230
4418.359, 300.833303, 58.836411
2765.785, 300.904161, 58.900432
24482.126, 300.785120, 58.795816
2013.449, 300.712073, 58.728670
8378.638, 300.818212, 58.826249
6346.940, 300.841538, 58.847957
5533.072, 300.729249, 58.746802
8100.427, 300.918670, 58.918657
22104.868, 300.931292, 58.931672
9264.790, 300.745079, 58.762374
9749.436, 300.978497, 58.974794
48884.398, 301.021437, 59.016880
29392.778, 301.052676, 59.044063
4799.829, 301.103751, 59.087077
44995.420, 300.804522, 58.822437
10661.793, 300.894073, 58.899909
4384.758, 300.733742, 58.754415
26314.807, 301.030865, 59.025676
49723.583, 300.734788, 58.760694
10767.240, 300.793597, 58.811208
50055.888, 300.766077, 58.789245
12400.030, 300.716255, 58.742100
16528.295, 300.718405, 58.746353
68069.562, 300.744610, 58.776135
19566.252, 300.755211, 58.780243
6392.194, 300.785035, 58.805047
17193.428, 300.916306, 58.926197
23546.450, 300.961301, 58.965741
5223.591, 300.862067, 58.875696
6395.848, 300.866798, 58.879768
217042.132, 300.710773, 58.752719
14028.976, 300.778064, 58.805742
38219.519, 301.092599, 59.089343
35332.682, 300.809679, 58.837445
4440.615, 300.899756, 58.915744
260658.030, 300.899203, 58.922775
8791.362, 300.913891, 58.929984
2816.966, 300.875838, 58.895382
14244.869, 300.707839, 58.745253
2388.415, 300.730937, 58.764980
12175.241, 301.078653, 59.080907
50962.695, 300.773971, 58.811350
37540.253, 300.813109, 58.843572
28880.865, 300.696081, 58.738757
166564.620, 300.719168, 58.766833
12055.140, 300.752154, 58.788595
5542.777, 300.866273, 58.892804
33845.460, 300.958752, 58.979380
2020.722, 300.831949, 58.864018
5586.523, 300.716451, 58.760236
2459.128, 300.841942, 58.873316
11594.142, 300.796765, 58.836943
5584.827, 300.821629, 58.858937
2405.463, 300.804991, 58.844036
3639.110, 300.863201, 58.897041
51210.686, 300.743578, 58.793817
65854.174, 300.831694, 58.874774
12150.494, 301.032644, 59.052837
23109.002, 300.707679, 58.760952
51338.074, 300.954142, 58.985702
4427.871, 300.977242, 59.002163
38358.972, 301.042267, 59.065561
3183.882, 300.732283, 58.783333
13997.662, 300.843296, 58.885469
12846.323, 300.837422, 58.880984
7609.683, 300.796736, 58.844021
11114.072, 300.695026, 58.753622
3224.958, 301.032540, 59.057581
25962.490, 300.850225, 58.897148
8952.427, 300.979864, 59.013459
2015.353, 300.679372, 58.741379
8766.910, 300.752274, 58.809185
60801.636, 301.017928, 59.053254
22040.036, 300.960351, 59.001314
9541.708, 300.756829, 58.818561
2771.410, 300.783843, 58.840356
35132.041, 301.053465, 59.086064
4000.641, 300.696105, 58.762864
4765.026, 300.790207, 58.848719
3970.729, 300.809481, 58.865293
10948.626, 301.042599, 59.076524
9987.447, 300.730290, 58.795617
8753.862, 300.710511, 58.778742
3219.051, 300.799484, 58.858212
1954.321, 300.848632, 58.902064
22690.764, 300.886954, 58.938942
17154.221, 300.813936, 58.874584
31280.678, 300.717897, 58.790018
16895.088, 300.761408, 58.829916
38672.216, 300.663210, 58.743887
11969.001, 300.700400, 58.775976
4439.654, 300.736351, 58.807890
52353.453, 300.830205, 58.895871
21930.526, 300.741684, 58.815110
12716.304, 300.841312, 58.905075
11525.758, 300.856762, 58.920287
7289.030, 300.957393, 59.008958
2338.904, 300.768217, 58.838210
3243.064, 300.849951, 58.912063
49562.966, 300.925957, 58.984974
12773.995, 300.763063, 58.836841
1975.633, 300.769338, 58.840288
24796.980, 301.047461, 59.093855
30011.515, 300.948101, 59.005128
5188.192, 300.793533, 58.864450
6403.604, 300.768363, 58.844257
62014.436, 300.845614, 58.918219
13519.022, 300.735351, 58.819974
4976.377, 300.983963, 59.043814
14503.271, 300.884448, 58.956775
3592.437, 300.815311, 58.893303
12015.529, 300.969639, 59.033474
12346.038, 300.797104, 58.879683
45454.635, 300.914303, 58.987227
9150.198, 300.809385, 58.891181
3652.587, 300.799745, 58.882575
36715.885, 300.958608, 59.030223
16807.766, 300.665551, 58.764155
42769.763, 300.971153, 59.042001
4812.466, 300.703129, 58.797626
37665.839, 300.709919, 58.807695
23759.695, 300.767480, 58.859147
15797.128, 300.775518, 58.866214
2472.531, 301.049079, 59.109939
4465.194, 300.782417, 58.871347
9690.971, 301.022654, 59.090236
64858.221, 300.719047, 58.822175
22601.585, 300.782516, 58.877139
3176.893, 300.806826, 58.896538
13754.344, 301.035614, 59.104160
3242.306, 300.686992, 58.789342
46809.353, 300.867600, 58.957972
17397.123, 301.026399, 59.097598
7232.035, 300.842260, 58.933770
4382.432, 300.988698, 59.064480
5566.431, 300.739684, 58.841340
1979.353, 300.790318, 58.886341
308699.375, 300.955266, 59.044995
81709.667, 300.993121, 59.075540
5545.347, 300.794550, 58.892555
8911.965, 300.939577, 59.024485
64050.011, 300.872167, 58.969977
6867.191, 300.742983, 58.848412
38641.134, 300.807580, 58.909767
34392.543, 300.726157, 58.836880
17182.879, 300.783950, 58.888214
2815.017, 300.826901, 58.924656
3954.525, 301.016251, 59.095071
37598.729, 300.707940, 58.821349
26530.605, 300.814345, 58.917490
2031.486, 300.965449, 59.050856
38215.105, 300.767502, 58.876651
3186.329, 300.854843, 58.952805
16990.818, 300.939889, 59.031610
2801.520, 300.748964, 58.858838
84906.310, 300.631335, 58.757535
19968.414, 300.884652, 58.984021
2029.610, 300.850408, 58.951604
69392.583, 300.894446, 58.994966
16416.240, 300.698370, 58.816913
14085.966, 300.862835, 58.965190
6920.252, 301.031358, 59.115461
67423.109, 300.659588, 58.784994
55753.235, 300.774613, 58.890180
6757.673, 300.645183, 58.770229
13163.577, 300.687992, 58.809307
8725.212, 300.692608, 58.814644
176250.834, 300.749919, 58.872399
6703.942, 300.674177, 58.798231
17387.538, 300.883866, 58.988689
12704.543, 300.708734, 58.831132
3609.743, 300.738977, 58.858114
21800.395, 300.701948, 58.826909
42072.375, 300.674936, 58.804263
3193.051, 300.759098, 58.878889
2008.963, 300.648006, 58.778234
28695.254, 300.662533, 58.794307
13839.600, 300.907458, 59.015108
9913.016, 300.629447, 58.764198
20721.637, 300.973305, 59.076793
6380.115, 300.810479, 58.930027
16979.739, 300.829308, 58.948138
2432.719, 300.736380, 58.862338
16386.253, 300.937805, 59.046386
54853.543, 300.612002, 58.759296
11220.034, 300.804690, 58.927123
56485.254, 300.645989, 58.786258
2025.238, 300.666686, 58.800825
10326.521, 300.674116, 58.810074
4031.693, 300.730336, 58.858955
118206.291, 300.752419, 58.891054
13410.816, 300.863195, 58.981268
84406.408, 300.623456, 58.776012
1944.848, 300.693324, 58.827294
12692.427, 300.722029, 58.856233
3543.719, 300.750848, 58.881504
51006.624, 300.879853, 59.002557
5201.098, 300.657456, 58.797312
28319.815, 300.703118, 58.841725
12364.022, 300.709571, 58.845533
35513.446, 300.964150, 59.077852
31045.253, 300.662985, 58.807586
5593.321, 300.889529, 59.009846
2046.380, 300.686764, 58.827029
7574.031, 300.730136, 58.866830
4377.811, 300.874275, 58.997162
71622.153, 300.641827, 58.792042
29136.840, 300.746782, 58.885390
50128.880, 300.937139, 59.058153
3596.143, 300.933596, 59.051713
9655.574, 300.686573, 58.830522
14776.994, 300.721284, 58.862654
185846.576, 300.813399, 58.954084
6724.909, 300.671598, 58.817009
16104.635, 300.992082, 59.109143
11271.853, 300.654332, 58.803564
7974.156, 300.678027, 58.825647
66024.047, 300.827930, 58.965039
3262.810, 300.664955, 58.813627
34235.866, 300.885505, 59.016942
2028.059, 300.671276, 58.820491
44869.271, 300.924690, 59.054502
80224.868, 300.673967, 58.830763
2007.916, 300.938050, 59.063718
2017.505, 300.944690, 59.070680
7643.456, 300.687776, 58.840854
6876.360, 300.658709, 58.814977
4398.711, 300.693696, 58.845943
4827.033, 300.700615, 58.852533
3150.364, 300.726346, 58.875391
2414.189, 300.969515, 59.094884
13521.837, 300.704994, 58.860237
10725.403, 300.737029, 58.887585
60765.738, 300.837689, 58.982703
6458.072, 300.692504, 58.848869
11977.299, 300.723074, 58.878571
42619.725, 300.923213, 59.060863
4056.432, 300.627848, 58.792565
4027.805, 300.915811, 59.052876
6378.390, 300.598081, 58.767123
3644.027, 300.676625, 58.837846
40186.535, 300.736715, 58.896560
4768.777, 300.634932, 58.801400
4007.411, 300.658999, 58.823527
6747.450, 300.714210, 58.874112
5161.301, 300.761498, 58.916639
102610.948, 300.602421, 58.777040
6362.307, 300.647903, 58.815710
34687.831, 300.684661, 58.851285
2409.856, 300.710883, 58.871664
180081.406, 300.850457, 59.005084
67165.251, 300.726502, 58.891713
106512.736, 300.635776, 58.812499
2814.870, 300.689158, 58.855384
8723.283, 300.669604, 58.840536
3199.877, 300.826734, 58.981716
20097.401, 300.836998, 58.992185
2770.493, 300.909045, 59.055584
10393.298, 300.712857, 58.882348
2019.084, 300.753964, 58.917020
14148.723, 300.776581, 58.938956
31579.806, 300.590887, 58.775059
22786.277, 300.789293, 58.952721
5936.132, 300.603364, 58.785497
27441.107, 300.649996, 58.830949
11689.677, 300.671195, 58.847954
47470.191, 300.606893, 58.793149
3687.189, 300.799326, 58.964190
1978.202, 300.621962, 58.806327
8775.557, 300.641564, 58.825326
18165.915, 300.694295, 58.874157
38805.203, 300.779978, 58.957081
3636.622, 300.806986, 58.977827
3598.910, 300.893913, 59.056201
4427.724, 300.686896, 58.870362
4381.568, 300.695701, 58.877992
7589.595, 300.629913, 58.820058
2397.454, 300.725381, 58.907407
10932.955, 300.916274, 59.081479
2017.674, 300.701865, 58.887394
3573.581, 300.897327, 59.064302
3537.974, 300.573276, 58.771245
10572.261, 300.823946, 58.999932
2005.789, 300.644863, 58.837329
34820.638, 300.826124, 59.004887
4380.543, 300.585158, 58.784332
5574.183, 300.682980, 58.874102
11691.278, 300.726124, 58.913321
2023.669, 300.592938, 58.791921
28593.616, 300.683247, 58.877780
28178.055, 300.714873, 58.906024
10547.511, 300.862337, 59.037793
17243.464, 300.942073, 59.108950
9662.346, 300.667723, 58.863031
4491.589, 300.580248, 58.781917
19668.770, 300.909161, 59.082919
3162.879, 300.592622, 58.794739
70664.635, 300.802673, 58.993225
6819.136, 300.600895, 58.806592
8336.958, 300.660010, 58.859811
4423.236, 300.581199, 58.787843
39293.777, 300.794769, 58.986912
63429.677, 300.888459, 59.070603
2003.621, 300.694389, 58.891694
4895.143, 300.752930, 58.945050
8435.638, 300.580031, 58.790331
53525.358, 300.829753, 59.020604
37817.950, 300.642016, 58.850427
1941.847, 300.687843, 58.888929
5177.670, 300.875494, 59.060438
4781.540, 300.582874, 58.795636
7208.064, 300.689310, 58.894921
35906.651, 300.731124, 58.934372
34735.311, 300.764280, 58.965613
11135.577, 300.679182, 58.888152
20008.634, 300.557389, 58.777890
20248.543, 300.705021, 58.912617
3173.839, 300.875877, 59.065218
14054.741, 300.772634, 58.974514
3607.738, 300.596575, 58.813740
21551.466, 300.648916, 58.863800
3731.822, 300.918067, 59.104504
2810.094, 300.565794, 58.786327
15630.065, 300.638823, 58.855257
36347.030, 300.666348, 58.881839
2017.225, 300.605360, 58.822857
2453.463, 300.573399, 58.795954
3261.589, 300.611672, 58.832075
71747.312, 300.678103, 58.901038
5208.730, 300.878751, 59.073884
16430.337, 300.601361, 58.825077
21342.515, 300.650013, 58.870478
1986.496, 300.595549, 58.818947
28125.786, 300.655164, 58.876408
2407.394, 300.768499, 58.976831
19735.325, 300.790924, 58.999078
8922.080, 300.847072, 59.048428
7281.999, 300.815435, 59.020245
3547.261, 300.558871, 58.788517
45512.867, 300.880875, 59.084182
13647.291, 300.608511, 58.835280
4455.143, 300.713744, 58.931823
2067.379, 300.581964, 58.811569
33031.365, 300.739148, 58.958361
3169.224, 300.756977, 58.971407
32910.107, 300.818078, 59.029596
35010.863, 300.824563, 59.036865
2386.294, 300.635197, 58.862653
153287.317, 300.653255, 58.891536
6813.812, 300.713298, 58.936714
11955.810, 300.635231, 58.867852
3561.520, 300.646440, 58.876485
16635.911, 300.775777, 58.995649
5189.865, 300.543852, 58.784468
13616.151, 300.693096, 58.921368
3315.899, 300.921295, 59.125818
1997.702, 300.560687, 58.800043
9975.738, 300.582061, 58.821103
28651.074, 300.895303, 59.106551
50828.123, 300.683157, 58.918530
4467.379, 300.572836, 58.815241
3538.001, 300.667969, 58.901391
8332.367, 300.811887, 59.032793
21874.736, 300.661521, 58.900866
5153.853, 300.560898, 58.806705
54358.973, 300.738000, 58.971101
36714.956, 300.572268, 58.821294
3563.687, 300.554565, 58.803139
11196.706, 300.626716, 58.870749
141695.358, 300.904879, 59.126533
5164.624, 300.598794, 58.845694
4847.077, 300.770973, 59.001611
76335.622, 300.610319, 58.866585
8169.328, 300.919729, 59.136870
12947.501, 300.850891, 59.076743
34516.271, 300.885188, 59.112502
10422.929, 300.793600, 59.027277
385219.867, 300.627815, 58.886104
7613.762, 300.546614, 58.804436
2406.616, 300.579242, 58.833226
56314.238, 300.598918, 58.856517
27075.853, 300.717330, 58.962596
12873.120, 300.766209, 59.005576
9641.595, 300.557953, 58.816520
2036.111, 300.704978, 58.948906
38349.514, 300.581857, 58.841066
73524.457, 300.679482, 58.934306
2453.173, 300.522374, 58.786643
4016.764, 300.647649, 58.901533
33022.646, 300.801813, 59.044202
8896.844, 300.600061, 58.860763
14038.052, 300.590803, 58.854515
92671.612, 300.665539, 58.926633
2391.733, 300.614399, 58.875451
68409.274, 300.849002, 59.092540
32059.002, 300.529181, 58.803894
2021.143, 300.544934, 58.817359
3181.185, 300.546871, 58.820580
3237.364, 300.564890, 58.837309
4830.665, 300.678049, 58.941082
24252.880, 300.509850, 58.790412
16379.316, 300.586627, 58.859600
15731.261, 300.801059, 59.054305
21217.455, 300.890471, 59.134905
2801.060, 300.558319, 58.833514
2409.151, 300.608374, 58.879918
2449.432, 300.621210, 58.891919
42762.720, 300.784094, 59.045335
3647.640, 300.627529, 58.898275
7989.315, 300.548619, 58.828731
2032.319, 300.904143, 59.149372
27125.903, 300.842503, 59.098185
3637.323, 300.613540, 58.888885
2003.976, 300.640411, 58.913632
26640.917, 300.811337, 59.071811
22869.073, 300.565252, 58.849426
29801.958, 300.616928, 58.897622
29936.202, 300.622330, 58.902384
3252.514, 300.703767, 58.975116
5212.268, 300.866218, 59.121916
1984.175, 300.580677, 58.864072
64942.890, 300.893190, 59.151374
25352.982, 300.569953, 58.858695
5550.455, 300.566880, 58.854642
45700.506, 300.789965, 59.063153
2015.422, 300.514780, 58.808323
11553.935, 300.561538, 58.853546
8777.584, 300.661319, 58.944264
18719.798, 300.871785, 59.134361
108297.131, 300.495069, 58.805552
32150.210, 300.542763, 58.837299
26618.624, 300.740295, 59.018110
4062.053, 300.592420, 58.881542
4391.372, 300.620400, 58.908488
25450.449, 300.663753, 58.949975
5159.943, 300.516023, 58.814191
11880.500, 300.693013, 58.975414
122569.119, 300.578842, 58.880105
20651.501, 300.892943, 59.159793
8027.975, 300.764609, 59.043809
13249.422, 300.675506, 58.964525
2067.648, 300.716232, 59.000965
6438.932, 300.488871, 58.795199
4437.079, 300.591874, 58.888928
2401.912, 300.669437, 58.959337
19394.721, 300.812666, 59.090868
19906.439, 300.827219, 59.103935
13144.942, 300.854502, 59.127809
3648.138, 300.665699, 58.958063
2796.084, 300.567677, 58.869305
2376.014, 300.719261, 59.006493
10499.775, 300.518907, 58.826048
32595.912, 300.656007, 58.954488
14117.461, 300.727687, 59.017445
14604.212, 300.744587, 59.032580
34886.964, 300.777670, 59.063998
67093.746, 300.537434, 58.848997
14307.034, 300.691125, 58.986883
45380.740, 300.504374, 58.823941
12115.070, 300.613578, 58.918294
50909.064, 300.817076, 59.105078
4799.206, 300.484649, 58.799984
27744.199, 300.663427, 58.967292
40882.298, 300.635950, 58.942623
7099.420, 300.695465, 58.996000
15004.405, 300.741894, 59.038526
295893.344, 300.702842, 59.010026
4430.820, 300.573752, 58.885496
3201.791, 300.590213, 58.901867
12614.893, 300.772023, 59.068029
4418.474, 300.551559, 58.869209
3184.634, 300.497871, 58.820460
21502.907, 300.711710, 59.017511
7555.096, 300.486540, 58.811514
2391.250, 300.668162, 58.976436
4824.351, 300.717277, 59.021573
3554.813, 300.525555, 58.847691
43083.786, 300.584430, 58.905497
4772.773, 300.558494, 58.879115
4486.642, 300.846355, 59.139629
54352.397, 300.660990, 58.978208
53446.512, 300.558817, 58.885486
8391.117, 300.649601, 58.964464
5554.634, 300.653681, 58.968362
17152.804, 300.751326, 59.059115
37965.053, 300.783515, 59.089435
2385.622, 300.617490, 58.937663
2395.597, 300.760868, 59.066759
4357.908, 300.512953, 58.842881
4363.725, 300.596608, 58.919622
26810.214, 300.492650, 58.827520
8854.439, 300.539816, 58.868931
28021.816, 300.611468, 58.936169
5976.406, 300.852493, 59.152391
4371.573, 300.468262, 58.803862
1976.553, 300.532567, 58.862106
3967.264, 300.624804, 58.946441
25545.835, 300.827467, 59.132155
9214.087, 300.483386, 58.819685
38732.666, 300.740110, 59.054910
8428.592, 300.474559, 58.811303
21337.858, 300.753616, 59.067124
30699.765, 300.485334, 58.824823
47447.375, 300.717991, 59.038846
7748.825, 300.514889, 58.850965
4801.094, 300.639786, 58.964345
7301.048, 300.724837, 59.042495
34519.450, 300.765857, 59.081818
44045.638, 300.623205, 58.953436
33452.754, 300.813179, 59.125108
17463.044, 300.498792, 58.841463
2847.947, 300.617195, 58.945426
43510.237, 300.637655, 58.968397
2027.874, 300.477350, 58.818796
32167.428, 300.485853, 58.831408
5991.357, 300.567963, 58.903414
6104.417, 300.846263, 59.157874
2026.544, 300.459602, 58.806044
11984.349, 300.556163, 58.895620
12320.899, 300.607542, 58.943668
13203.024, 300.471475, 58.822529
57273.071, 300.596903, 58.940031
4379.426, 300.796206, 59.117112
2818.442, 300.747294, 59.073629
7593.996, 300.464918, 58.818379
16166.354, 300.811408, 59.134617
3656.438, 300.602194, 58.945434
2843.500, 300.695133, 59.029254
2777.207, 300.569858, 58.915790
52579.725, 300.708561, 59.046949
6888.551, 300.450172, 58.808619
38262.674, 300.639870, 58.984629
13107.490, 300.539367, 58.893718
39513.609, 300.734276, 59.074214
32728.362, 300.655098, 59.003630
6768.284, 300.768054, 59.103288
33562.634, 300.447744, 58.815767
4391.117, 300.458346, 58.822225
40473.014, 300.464373, 58.830432
3196.802, 300.527226, 58.886019
25172.647, 300.672294, 59.021770
8368.050, 300.483464, 58.849836
4710.595, 300.499935, 58.864892
14821.485, 300.711264, 59.058582
6029.587, 300.565490, 58.925970
13540.043, 300.507441, 58.873941
85669.890, 300.767859, 59.115357
15187.247, 300.518013, 58.886292
27593.819, 300.688978, 59.042571
2782.080, 300.703627, 59.053890
6611.996, 300.714536, 59.064235
3169.032, 300.471206, 58.842405
14815.897, 300.585409, 58.948050
12551.314, 300.664792, 59.020703
24107.967, 300.808626, 59.151281
37222.124, 300.527761, 58.897838
11956.265, 300.625577, 58.986796
7351.693, 300.548595, 58.917576
4115.481, 300.653858, 59.012586
16688.481, 300.460364, 58.837836
2840.825, 300.445649, 58.826093
14770.738, 300.477100, 58.856622
9611.801, 300.711330, 59.070905
2008.920, 300.435015, 58.818664
43917.604, 300.734617, 59.094967
5197.051, 300.459792, 58.843644
46566.137, 300.776968, 59.133740
29563.300, 300.818402, 59.171830
41476.079, 300.478960, 58.866627
44846.421, 300.507917, 58.894412
3204.390, 300.599166, 58.972734
38983.793, 300.750190, 59.113091
12096.008, 300.431314, 58.823312
19575.113, 300.593079, 58.969585
6727.984, 300.436628, 58.827302
29217.879, 300.464959, 58.855839
36978.484, 300.606171, 58.985413
6338.650, 300.534234, 58.919295
34165.360, 300.564342, 58.949257
74438.028, 300.631007, 59.013039
11230.261, 300.621672, 59.000697
7924.689, 300.457853, 58.852676
3151.862, 300.524639, 58.912374
6769.514, 300.455538, 58.850389
32371.200, 300.490144, 58.885238
14628.958, 300.816159, 59.178565
21886.100, 300.540565, 58.932391
3593.858, 300.576047, 58.962671
3250.008, 300.449944, 58.848409
26403.978, 300.497172, 58.893716
2822.354, 300.581157, 58.968028
28629.493, 300.455494, 58.860930
2418.851, 300.431489, 58.833469
20761.276, 300.711406, 59.090733
37934.285, 300.616799, 59.008299
12453.118, 300.446848, 58.851769
56945.278, 300.722242, 59.106849
5207.722, 300.800200, 59.171828
83277.836, 300.642790, 59.035585
4034.403, 300.539450, 58.936985
18441.939, 300.567761, 58.964555
58777.776, 300.520894, 58.928468
5331.408, 300.804621, 59.181292
5165.116, 300.512882, 58.916811
2855.450, 300.745987, 59.128733
22825.004, 300.570737, 58.972405
356860.786, 300.579700, 58.990664
121804.164, 300.457565, 58.875854
7241.140, 300.495233, 58.905368
2425.689, 300.529565, 58.935565
33989.903, 300.763545, 59.153179
56280.987, 300.640123, 59.045263
37608.084, 300.694810, 59.092170
6403.476, 300.424528, 58.844380
1997.239, 300.555152, 58.962624
9535.871, 300.737402, 59.129498
4425.326, 300.433283, 58.852771
24372.495, 300.649465, 59.052145
10099.162, 300.783838, 59.172259
15588.984, 300.740949, 59.136976
28907.687, 300.477427, 58.896742
1992.539, 300.747783, 59.140180
2021.046, 300.485759, 58.903629
3140.955, 300.529627, 58.943660
3151.333, 300.620499, 59.026680
3640.049, 300.768551, 59.160843
11678.131, 300.518359, 58.936173
21476.696, 300.543538, 58.960727
2784.023, 300.486142, 58.906004
7944.796, 300.605159, 59.015172
6792.831, 300.402391, 58.830613
12720.699, 300.411509, 58.840664
25408.172, 300.726766, 59.129635
2805.791, 300.433107, 58.859930
25959.407, 300.444533, 58.873832
13558.463, 300.427059, 58.857526
2395.661, 300.481789, 58.905831
14395.022, 300.603750, 59.019653
34754.328, 300.698231, 59.107553
6426.302, 300.470187, 58.897055
4414.978, 300.522733, 58.945602
16323.298, 300.556487, 58.977254
57595.738, 300.681570, 59.097299
3176.171, 300.475751, 58.903369
54183.718, 300.578126, 59.001018
25976.211, 300.594493, 59.013893
89360.967, 300.734173, 59.143710
5620.540, 300.387917, 58.824845
3282.902, 300.658135, 59.071124
4812.452, 300.509745, 58.937409
3966.063, 300.395586, 58.833920
4400.220, 300.509823, 58.942044
2443.371, 300.726632, 59.138781
62123.644, 300.436486, 58.884333
2378.736, 300.543266, 58.975493
18345.850, 300.486466, 58.927670
4038.259, 300.393093, 58.839263
17440.915, 300.639313, 59.065669
12088.582, 300.591261, 59.023394
100483.151, 300.597136, 59.032416
29889.503, 300.653905, 59.080676
28212.141, 300.627759, 59.057881
50803.878, 300.725953, 59.148362
6355.450, 300.668718, 59.094698
78768.040, 300.562920, 59.002988
2058.415, 300.531537, 58.971318
9313.568, 300.709339, 59.133885
48946.939, 300.395413, 58.850542
6429.120, 300.448747, 58.898144
22057.084, 300.614298, 59.051294
5530.949, 300.697176, 59.124744
8004.607, 300.546243, 58.988744
9230.575, 300.487076, 58.938158
50797.587, 300.524527, 58.975616
30756.998, 300.652962, 59.091246
36136.012, 300.478879, 58.934757
4330.856, 300.446217, 58.903366
14099.183, 300.712545, 59.146539
2838.525, 300.402111, 58.867060
2473.359, 300.577035, 59.026520
3604.936, 300.663580, 59.105978
7155.286, 300.702334, 59.141345
17324.530, 300.491585, 58.951031
7580.073, 300.502120, 58.960387
13912.487, 300.731868, 59.169389
9154.166, 300.383393, 58.854325
7564.056, 300.394540, 58.863710
96340.991, 300.416045, 58.888917
27297.268, 300.453067, 58.918377
7667.359, 300.616296, 59.066009
27627.023, 300.673145, 59.119264
11254.715, 300.650596, 59.098298
34036.354, 300.516777, 58.980385
45650.699, 300.709816, 59.155388
12482.670, 300.483371, 58.949305
2019.726, 300.376235, 58.849706
40695.881, 300.459015, 58.930671
2026.099, 300.571014, 59.027705
25225.017, 300.357672, 58.836251
5596.143, 300.421885, 58.893437
13927.586, 300.437184, 58.911262
4024.402, 300.386337, 58.863156
29716.058, 300.398527, 58.876833
2416.797, 300.428237, 58.902040
5178.206, 300.375125, 58.855068
5653.155, 300.432298, 58.907340
6119.515, 300.527348, 58.994398
3584.256, 300.700280, 59.151161
20881.465, 300.683999, 59.139274
229552.311, 300.431337, 58.919592
8047.372, 300.663242, 59.120011
55536.544, 300.641695, 59.105839
6767.965, 300.423201, 58.904098
6821.886, 300.474270, 58.950872
5183.509, 300.532802, 59.004728
5623.747, 300.716493, 59.171055
47725.659, 300.441437, 58.927054
12496.984, 300.501950, 58.978858
4825.123, 300.553080, 59.023718
3328.391, 300.455179, 58.935413
2854.032, 300.488028, 58.965845
24675.024, 300.697786, 59.158573
14177.149, 300.370597, 58.861112
2036.310, 300.663192, 59.125919
36120.583, 300.716078, 59.176992
5138.084, 300.482447, 58.963009
2851.641, 300.618404, 59.086658
4370.170, 300.461024, 58.944316
8308.876, 300.501623, 58.982645
2804.262, 300.613865, 59.083121
6415.672, 300.704625, 59.165585
5224.649, 300.383569, 58.874058
57212.019, 300.473537, 58.959233
3348.320, 300.686074, 59.149669
8314.264, 300.353471, 58.848671
8775.207, 300.417130, 58.907425
12014.979, 300.361321, 58.857864
5236.030, 300.643186, 59.114665
9557.781, 300.378584, 58.874387
2015.291, 300.384854, 58.878832
10395.392, 300.408382, 58.902893
3231.226, 300.545300, 59.027161
6437.820, 300.594393, 59.074532
13641.245, 300.400787, 58.898881
1987.547, 300.420838, 58.915088
2022.660, 300.697284, 59.167807
4905.337, 300.544176, 59.031027
35841.103, 300.335180, 58.844684
26040.309, 300.330814, 58.839882
2435.488, 300.402811, 58.903147
21865.686, 300.490961, 58.986722
14931.722, 300.582455, 59.069827
39923.226, 300.678341, 59.158330
3967.722, 300.427186, 58.927587
113059.194, 300.628361, 59.119107
67965.588, 300.524545, 59.021981
31934.696, 300.353652, 58.865012
24320.702, 300.347864, 58.859180
225924.450, 300.374872, 58.897042
9680.676, 300.696340, 59.176272
3547.606, 300.730732, 59.206898
89031.176, 300.399316, 58.912513
3623.741, 300.457359, 58.959748
65416.965, 300.511816, 59.013399
11609.631, 300.725103, 59.206174
3574.369, 300.414250, 58.922362
46641.545, 300.505083, 59.007930
5292.094, 300.368392, 58.881317
3980.620, 300.446706, 58.953105
21795.319, 300.484418, 58.989919
5974.256, 300.527846, 59.027234
4431.853, 300.641267, 59.130451
27973.759, 300.330312, 58.851010
3992.491, 300.361443, 58.876965
6041.677, 300.457835, 58.965560
64050.742, 300.540638, 59.044936
15495.172, 300.487174, 58.994839
7260.550, 300.470708, 58.978653
4779.359, 300.444267, 58.956106
25202.515, 300.679635, 59.172117
8104.601, 300.554509, 59.057631
6869.536, 300.686077, 59.176637
5584.532, 300.322933, 58.847186
11552.459, 300.344674, 58.867150
43145.712, 300.416246, 58.939055
4386.884, 300.591643, 59.093162
190330.565, 300.333252, 58.877216
2790.396, 300.643448, 59.139975
12835.857, 300.570461, 59.076270
11675.755, 300.693483, 59.187435
3244.190, 300.446571, 58.962764
17914.717, 300.661069, 59.160086
6092.649, 300.715804, 59.208648
6713.534, 300.575928, 59.083191
5239.133, 300.359574, 58.885605
34633.514, 300.669247, 59.171061
3216.376, 300.367367, 58.894483
12906.039, 300.579676, 59.089094
6734.327, 300.319010, 58.851521
4860.286, 300.439336, 58.961665
25443.454, 300.610161, 59.120393
2844.037, 300.662021, 59.165648
26943.539, 300.345660, 58.880409
4968.628, 300.712210, 59.212205
7969.583, 300.401983, 58.931287
48036.346, 300.580594, 59.096963
20848.629, 300.588159, 59.102247
9593.457, 300.318675, 58.857130
32625.128, 300.412983, 58.944223
12756.509, 300.483352, 59.006952
22083.531, 300.503905, 59.026396
5639.584, 300.309936, 58.851599
8381.355, 300.574600, 59.094053
7639.380, 300.661523, 59.172426
4868.104, 300.457395, 58.987578
18250.125, 300.679461, 59.190897
19838.445, 300.470793, 59.001950
2837.766, 300.383705, 58.921360
19131.650, 300.388382, 58.929499
17327.146, 300.635590, 59.153021
18130.097, 300.346821, 58.890267
6768.126, 300.432093, 58.967905
47637.776, 300.320878, 58.869444
5588.817, 300.631365, 59.149941
1990.570, 300.499424, 59.030093
31213.431, 300.500998, 59.036008
3640.183, 300.660763, 59.176837
4378.887, 300.474142, 59.008934
9642.064, 300.618162, 59.140010
13808.581, 300.574196, 59.101793
3197.386, 300.381819, 58.925136
11224.315, 300.642299, 59.164123
25129.354, 300.313491, 58.866101
10796.560, 300.337284, 58.886188
29951.625, 300.635482, 59.160859
4854.308, 300.626631, 59.151553
77564.383, 300.431859, 58.983596
16994.899, 300.660549, 59.184319
9556.595, 300.347252, 58.898867
7234.836, 300.483881, 59.024914
5564.651, 300.487764, 59.027996
12524.857, 300.528691, 59.066159
7663.807, 300.563095, 59.097466
3195.234, 300.430809, 58.977658
25095.831, 300.441727, 58.990145
1983.802, 300.474420, 59.016250
19036.747, 300.566559, 59.102901
46053.552, 300.612043, 59.145636
18767.453, 300.537854, 59.078518
12137.554, 300.676383, 59.204251
56502.083, 300.294266, 58.859759
399545.707, 300.305031, 58.875071
2324.739, 300.341378, 58.898433
2382.149, 300.358985, 58.916032
20045.600, 300.525969, 59.070262
44039.483, 300.537259, 59.083942
18539.273, 300.599406, 59.136715
3202.065, 300.673228, 59.201520
24382.144, 300.582024, 59.123950
10958.661, 300.665131, 59.196385
7582.040, 300.491079, 59.038567
9964.231, 300.371814, 58.932431
12727.159, 300.492158, 59.042121
11541.434, 300.463552, 59.016937
13915.147, 300.321158, 58.887595
2431.688, 300.389206, 58.948018
5596.527, 300.599499, 59.141293
13078.730, 300.343841, 58.908894
30224.570, 300.388697, 58.952867
10968.100, 300.510441, 59.062161
48742.357, 300.558563, 59.109412
10586.345, 300.614369, 59.157398
73265.754, 300.660310, 59.202543
5607.818, 300.453252, 59.011063
25711.676, 300.327658, 58.899182
2436.315, 300.380795, 58.944973
68266.993, 300.365370, 58.937538
2750.666, 300.545288, 59.096581
6463.292, 300.553573, 59.103880
97969.531, 300.535113, 59.095173
13232.551, 300.409198, 58.974702
5595.225, 300.390903, 58.958417
2020.885, 300.329980, 58.902863
26926.804, 300.396462, 58.968123
4779.756, 300.442563, 59.008458
3258.306, 300.531496, 59.088933
5146.322, 300.384891, 58.956157
11584.289, 300.276324, 58.858121
6072.933, 300.358191, 58.932074
3989.636, 300.499851, 59.061840
9197.545, 300.342720, 58.919625
24550.986, 300.460851, 59.029133
2058.425, 300.504764, 59.066911
15381.540, 300.451590, 59.020573
36366.027, 300.609076, 59.166077
2862.861, 300.634942, 59.185593
15851.195, 300.476272, 59.043636
9201.872, 300.337366, 58.917098
74907.886, 300.435575, 59.013855
23456.020, 300.368079, 58.946444
1985.990, 300.373476, 58.949616
6806.779, 300.412012, 58.986535
3215.438, 300.562634, 59.122804
3182.223, 300.280092, 58.864612
100904.358, 300.321939, 58.908747
4347.655, 300.543561, 59.106081
15274.066, 300.283471, 58.870355
22060.036, 300.478261, 59.049925
2834.771, 300.433075, 59.008706
4515.970, 300.493427, 59.064485
22613.883, 300.545650, 59.113890
24313.757, 300.287122, 58.878072
15386.610, 300.306368, 58.895401
9612.995, 300.311996, 58.899540
5212.048, 300.330338, 58.916226
19906.244, 300.424069, 59.003366
21727.176, 300.332410, 58.924018
2373.215, 300.513550, 59.084191
7184.897, 300.441118, 59.019834
2469.712, 300.654262, 59.211871
13680.006, 300.610442, 59.176060
2878.733, 300.282139, 58.874584
12430.627, 300.354159, 58.943422
3565.407, 300.504062, 59.078393
89538.270, 300.530797, 59.107751
7310.126, 300.478996, 59.057648
24496.562, 300.592598, 59.162817
11113.756, 300.270163, 58.867662
16462.866, 300.467814, 59.049950
35691.666, 300.633621, 59.201459
14564.072, 300.577242, 59.150598
33394.930, 300.432285, 59.023985
7246.837, 300.621322, 59.191726
4393.654, 300.271627, 58.873224
23066.401, 300.309073, 58.909591
14807.374, 300.598801, 59.172637
32291.242, 300.282160, 58.886259
14756.109, 300.338084, 58.937898
26703.475, 300.404532, 58.997816
6752.051, 300.458719, 59.046529
2760.450, 300.578410, 59.154705
22407.186, 300.289317, 58.894348
25804.185, 300.553378, 59.135517
4387.687, 300.638579, 59.209859
25429.441, 300.370199, 58.970859
19175.173, 300.471182, 59.062552
5997.557, 300.264716, 58.871581
7974.992, 300.420982, 59.015960
2815.850, 300.407837, 59.003895
8769.894, 300.317776, 58.923329
5294.275, 300.257828, 58.867778
16891.357, 300.340065, 58.945088
23385.716, 300.506973, 59.098274
7713.916, 300.647214, 59.224165
6020.418, 300.295356, 58.903022
3198.840, 300.357754, 58.960399
27678.044, 300.576421, 59.162349
65647.490, 300.611561, 59.196444
20028.517, 300.391509, 58.995193
2445.736, 300.342175, 58.948697
2017.841, 300.544944, 59.133153
25911.576, 300.592553, 59.180973
2032.297, 300.322850, 58.932660
103155.483, 300.415365, 59.027626
37054.629, 300.297715, 58.913054
1971.728, 300.405371, 59.009205
2423.550, 300.554420, 59.144499
18285.627, 300.269766, 58.887600
17809.930, 300.398035, 59.005996
16431.798, 300.436808, 59.041149
22126.581, 300.340165, 58.955721
22428.430, 300.574098, 59.167981
13751.236, 300.527372, 59.126162
4957.852, 300.441875, 59.047886
41739.025, 300.493734, 59.099201
17013.277, 300.535901, 59.134944
4820.000, 300.300222, 58.919732
7597.131, 300.271592, 58.893948
60498.856, 300.480788, 59.090291
39788.947, 300.317168, 58.941240
11627.393, 300.402820, 59.018210
132021.361, 300.356000, 58.981197
38978.784, 300.444350, 59.058929
4333.912, 300.556199, 59.158059
2048.258, 300.582525, 59.182226
51906.947, 300.334996, 58.962102
3242.821, 300.474500, 59.085661
5245.598, 300.254730, 58.886179
40614.810, 300.267844, 58.902936
5945.753, 300.371278, 58.994707
4413.480, 300.386897, 59.010169
193731.503, 300.478965, 59.100497
4443.065, 300.235094, 58.870952
2028.229, 300.240784, 58.875179
8344.402, 300.274614, 58.907482
4329.943, 300.455846, 59.073911
47966.203, 300.321990, 58.956689
2344.103, 300.286834, 58.920984
15261.138, 300.279842, 58.917527
5135.834, 300.597983, 59.206805
6836.156, 300.258341, 58.897856
31318.958, 300.605603, 59.217209
15220.006, 300.296202, 58.936616
5571.584, 300.268178, 58.909135
4398.096, 300.383305, 59.015191
12335.543, 300.236320, 58.880962
20292.877, 300.574456, 59.191835
2417.849, 300.278690, 58.920718
5980.208, 300.224913, 58.872603
8062.683, 300.306660, 58.948119
4386.668, 300.417718, 59.049045
162383.111, 300.324573, 58.972071
24118.256, 300.337713, 58.979668
93214.607, 300.361419, 59.008966
4083.886, 300.404904, 59.040465
28100.756, 300.566743, 59.189843
21977.682, 300.590903, 59.213169
2422.152, 300.255310, 58.905104
9348.190, 300.423726, 59.060535
7990.426, 300.246046, 58.899027
9563.174, 300.261826, 58.914167
64345.744, 300.592204, 59.222587
4391.567, 300.220343, 58.875690
2349.512, 300.267949, 58.921445
12377.370, 300.286787, 58.939529
46671.396, 300.392664, 59.039342
115065.586, 300.290365, 58.952521
5206.082, 300.334771, 58.983532
19108.310, 300.614349, 59.240015
15872.002, 300.219993, 58.879789
8465.226, 300.380594, 59.027159
3183.447, 300.400730, 59.044715
56726.567, 300.602444, 59.231769
2375.447, 300.236443, 58.894524
34522.872, 300.338589, 58.991575
2758.784, 300.376832, 59.023237
5225.404, 300.451027, 59.092092
5621.106, 300.415014, 59.060536
1955.279, 300.388441, 59.035742
3258.769, 300.425351, 59.069538
40910.241, 300.451728, 59.099229
135674.958, 300.482438, 59.131185
29160.675, 300.368658, 59.023581
39021.689, 300.224719, 58.893300
5609.216, 300.351157, 59.006447
13615.280, 300.525680, 59.166355
20393.029, 300.274414, 58.938342
3198.663, 300.299238, 58.961744
3295.036, 300.377535, 59.032832
6018.847, 300.342376, 59.001420
20901.032, 300.217556, 58.890096
17579.151, 300.468791, 59.120814
5597.837, 300.515375, 59.161137
13526.915, 300.226353, 58.898408
13381.120, 300.551293, 59.195674
16282.788, 300.570192, 59.213263
23815.084, 300.580972, 59.223515
3997.387, 300.282009, 58.949275
20615.264, 300.301707, 58.968770
18086.014, 300.207465, 58.882655
2001.560, 300.262186, 58.931529
11963.678, 300.375218, 59.037589
6492.318, 300.387415, 59.048142
