# Source Fluxes and Coordinates
# Flux (e-/s), RA (deg), Dec (deg)
348190.531, 301.207151, 58.921779
11414.931, 301.263264, 58.969400
3609.317, 301.291873, 58.994177
981362.363, 301.100034, 58.834793
66305.968, 301.242199, 58.954159
38283.706, 301.193752, 58.917066
109487.008, 300.991667, 58.736094
8952.735, 301.362518, 59.070575
49047.266, 301.039112, 58.784937
25992.449, 301.235117, 58.961299
8988.678, 301.349160, 59.063605
11080.867, 301.082018, 58.828278
13295.747, 301.141779, 58.883569
4487.723, 301.200156, 58.934705
26294.941, 301.054845, 58.807725
6585.085, 301.114726, 58.859274
12935.721, 301.031976, 58.788321
15111.807, 301.116957, 58.866113
3120.652, 301.130468, 58.878082
54928.281, 301.056119, 58.817437
21486.883, 301.177613, 58.926830
13303.049, 301.087495, 58.848932
43678.169, 300.974063, 58.749067
24278.915, 301.032312, 58.800741
23668.029, 301.100536, 58.863615
70592.559, 301.294101, 59.039114
39798.021, 300.958460, 58.737798
18568.499, 301.010123, 58.785487
4418.807, 301.015120, 58.788801
7544.553, 300.998606, 58.778433
2195.208, 300.990475, 58.771340
43569.806, 301.181877, 58.947997
2677.746, 300.958712, 58.744360
10787.140, 301.283473, 59.038499
15288.795, 301.316677, 59.068808
9254.474, 300.977719, 58.765335
32196.387, 301.011142, 58.799187
18281.439, 301.111992, 58.888473
31633.872, 301.135139, 58.911571
2710.623, 300.993490, 58.781641
15303.007, 300.981200, 58.773056
101587.099, 301.202587, 58.976360
7449.842, 301.152082, 58.928219
3537.067, 301.124648, 58.903362
48664.907, 300.928824, 58.730800
2656.983, 301.124459, 58.905673
60805.140, 301.167210, 58.949448
40651.925, 301.253504, 59.025611
3603.908, 300.999124, 58.795030
3108.580, 301.041997, 58.833182
32106.147, 301.209382, 58.986636
4403.858, 301.025168, 58.820087
15124.152, 301.135907, 58.921339
10293.202, 301.056652, 58.849304
2684.635, 301.067155, 58.859110
8758.427, 300.975995, 58.778274
10080.227, 300.946335, 58.754013
24384.721, 301.148425, 58.937538
59953.197, 301.170880, 58.958917
5001.498, 301.279995, 59.052327
6677.476, 301.119920, 58.910195
10115.170, 300.981597, 58.786771
18346.089, 301.064860, 58.864896
55982.101, 301.153120, 58.947791
11170.362, 301.011956, 58.818748
27584.609, 301.109872, 58.910508
9272.770, 300.994486, 58.806398
16864.368, 300.941388, 58.759514
13411.901, 301.009618, 58.821732
5265.105, 300.996839, 58.809871
6170.584, 301.023366, 58.834759
33804.131, 301.088595, 58.894911
15044.760, 300.902199, 58.730379
9258.717, 300.960082, 58.781289
6251.067, 301.245920, 59.037133
12671.537, 301.294466, 59.082889
5392.551, 300.944976, 58.769414
12304.570, 300.971454, 58.795978
2258.783, 301.264844, 59.057706
18628.721, 300.985520, 58.811971
4424.732, 301.012867, 58.835324
59727.229, 301.109861, 58.926850
3997.739, 300.993939, 58.818944
2209.791, 300.952682, 58.783665
6704.769, 300.986817, 58.815816
33473.246, 301.045294, 58.872678
14591.527, 300.920474, 58.757121
121362.218, 301.068587, 58.896729
2669.075, 300.963290, 58.796149
18831.344, 301.284925, 59.086585
18577.390, 300.940412, 58.780164
10551.567, 300.962929, 58.800300
80685.961, 300.905645, 58.753815
2185.283, 300.943101, 58.782857
74844.008, 300.896594, 58.745900
54897.977, 300.943003, 58.787984
56947.902, 301.104601, 58.933989
27650.164, 301.113380, 58.941035
7031.949, 300.974356, 58.814609
2689.121, 301.265192, 59.076237
67339.919, 301.167294, 58.994405
5837.479, 300.993037, 58.835930
28421.809, 300.994534, 58.840147
16434.542, 301.047316, 58.886964
70207.999, 301.015823, 58.864867
25438.861, 300.880235, 58.742023
24676.752, 301.075436, 58.917355
3960.479, 300.887214, 58.745733
6151.012, 301.106745, 58.948057
6195.171, 300.895448, 58.757871
171485.714, 301.027901, 58.889717
154334.695, 301.137854, 58.982237
76020.729, 300.886583, 58.754425
3971.106, 300.930411, 58.791161
2592.488, 301.000398, 58.855432
30584.705, 301.240194, 59.072974
6627.932, 300.873096, 58.740894
54980.558, 300.969567, 58.834382
5232.851, 300.922273, 58.789673
283249.500, 300.859988, 58.741906
7061.109, 300.964289, 58.828648
13361.222, 301.189395, 59.032099
2630.098, 300.900712, 58.770920
72591.828, 301.000453, 58.871474
48372.130, 301.061841, 58.927111
5732.980, 300.877273, 58.753632
2160.833, 300.980156, 58.846620
21782.877, 300.898699, 58.775798
15034.823, 300.915185, 58.791415
31316.479, 300.950111, 58.823712
41755.335, 300.954791, 58.827896
4901.685, 301.099031, 58.956603
10134.549, 300.943801, 58.819197
3472.061, 300.868484, 58.751051
3558.163, 300.887369, 58.767498
23274.512, 301.140784, 58.998384
4941.610, 301.222207, 59.069472
18919.428, 300.888377, 58.772859
4397.460, 301.097543, 58.960944
16925.819, 300.960583, 58.840050
3143.846, 301.251871, 59.099723
2648.360, 300.919804, 58.801972
4360.039, 300.923895, 58.807343
4877.161, 300.858744, 58.749866
2224.474, 300.928831, 58.814169
19067.067, 300.951645, 58.837150
10601.952, 300.961484, 58.846944
3997.350, 300.922423, 58.811967
58177.083, 301.202488, 59.068655
112590.183, 300.862924, 58.766474
155215.927, 301.023017, 58.914038
22302.890, 301.065097, 58.947645
19583.829, 301.105822, 58.984465
14178.967, 300.923049, 58.819575
8868.452, 300.987482, 58.877570
2215.449, 300.879934, 58.780342
5716.160, 300.849773, 58.754451
2211.881, 301.038603, 58.926334
31090.409, 301.111935, 58.995151
16039.796, 301.239059, 59.109904
5352.426, 300.850837, 58.760545
6099.911, 300.868461, 58.778954
45626.354, 301.047133, 58.943069
117976.063, 301.132052, 59.022009
63904.033, 300.983022, 58.889397
61381.079, 301.119485, 59.012832
56794.863, 300.916058, 58.830636
5649.985, 300.849380, 58.767777
20414.258, 300.988792, 58.895522
3578.313, 300.868468, 58.785684
4909.207, 300.900790, 58.815551
10182.954, 300.961439, 58.872976
98274.970, 300.935275, 58.858580
3522.618, 300.856659, 58.783122
565093.222, 300.820137, 58.765922
16323.715, 300.905734, 58.829513
19362.907, 301.141603, 59.043278
29367.230, 301.101147, 59.008809
50905.977, 301.193803, 59.092220
96446.436, 300.838117, 58.778926
21849.318, 301.075333, 58.986399
10162.475, 300.854991, 58.787231
21681.322, 300.974680, 58.896607
10744.784, 301.175093, 59.076306
2627.081, 300.914356, 58.842349
9718.990, 301.067077, 58.982123
3628.549, 301.062710, 58.978235
10169.588, 300.863836, 58.800290
17413.521, 300.902771, 58.836099
78431.087, 300.847663, 58.792305
23305.179, 300.920868, 58.854578
3550.597, 300.988951, 58.915996
2658.253, 300.929752, 58.864139
38814.260, 301.138719, 59.054533
10163.619, 300.882056, 58.824069
59578.524, 300.924228, 58.867833
36052.756, 300.969499, 58.908088
29257.484, 301.014923, 58.948576
2246.562, 300.806597, 58.758039
20479.996, 300.883947, 58.832527
16282.383, 300.985586, 58.924525
15033.522, 301.041297, 58.975614
46667.179, 301.058840, 58.992633
3053.384, 300.915725, 58.863885
47132.081, 301.160231, 59.087299
4433.683, 300.888979, 58.841130
8799.867, 300.804965, 58.766280
55512.173, 300.818261, 58.782349
11839.063, 300.947920, 58.898469
45879.575, 300.981195, 58.934330
4373.805, 300.913479, 58.869575
16234.603, 300.970394, 58.923671
17717.066, 300.875438, 58.837637
34909.830, 301.144815, 59.081749
28146.618, 300.803058, 58.774537
28540.826, 301.130751, 59.070143
2244.262, 300.946206, 58.902407
76693.262, 301.022798, 58.976018
3973.418, 300.798992, 58.770036
12757.233, 300.862401, 58.828415
2636.119, 300.888241, 58.850841
9342.406, 300.807587, 58.779591
18882.851, 300.837375, 58.807249
22410.645, 301.090014, 59.035237
13470.990, 300.939680, 58.900637
29792.587, 301.118003, 59.062074
39142.626, 300.823384, 58.797958
6563.958, 300.867226, 58.836708
8461.666, 300.902088, 58.868927
8386.519, 301.003214, 58.959550
35009.002, 301.077267, 59.028763
24576.494, 300.826148, 58.803272
4383.896, 300.911967, 58.877675
14729.907, 301.110303, 59.058571
6691.810, 300.955908, 58.918599
30215.591, 300.975024, 58.939894
70381.417, 300.847602, 58.827978
18215.304, 300.960604, 58.930174
8061.794, 301.181574, 59.128894
4842.369, 300.930081, 58.903047
5767.810, 300.813489, 58.797693
4848.491, 300.839765, 58.822075
6640.098, 300.917263, 58.892979
90991.211, 301.020246, 58.991616
9717.889, 300.806592, 58.794050
11043.002, 300.868075, 58.850914
37636.272, 300.927550, 58.907020
2685.201, 300.833083, 58.819054
10163.507, 300.947146, 58.922825
88231.456, 300.961214, 58.941560
23027.297, 300.996191, 58.970402
19159.568, 301.002334, 58.975379
11047.826, 300.891442, 58.876584
42220.937, 301.118933, 59.083057
72849.878, 300.774222, 58.776537
3596.637, 300.972061, 58.950781
11541.183, 300.977978, 58.957784
98192.594, 300.855351, 58.853280
12081.164, 301.153509, 59.116760
21065.092, 301.093605, 59.065007
28786.763, 301.143730, 59.110594
11392.359, 300.875278, 58.869733
2220.207, 300.819747, 58.819010
43992.715, 301.112226, 59.086861
198268.980, 301.017166, 59.006921
15918.892, 300.887961, 58.886406
77354.278, 300.789579, 58.805008
3904.457, 300.920659, 58.916199
23685.926, 300.785462, 58.796143
40189.652, 300.877967, 58.882123
3120.334, 300.805915, 58.814509
3495.411, 300.800435, 58.812873
46246.608, 301.022243, 59.016893
4804.506, 300.818197, 58.829056
6686.944, 300.978474, 58.975344
23297.904, 301.031513, 59.025521
5175.362, 300.893364, 58.899373
6233.362, 301.088487, 59.075228
42097.089, 300.804642, 58.822341
52808.356, 301.131821, 59.119269
43876.682, 300.766641, 58.789757
13305.261, 300.779058, 58.799209
27241.889, 300.961461, 58.965764
9299.764, 300.793022, 58.811645
15445.240, 300.918878, 58.926986
2234.210, 300.818056, 58.834997
7595.836, 300.866363, 58.879363
2603.306, 300.912416, 58.921176
2210.673, 300.925081, 58.931596
25367.705, 300.754312, 58.779494
6228.408, 300.771911, 58.793999
49727.385, 300.744437, 58.776678
310920.323, 300.900034, 58.922379
41785.824, 301.092597, 59.089410
4858.396, 300.866345, 58.883540
14506.270, 300.778192, 58.805750
2698.828, 300.792536, 58.816622
41718.910, 300.809596, 58.837319
4009.765, 300.946081, 58.957460
7141.470, 300.875541, 58.895887
5748.647, 300.753217, 58.784805
2197.511, 300.962207, 58.974884
49220.092, 300.774298, 58.810915
10245.952, 301.077630, 59.081040
10122.102, 300.876240, 58.901498
62305.937, 300.745875, 58.792037
2598.532, 300.826295, 58.854369
35348.512, 300.958894, 58.979256
5329.098, 300.891351, 58.917906
7888.085, 300.862816, 58.896365
54051.504, 300.832225, 58.874293
5224.187, 300.738480, 58.785291
3552.953, 300.840066, 58.877450
5755.880, 300.823939, 58.863857
53394.794, 300.953910, 58.985547
6221.889, 301.032254, 59.052611
3667.349, 301.103900, 59.116584
6215.110, 300.815926, 58.857507
10080.281, 300.892409, 58.927627
4446.548, 300.789905, 58.834848
36733.665, 300.841165, 58.883175
38927.574, 301.042234, 59.065522
10960.192, 300.796838, 58.843776
2642.440, 300.823306, 58.867207
9193.360, 300.730865, 58.784850
3550.276, 300.884063, 58.928283
67941.000, 301.017527, 59.053233
6622.179, 301.083433, 59.108279
10557.204, 300.857839, 58.906673
7997.239, 300.817932, 58.870501
38164.236, 301.052721, 59.085821
3154.534, 300.883990, 58.932875
5757.229, 301.042151, 59.076431
2691.103, 300.747020, 58.809188
23519.040, 300.886403, 58.938785
4041.007, 300.958584, 59.001607
5800.618, 300.875846, 58.930164
6632.916, 300.784518, 58.848096
3083.333, 300.814172, 58.874308
12353.933, 300.869908, 58.927085
27558.997, 300.717035, 58.789474
13917.154, 300.745947, 58.818104
10578.957, 300.805921, 58.869871
9277.000, 300.865108, 58.922852
8040.136, 300.761624, 58.829514
7001.530, 300.787486, 58.852532
2615.439, 300.928500, 58.980205
43066.521, 301.036443, 59.080861
64637.198, 300.830146, 58.896004
11474.260, 300.857598, 58.920112
56621.998, 300.926213, 58.984988
37837.790, 300.948760, 59.005119
15402.021, 300.739504, 58.813705
19644.156, 301.047562, 59.093513
2712.256, 300.822786, 58.889748
136296.510, 300.846183, 58.917349
30901.531, 300.767884, 58.845202
25851.590, 300.791461, 58.867348
2203.736, 300.853908, 58.924248
35596.683, 300.982078, 59.042774
7076.118, 300.709356, 58.794731
41431.880, 301.075134, 59.128956
4420.783, 300.738588, 58.822556
4421.284, 300.750409, 58.832944
5740.877, 300.970811, 59.033647
9918.508, 301.063532, 59.116893
3912.527, 300.800014, 58.878894
34631.939, 300.872725, 58.948311
35268.806, 300.880710, 58.956364
50371.591, 300.914550, 58.987467
8402.258, 300.794292, 58.876659
6169.683, 300.807811, 58.888843
4878.611, 300.778104, 58.862946
44003.789, 300.958970, 59.029777
20476.326, 301.101093, 59.156979
37283.009, 300.768380, 58.859359
5715.086, 300.765518, 58.855679
5354.836, 300.759853, 58.851824
21188.588, 300.774079, 58.866643
3526.533, 300.698315, 58.795342
4826.489, 300.816271, 58.905616
2284.616, 300.914670, 58.993520
14661.051, 301.035964, 59.104462
15380.828, 301.078667, 59.142688
2226.444, 300.710516, 58.808799
12253.775, 300.712095, 58.811816
75679.416, 300.718987, 58.822501
10207.093, 301.091781, 59.154416
52107.709, 300.867665, 58.957608
314716.189, 300.955692, 59.044931
10338.983, 301.026466, 59.098025
6660.181, 300.752214, 58.851062
2218.502, 300.967156, 59.044869
93381.734, 300.993554, 59.075414
3066.333, 300.841603, 58.934462
116981.360, 300.872209, 58.967946
17240.031, 300.939302, 59.024244
4902.575, 300.686697, 58.795548
46470.015, 300.727022, 58.836873
2237.816, 300.798456, 58.897265
2219.582, 300.846738, 58.942131
7524.551, 300.788464, 58.890468
36369.272, 300.707918, 58.821529
2260.068, 300.804164, 58.905840
8409.159, 300.750650, 58.859159
11152.687, 300.939939, 59.031403
24636.423, 300.700499, 58.817096
2236.460, 300.743473, 58.852565
3975.334, 300.746320, 58.855430
36887.385, 300.767847, 58.877186
41885.973, 300.897036, 58.997082
83961.887, 300.774777, 58.890219
15139.577, 300.884538, 58.984267
3534.849, 300.682172, 58.798806
3093.140, 300.813565, 58.919570
7945.291, 300.826997, 58.932540
7951.490, 300.862471, 58.964941
26374.350, 300.891575, 58.992678
13621.347, 300.692350, 58.812856
7011.242, 300.716846, 58.834962
4859.065, 300.798652, 58.909521
5283.401, 300.728537, 58.846777
21312.035, 300.883825, 58.988733
151564.496, 300.749393, 58.871982
15347.103, 300.787749, 58.901967
2205.803, 300.686986, 58.809385
6141.865, 300.711629, 58.832697
8765.588, 300.803630, 58.916930
8032.902, 300.902114, 59.006993
56723.535, 300.674296, 58.803845
6644.284, 301.052220, 59.144405
2651.548, 300.713348, 58.838320
3513.383, 300.723429, 58.847211
2216.619, 300.730594, 58.853465
20202.883, 300.787577, 58.906488
19183.009, 300.907001, 59.014930
3564.878, 301.012418, 59.108671
13952.510, 300.973619, 59.076449
5641.631, 300.757557, 58.882562
12495.540, 300.829034, 58.948129
16394.361, 300.863906, 58.981285
2623.314, 300.667075, 58.800749
2670.726, 300.735492, 58.862747
28750.444, 300.697900, 58.832202
3149.048, 300.777197, 58.902013
22816.924, 300.802626, 58.927443
25298.902, 300.704389, 58.840826
50331.526, 300.880462, 59.001975
5254.189, 300.722643, 58.855380
185725.477, 300.750747, 58.890691
8455.537, 300.675967, 58.813546
8294.224, 300.736846, 58.870136
4417.821, 300.852737, 58.975204
33582.681, 300.964080, 59.077870
3217.308, 300.839711, 58.963830
47255.570, 300.662455, 58.807481
3952.099, 301.030146, 59.135994
58359.225, 300.937016, 59.058093
21998.265, 301.019421, 59.130096
14404.424, 300.736296, 58.874491
13168.394, 300.792008, 58.926489
16550.333, 300.993086, 59.109061
4901.502, 300.675213, 58.820572
3518.508, 300.799189, 58.933063
12259.000, 300.653523, 58.802868
2701.161, 300.686644, 58.831088
3527.611, 300.709564, 58.852772
214878.275, 300.813045, 58.954444
98694.116, 301.034649, 59.151949
75539.332, 300.828132, 58.965130
6580.329, 300.726655, 58.870390
14001.099, 300.757966, 58.899262
38634.546, 300.886020, 59.017149
3538.700, 300.711748, 58.857503
38760.250, 300.924939, 59.054672
3542.596, 300.674032, 58.824713
87504.539, 300.673978, 58.830837
3092.559, 300.776633, 58.918230
5322.284, 300.976676, 59.100186
20116.594, 301.051638, 59.169388
2609.560, 300.731855, 58.878690
8808.176, 300.794944, 58.938785
12494.255, 301.007360, 59.130687
17133.875, 300.736713, 58.887457
70177.420, 300.837803, 58.982899
11112.189, 300.724659, 58.876832
16176.822, 300.653301, 58.814109
47853.488, 300.922818, 59.060847
2620.111, 300.728544, 58.882688
22355.648, 300.759014, 58.912374
3543.948, 300.683672, 58.842911
7488.024, 300.697367, 58.855984
17084.909, 300.749584, 58.907233
43409.178, 300.685429, 58.850903
47892.750, 300.736645, 58.896820
3056.760, 300.811393, 58.961469
7991.890, 300.867019, 59.013367
82756.576, 300.726623, 58.891674
187744.013, 300.850423, 59.004905
123870.830, 300.636542, 58.812635
10561.405, 300.646837, 58.816200
3977.190, 300.788060, 58.943902
37425.219, 300.837273, 58.992002
3571.352, 300.660863, 58.830822
2633.272, 300.774574, 58.935428
16493.231, 300.776151, 58.939044
20718.451, 300.790124, 58.952746
7927.050, 300.662082, 58.834652
27265.424, 300.671999, 58.846559
15113.250, 300.799537, 58.963613
3538.415, 300.734215, 58.903540
6197.684, 300.763007, 58.930812
9734.983, 301.031688, 59.173044
24397.405, 300.649264, 58.829580
3976.611, 300.729219, 58.901575
16558.306, 300.817796, 58.983345
8788.746, 300.681538, 58.859735
4467.962, 301.020044, 59.164896
2604.187, 300.734516, 58.908498
11850.506, 300.749692, 58.923324
3970.953, 300.673163, 58.855167
8742.687, 300.681843, 58.864637
38895.995, 300.780336, 58.956724
8484.941, 300.805713, 58.977921
24255.255, 300.651165, 58.842235
32696.974, 300.621790, 58.816097
9296.482, 300.702734, 58.888349
6198.145, 300.786205, 58.963570
15103.123, 300.824124, 58.999633
4025.408, 300.744990, 58.927767
128197.352, 300.998594, 59.165735
17208.440, 300.726428, 58.912988
36057.305, 300.826429, 59.004730
12162.479, 300.942419, 59.109161
3576.854, 300.637243, 58.831989
11183.815, 300.863017, 59.038110
22029.366, 300.715121, 58.906171
52459.447, 300.680102, 58.879735
112178.148, 300.982020, 59.152397
17933.040, 300.908873, 59.083003
6616.789, 300.743773, 58.935144
123692.222, 300.799633, 58.990865
70944.633, 300.888631, 59.070660
6194.915, 300.633958, 58.837317
13573.757, 300.616941, 58.824323
13172.934, 300.638003, 58.843991
66252.410, 300.829657, 59.020685
56178.654, 300.641943, 58.851805
3533.140, 300.874110, 59.059792
7487.553, 300.647740, 58.855814
11557.622, 300.880238, 59.067286
29226.585, 301.004191, 59.179817
2192.781, 300.689015, 58.893130
47304.085, 300.730616, 58.934408
3528.303, 300.740292, 58.940711
37703.591, 300.764755, 58.965716
3571.838, 300.653907, 58.862578
11822.831, 300.615071, 58.829320
19510.440, 300.773262, 58.974607
19804.240, 300.618247, 58.833205
3962.714, 300.688478, 58.895638
512752.679, 300.988828, 59.175882
3988.129, 300.662601, 58.873846
33652.247, 300.602435, 58.824361
59119.996, 300.664654, 58.881638
7088.315, 300.733520, 58.939590
8417.137, 300.648434, 58.863995
8386.862, 300.747151, 58.955226
23811.362, 300.649733, 58.870554
6604.363, 300.719233, 58.931547
6292.407, 300.816063, 59.019506
23626.559, 300.790001, 58.999003
24574.995, 300.654749, 58.876281
3965.872, 300.767620, 58.976801
70000.169, 300.677975, 58.901882
2256.075, 300.896690, 59.093830
27847.040, 300.691181, 58.910586
2686.800, 300.720217, 58.935280
49635.022, 300.880784, 59.084189
7065.458, 300.601867, 58.830074
38217.877, 300.964197, 59.160239
32406.938, 300.738891, 58.958596
33307.418, 300.817650, 59.029629
41924.227, 300.824636, 59.036828
11034.420, 300.714890, 58.937040
2619.903, 300.743635, 58.963334
26726.042, 300.775288, 58.995323
19762.568, 300.635874, 58.871667
8100.033, 300.921129, 59.125908
25648.417, 300.643667, 58.877773
176057.401, 300.652907, 58.892192
10177.908, 300.756078, 58.978453
24023.903, 300.895136, 59.106398
10986.383, 300.650831, 58.885936
5766.027, 300.618412, 58.856152
42117.589, 300.682721, 58.918486
32370.670, 300.744803, 58.974702
9684.414, 300.619604, 58.860610
37440.691, 300.661453, 58.901141
11040.733, 300.672201, 58.910114
58329.968, 300.737839, 58.971346
7424.219, 300.694308, 58.930666
150600.283, 300.905058, 59.126480
49685.191, 300.948847, 59.164384
49524.791, 300.616885, 58.866915
2203.850, 300.642906, 58.884618
11501.563, 300.888618, 59.110167
11049.493, 300.583445, 58.833121
8532.705, 300.850952, 59.076781
3583.830, 300.585670, 58.835453
6638.119, 300.729150, 58.966966
2629.862, 300.642971, 58.888406
2588.363, 300.705512, 58.945079
374328.046, 300.628026, 58.886474
6148.574, 300.793474, 59.026710
3593.087, 300.969171, 59.185079
18952.283, 300.663050, 58.910522
3062.880, 300.686977, 58.930884
3502.917, 300.706853, 58.949988
5280.751, 300.767122, 59.005900
82311.484, 300.599589, 58.857546
34683.017, 300.717060, 58.962934
5838.554, 300.885269, 59.113641
26537.488, 300.583048, 58.842251
4893.892, 300.666697, 58.916307
2217.770, 300.641698, 58.895859
28079.657, 300.659101, 58.916120
2656.364, 300.705904, 58.954434
31796.372, 300.801853, 59.044318
7451.533, 300.645419, 58.901737
110036.690, 300.666428, 58.926512
12773.832, 300.616278, 58.875791
3522.710, 300.720216, 58.969977
8557.132, 300.925684, 59.156925
6654.327, 300.636750, 58.896013
3014.844, 300.649133, 58.906228
73427.378, 300.848785, 59.092292
24568.776, 300.938490, 59.170591
9745.079, 300.803222, 59.049206
4927.278, 300.869470, 59.107609
5278.703, 300.637693, 58.899645
12291.188, 300.708838, 58.965982
19419.755, 300.611797, 58.880303
12641.584, 300.594026, 58.863689
3085.124, 300.719412, 58.976710
2704.501, 300.558938, 58.832787
13649.365, 300.586279, 58.859421
5732.848, 300.671556, 58.936999
7183.620, 300.800753, 59.054464
4476.899, 300.818121, 59.070058
6696.167, 300.890267, 59.135360
4851.172, 300.787230, 59.043064
20572.739, 300.957704, 59.198585
9269.359, 300.673725, 58.941853
4387.539, 300.747052, 59.007933
17199.799, 300.640041, 58.913653
11309.654, 300.705899, 58.974606
2198.320, 300.774030, 59.033762
20012.797, 300.842247, 59.097814
47568.227, 300.662878, 58.942487
79249.673, 300.619662, 58.899783
24341.604, 300.565293, 58.848914
3495.908, 300.580457, 58.860835
19175.902, 300.783187, 59.047314
18795.685, 300.810178, 59.071931
67586.246, 300.893235, 59.151473
5785.694, 300.600434, 58.884963
7485.906, 300.655406, 58.936852
31466.888, 300.742190, 59.018539
48797.714, 300.881789, 59.143918
8790.634, 300.564714, 58.853466
2222.266, 300.685644, 58.963188
55474.101, 300.789440, 59.063563
2671.615, 300.579228, 58.866796
15537.917, 300.871302, 59.134172
6620.632, 300.552775, 58.844505
17285.968, 300.542088, 58.836985
23158.179, 300.664319, 58.949920
17155.711, 300.606170, 58.898510
21541.910, 300.614034, 58.910058
3966.214, 300.669746, 58.955961
21779.444, 300.676023, 58.964158
12768.888, 300.558847, 58.857016
4455.527, 300.579176, 58.874351
23035.881, 300.827625, 59.103207
103809.460, 300.579628, 58.881093
7513.274, 300.728967, 59.012368
6572.420, 300.593161, 58.888795
3599.360, 300.646857, 58.937915
22149.157, 300.812948, 59.090827
4828.373, 300.622495, 58.916638
8368.712, 300.570142, 58.870284
42055.440, 300.849132, 59.127926
23051.667, 300.745704, 59.033025
4013.060, 300.795049, 59.076264
86815.429, 300.540714, 58.850488
7638.451, 300.635759, 58.934006
35088.124, 300.655929, 58.954067
63231.948, 300.774459, 59.065779
2623.853, 300.590706, 58.892563
5356.090, 300.693043, 58.987031
10899.012, 300.698457, 58.992213
18867.154, 300.529388, 58.841468
297188.170, 300.703302, 59.009793
22576.155, 300.613883, 58.918264
27932.916, 300.742825, 59.038122
8880.002, 300.873003, 59.152558
5330.562, 300.658864, 58.959133
23685.496, 300.818490, 59.105883
3592.889, 300.883164, 59.162065
37723.768, 300.634785, 58.941821
18280.860, 300.897785, 59.178235
3563.205, 300.557304, 58.869117
10858.465, 300.927822, 59.206842
6233.224, 300.913371, 59.193738
2233.609, 300.587696, 58.898881
9072.012, 300.883522, 59.168246
8388.578, 300.549476, 58.866167
4836.624, 300.699591, 59.003028
4474.629, 300.594969, 58.908743
8308.277, 300.656031, 58.965285
51077.834, 300.710466, 59.017949
21161.222, 300.716190, 59.022426
3545.255, 300.539133, 58.859316
3988.691, 300.609394, 58.923454
4454.542, 300.542447, 58.863084
8492.814, 300.845608, 59.139636
74528.855, 300.660888, 58.978578
22327.119, 300.556741, 58.880088
4449.962, 300.649390, 58.963752
4809.621, 300.654692, 58.969503
55822.843, 300.558684, 58.885435
14082.565, 300.760342, 59.066479
8295.772, 300.574190, 58.896838
40618.003, 300.582194, 58.907514
14472.338, 300.589986, 58.912149
3513.251, 300.666683, 58.981148
9706.272, 300.804037, 59.107122
12849.370, 300.522278, 58.851253
12894.998, 300.617049, 58.938135
26762.216, 300.612233, 58.935732
25899.680, 300.827638, 59.132209
25908.499, 300.539191, 58.868979
2679.892, 300.578000, 58.902941
14531.649, 300.637022, 58.959100
42962.908, 300.740409, 59.055023
7952.567, 300.524568, 58.858337
16187.421, 300.667181, 58.989102
8432.581, 300.545443, 58.877049
40423.279, 300.718390, 59.038156
6125.991, 300.515033, 58.850434
12369.495, 300.750373, 59.066021
39070.794, 300.765583, 59.081562
46747.872, 300.623222, 58.953530
8905.564, 300.724133, 59.042387
36379.917, 300.813314, 59.125128
41043.308, 300.638144, 58.968361
27871.117, 300.579405, 58.914949
3109.261, 300.658820, 58.985341
19816.176, 300.562591, 58.902325
9731.155, 300.612570, 58.945861
66031.148, 300.865080, 59.178966
6686.360, 300.555784, 58.895242
3965.965, 300.844906, 59.158138
7940.287, 300.581686, 58.920004
22830.236, 300.872920, 59.189780
7993.995, 300.676003, 59.011733
2675.354, 300.870470, 59.186811
12602.804, 300.810986, 59.134916
63266.075, 300.708721, 59.047101
48724.839, 300.640094, 58.984911
44287.029, 300.517393, 58.876710
2654.847, 300.823984, 59.150271
3100.008, 300.560981, 58.911363
5730.919, 300.576470, 58.925990
4497.524, 300.598289, 58.945993
12396.400, 300.509793, 58.867933
10571.762, 300.529130, 58.884661
5261.854, 300.539177, 58.893787
42144.045, 300.733913, 59.074499
36484.511, 300.890967, 59.216037
3558.152, 300.587533, 58.938215
3048.423, 300.649168, 58.994892
33678.439, 300.655236, 59.004015
3121.096, 300.730456, 59.069186
3182.073, 300.490684, 58.852194
8867.119, 300.629702, 58.982166
30710.322, 300.673130, 59.021975
3146.452, 300.596197, 58.950751
4378.542, 300.571850, 58.929475
7080.877, 300.586531, 58.942918
64829.707, 300.879637, 59.212231
7409.080, 300.552151, 58.913271
22775.177, 300.563123, 58.925189
19030.434, 300.711034, 59.058735
4841.560, 300.539652, 58.902588
90062.418, 300.767743, 59.115270
44630.821, 300.528306, 58.897305
7889.813, 300.699843, 59.051008
30916.982, 300.688714, 59.042536
17391.384, 300.714042, 59.064117
21632.904, 300.664719, 59.020507
3080.920, 300.703491, 59.054223
22054.797, 300.585080, 58.948744
9842.699, 300.654289, 59.012936
7018.856, 300.508973, 58.881668
19795.558, 300.545784, 58.918017
3096.494, 300.611219, 58.975226
3545.901, 300.623479, 58.986536
27146.427, 300.835338, 59.180464
9705.103, 300.596874, 58.964034
2196.111, 300.534241, 58.907438
16894.227, 300.712156, 59.071388
7508.911, 300.838034, 59.184939
9210.170, 300.477131, 58.857872
7095.524, 300.484118, 58.863403
4365.270, 300.492252, 58.870367
46002.706, 300.734511, 59.094947
49268.269, 300.776424, 59.133622
4466.063, 300.598681, 58.970028
30619.037, 300.818371, 59.171830
7970.022, 300.841270, 59.190464
12827.275, 300.488742, 58.872855
47818.615, 300.750319, 59.113031
16267.161, 300.546354, 58.928111
46385.350, 300.478386, 58.867009
5859.222, 300.593657, 58.969342
4397.116, 300.499926, 58.885064
37869.401, 300.606836, 58.985604
2689.938, 300.838149, 59.192067
2685.607, 300.490441, 58.875902
20242.851, 300.644497, 59.019015
54666.095, 300.564791, 58.950642
100459.934, 300.631689, 59.012660
5301.643, 300.685176, 59.055739
6577.094, 300.466509, 58.856904
18402.815, 300.623049, 59.001220
9291.718, 300.859679, 59.215996
11299.926, 300.867072, 59.223624
55404.502, 300.497170, 58.891964
15080.402, 300.816196, 59.178704
5357.052, 300.524408, 58.913574
19301.529, 300.835357, 59.198753
36700.251, 300.489412, 58.884934
12338.088, 300.527946, 58.921214
12324.184, 300.580819, 58.968138
2681.848, 300.506898, 58.899965
5715.529, 300.648380, 59.030089
12340.709, 300.539891, 58.932590
11880.957, 300.483366, 58.881057
33965.917, 300.568348, 58.963580
32628.718, 300.710240, 59.090891
14491.602, 300.457295, 58.860380
43429.090, 300.616834, 59.008273
3548.480, 300.660676, 59.044950
3574.542, 300.511307, 58.908997
74087.898, 300.643224, 59.034873
58381.952, 300.722373, 59.106898
29756.526, 300.812308, 59.185574
22827.096, 300.460102, 58.867261
4882.118, 300.591364, 58.984552
6673.704, 300.500527, 58.904186
8928.856, 300.575713, 58.974950
4031.322, 300.804589, 59.181436
70516.254, 300.520295, 58.927985
2628.522, 300.530376, 58.932974
411193.345, 300.579551, 58.992296
4434.313, 300.476522, 58.885175
5284.230, 300.541902, 58.946090
2679.750, 300.619253, 59.015986
127102.998, 300.458260, 58.875564
3480.515, 300.470309, 58.880843
3603.228, 300.578686, 58.980088
51567.169, 300.643268, 59.045235
2613.674, 300.479858, 58.892077
2224.092, 300.750850, 59.139526
29823.384, 300.764021, 59.153298
31861.296, 300.695709, 59.092077
2683.100, 300.598462, 59.002369
13384.990, 300.783309, 59.171923
30382.192, 300.648735, 59.052407
14552.063, 300.495168, 58.912579
22023.748, 300.799394, 59.189289
24843.363, 300.477238, 58.896782
4875.915, 300.616718, 59.022719
26625.060, 300.543710, 58.960885
22646.042, 300.685333, 59.088625
4848.220, 300.501946, 58.920410
2651.963, 300.618282, 59.026524
14653.738, 300.737486, 59.137252
2674.236, 300.468799, 58.890116
9799.101, 300.517095, 58.935481
16141.045, 300.817974, 59.210121
4477.254, 300.481827, 58.903665
23894.356, 300.725826, 59.129796
29260.398, 300.445755, 58.874136
2154.523, 300.496335, 58.919766
20646.174, 300.510629, 58.935535
6610.523, 300.587828, 59.005336
68122.856, 300.736988, 59.144165
11916.012, 300.466551, 58.894071
42693.944, 300.684629, 59.096625
45574.657, 300.695565, 59.108251
21704.135, 300.484389, 58.913447
4907.732, 300.534608, 58.958458
6317.989, 300.801743, 59.200716
5840.546, 300.657528, 59.071055
2671.119, 300.624620, 59.043305
13664.817, 300.482976, 58.919944
7553.509, 300.522437, 58.954565
3538.235, 300.549655, 58.979795
32112.363, 300.675673, 59.097974
4014.958, 300.624552, 59.049824
4447.923, 300.810714, 59.218671
85977.305, 300.596338, 59.031460
36452.729, 300.627848, 59.058014
3519.369, 300.666928, 59.090248
7389.758, 300.436474, 58.880800
101896.362, 300.563685, 59.003032
3560.623, 300.525707, 58.963779
18702.539, 300.726603, 59.149166
54693.090, 300.434047, 58.885517
19372.517, 300.814951, 59.229232
11407.223, 300.428179, 58.878032
20236.522, 300.464664, 58.911580
6207.514, 300.650085, 59.080193
11156.288, 300.709165, 59.133745
32232.234, 300.615211, 59.051383
2619.145, 300.639607, 59.070625
7113.573, 300.476279, 58.923078
6169.151, 300.484527, 58.929672
14597.081, 300.495645, 58.942571
5742.307, 300.444293, 58.894291
3966.067, 300.468883, 58.917741
6115.968, 300.510550, 58.958241
9647.422, 300.545851, 58.990867
29198.351, 300.652828, 59.090904
53595.421, 300.478549, 58.934195
66460.515, 300.524033, 58.975691
13101.116, 300.468929, 58.924311
11626.492, 300.712644, 59.146657
7155.604, 300.663125, 59.101488
15794.841, 300.411085, 58.874210
17290.567, 300.776368, 59.207357
2191.557, 300.443178, 58.901795
3582.842, 300.553567, 59.004243
5751.948, 300.418573, 58.880581
7389.712, 300.545343, 58.996788
5635.138, 300.610461, 59.056612
15132.769, 300.732156, 59.169351
45145.463, 300.452162, 58.919292
18628.290, 300.491820, 58.951120
42618.304, 300.537009, 58.995945
15075.652, 300.615615, 59.065601
25917.432, 300.672720, 59.119347
62007.870, 300.709825, 59.155230
128373.461, 300.416610, 58.889321
2188.716, 300.620331, 59.069510
3138.476, 300.692348, 59.135306
10680.219, 300.597696, 59.051441
2692.191, 300.651236, 59.098388
2654.121, 300.434692, 58.901896
27741.638, 300.407797, 58.880146
44538.508, 300.516598, 58.980422
28936.319, 300.558796, 59.019206
3074.930, 300.471294, 58.938304
7197.797, 300.483029, 58.949312
8032.751, 300.568613, 59.027316
2180.689, 300.721406, 59.165348
13601.339, 300.528587, 58.993229
11850.039, 300.439746, 58.913561
9666.727, 300.606646, 59.065543
12431.538, 300.794743, 59.235349
27866.113, 300.399030, 58.877636
68885.687, 300.456645, 58.933147
25938.428, 300.684077, 59.138797
3129.773, 300.799797, 59.240859
2191.281, 300.502936, 58.971349
13750.658, 300.663122, 59.120145
4374.045, 300.537066, 59.004388
293222.962, 300.433400, 58.921544
76205.015, 300.642554, 59.106155
2717.961, 300.417034, 58.897230
2670.349, 300.466294, 58.942159
3132.192, 300.791797, 59.240116
5730.501, 300.475227, 58.953523
25297.842, 300.697351, 59.158808
25897.797, 300.716905, 59.176808
3545.904, 300.501718, 58.979647
48937.920, 300.474767, 58.960228
4878.905, 300.527247, 59.006933
9209.126, 300.396634, 58.888145
4826.553, 300.478884, 58.964438
8389.003, 300.422592, 58.913718
3067.492, 300.765189, 59.225413
5308.602, 300.450409, 58.940154
26867.634, 300.407696, 58.903603
6190.221, 300.506921, 58.993211
4816.282, 300.596407, 59.075136
28435.071, 300.743639, 59.210619
7892.638, 300.515930, 59.003284
12779.778, 300.556417, 59.042110
21602.409, 300.386139, 58.888482
19457.968, 300.399693, 58.898685
68296.772, 300.488593, 58.988155
6067.734, 300.648799, 59.127410
25825.159, 300.472712, 58.968541
124505.315, 300.629017, 59.119219
59278.938, 300.676956, 59.158502
2582.974, 300.428753, 58.928304
71171.690, 300.525418, 59.021940
2662.256, 300.379846, 58.883604
10974.440, 300.403413, 58.907764
22756.310, 300.731987, 59.208146
7337.930, 300.748434, 59.221775
181294.566, 300.381959, 58.896357
3015.714, 300.665104, 59.146886
10185.885, 300.696749, 59.176722
10143.352, 300.457208, 58.960245
149826.202, 300.508388, 59.011506
113299.415, 300.397152, 58.912400
2246.505, 300.425377, 58.932181
2681.148, 300.409208, 58.917512
13695.538, 300.444324, 58.951710
5313.218, 300.698048, 59.182045
7475.059, 300.417404, 58.927290
9696.789, 300.460141, 58.967367
76146.683, 300.541024, 59.045339
12823.387, 300.548544, 59.049405
23397.680, 300.554628, 59.056959
14057.253, 300.754804, 59.236305
7495.297, 300.603548, 59.100759
3999.628, 300.618070, 59.113382
32979.332, 300.531789, 59.039695
22834.839, 300.563773, 59.069211
5806.029, 300.577391, 59.079340
10173.382, 300.384676, 58.906352
17169.291, 300.415007, 58.932154
3592.625, 300.572434, 59.076242
4012.687, 300.578754, 59.082168
4479.429, 300.762016, 59.248069
8337.768, 300.398350, 58.918273
9634.965, 300.588288, 59.092629
9882.206, 300.716192, 59.209092
28282.089, 300.434227, 58.955796
13373.014, 300.661422, 59.160119
5785.795, 300.693584, 59.188050
8869.163, 300.701123, 59.196873
28600.845, 300.749607, 59.241647
8966.207, 300.580338, 59.088166
3050.790, 300.404906, 58.926257
2613.579, 300.522179, 59.034456
27478.486, 300.669603, 59.171347
36205.130, 300.414993, 58.939360
14046.992, 300.449184, 58.969803
14551.566, 300.366519, 58.893766
17625.873, 300.498038, 59.016959
2615.459, 300.462321, 58.983103
2274.296, 300.550008, 59.063790
55651.827, 300.580919, 59.096702
4402.207, 300.390696, 58.919149
16371.086, 300.401929, 58.930612
3110.400, 300.490845, 59.011309
34804.940, 300.503827, 59.026035
6368.450, 300.712014, 59.212504
24614.378, 300.588177, 59.102194
65691.117, 300.410930, 58.945179
2675.762, 300.745572, 59.247017
32102.075, 300.370469, 58.908718
19756.268, 300.435558, 58.969250
7467.076, 300.520474, 59.043558
88633.984, 300.355942, 58.898382
4893.690, 300.393407, 58.927139
24192.495, 300.456185, 58.988511
11544.875, 300.472479, 59.002313
17893.237, 300.679999, 59.191062
5738.797, 300.376008, 58.913368
10997.792, 300.384018, 58.921929
15172.540, 300.634662, 59.152916
6610.813, 300.348979, 58.891116
16707.398, 300.445483, 58.983123
5242.202, 300.494882, 59.026769
4459.332, 300.508452, 59.038929
6696.869, 300.525842, 59.054310
21341.222, 300.740764, 59.252258
9753.992, 300.384710, 58.927859
17433.328, 300.574309, 59.101659
11094.986, 300.642840, 59.163926
3130.505, 300.434473, 58.973773
32919.057, 300.438481, 58.980692
11851.068, 300.722247, 59.237210
28418.950, 300.500432, 59.036975
8381.137, 300.509565, 59.044477
3035.986, 300.399722, 58.943727
16699.705, 300.383692, 58.933105
10074.376, 300.456618, 58.997341
8016.699, 300.387103, 58.935472
61173.891, 300.527112, 59.068240
2167.828, 300.664197, 59.187825
4889.250, 300.392399, 58.940814
27928.297, 300.442217, 58.990093
15598.348, 300.562051, 59.097399
45016.060, 300.612216, 59.145580
7892.553, 300.354180, 58.907638
26247.833, 300.370517, 58.924076
16081.800, 300.566853, 59.103225
14009.191, 300.741817, 59.261795
4371.296, 300.488672, 59.032195
85034.220, 300.537260, 59.083454
16369.903, 300.676377, 59.204844
7459.688, 300.397069, 58.950190
16359.221, 300.452791, 59.002155
3527.233, 300.534089, 59.074914
19165.542, 300.599683, 59.136858
49883.284, 300.430361, 58.984650
15684.776, 300.665282, 59.196456
4802.272, 300.361387, 58.917849
27829.879, 300.582115, 59.123576
3096.525, 300.456517, 59.006289
18958.957, 300.353550, 58.915338
11007.079, 300.398853, 58.954919
11962.329, 300.497913, 59.047248
3560.121, 300.656742, 59.190775
7521.237, 300.478976, 59.030829
8379.817, 300.677614, 59.211618
7988.905, 300.357219, 58.919578
16302.113, 300.435858, 58.994368
7148.131, 300.463829, 59.017055
89168.520, 300.365334, 58.936787
11402.435, 300.385674, 58.946852
2677.596, 300.528463, 59.076505
22241.197, 300.614612, 59.157340
54727.589, 300.558392, 59.109114
67761.890, 300.661363, 59.202578
55682.267, 300.329153, 58.899712
12927.677, 300.509498, 59.061495
27286.385, 300.341044, 58.911506
9299.939, 300.418300, 58.979018
9691.908, 300.474566, 59.032503
19533.809, 300.386542, 58.953197
7018.524, 300.391323, 58.957683
119609.558, 300.534438, 59.095334
7866.559, 300.400975, 58.966177
6045.195, 300.349044, 58.920555
26060.881, 300.358800, 58.932497
3521.199, 300.443212, 59.009184
26312.283, 300.497340, 59.061628
5247.821, 300.529619, 59.087699
11997.134, 300.396389, 58.968268
30713.014, 300.610030, 59.165943
30857.076, 300.711289, 59.256715
4866.838, 300.402888, 58.974300
14716.702, 300.452086, 59.020461
11883.463, 300.350814, 58.927976
4866.626, 300.448847, 59.017258
19944.472, 300.475978, 59.043863
3145.152, 300.565856, 59.124341
2634.558, 300.423648, 58.995043
7907.718, 300.338742, 58.919086
131837.965, 300.430503, 59.014398
129340.999, 300.321649, 58.909316
24346.883, 300.409084, 58.986694
120513.278, 300.532641, 59.107591
3119.835, 300.634244, 59.188602
16737.942, 300.364883, 58.944013
8383.520, 300.319155, 58.903572
19182.635, 300.478163, 59.050187
24262.151, 300.671357, 59.226305
16247.275, 300.366271, 58.951119
31122.831, 300.423866, 59.003113
6141.004, 300.462705, 59.035081
2636.004, 300.551613, 59.116588
6211.374, 300.403997, 58.983082
18687.771, 300.545127, 59.113728
5791.744, 300.654259, 59.211780
2270.383, 300.353147, 58.938082
8825.189, 300.480121, 59.058284
7074.327, 300.425501, 59.008485
30588.985, 300.592612, 59.162832
6765.507, 300.609001, 59.176414
3906.055, 300.629411, 59.196174
38153.317, 300.633050, 59.201566
19897.033, 300.466296, 59.049683
8798.587, 300.490495, 59.070877
13716.511, 300.577168, 59.150825
15066.499, 300.665316, 59.230612
20001.863, 300.674615, 59.240326
43772.104, 300.690791, 59.254807
7967.961, 300.516224, 59.095120
44183.952, 300.433191, 59.023443
11552.510, 300.598370, 59.171805
3602.581, 300.328112, 58.923233
34249.281, 300.467874, 59.055824
41180.135, 300.307912, 58.909299
7906.820, 300.330618, 58.926773
2284.014, 300.339810, 58.934962
4412.989, 300.373576, 58.966368
38790.435, 300.404497, 58.997930
15963.131, 300.473935, 59.062402
25905.603, 300.475551, 59.065662
32549.292, 300.553370, 59.136099
58548.913, 300.675484, 59.248843
3508.242, 300.536925, 59.121074
37301.214, 300.350063, 58.954380
17704.908, 300.646481, 59.223839
36977.642, 300.318669, 58.925082
10203.025, 300.326970, 58.931005
30465.289, 300.339728, 58.945710
2677.128, 300.361114, 58.962266
28627.691, 300.507960, 59.099071
66096.282, 300.611769, 59.196538
4399.408, 300.636623, 59.214061
29274.395, 300.576005, 59.162478
2185.601, 300.461638, 59.055911
3036.887, 300.526694, 59.116006
8794.735, 300.354409, 58.959465
5791.659, 300.421718, 59.022161
3078.242, 300.434619, 59.033780
33595.273, 300.592891, 59.180848
2216.762, 300.310444, 58.919242
11495.823, 300.370235, 58.976562
8365.558, 300.553834, 59.144880
51091.789, 300.298062, 58.912936
2655.615, 300.387824, 58.992274
5322.740, 300.390687, 58.995612
3962.417, 300.447600, 59.047618
24375.189, 300.656420, 59.240011
22242.183, 300.673770, 59.255468
3036.670, 300.427588, 59.030360
66529.049, 300.432296, 59.042870
13129.149, 300.466560, 59.068840
2681.436, 300.494117, 59.092780
31098.642, 300.573904, 59.168143
9364.807, 300.442315, 59.048051
2176.819, 300.483885, 59.084778
8887.621, 300.527412, 59.125826
2666.307, 300.445396, 59.050718
20899.639, 300.535650, 59.135648
19245.170, 300.312757, 58.932063
31792.004, 300.339341, 58.955658
66503.962, 300.480566, 59.090339
32164.303, 300.494060, 59.099439
6522.152, 300.351563, 58.968205
16254.840, 300.297725, 58.920553
6205.611, 300.550394, 59.151012
13627.644, 300.343721, 58.963665
42739.221, 300.417413, 59.032552
29612.925, 300.317299, 58.940704
4867.919, 300.386256, 59.002939
55284.931, 300.445216, 59.059488
60079.651, 300.647911, 59.245100
189458.163, 300.352226, 58.980943
5778.964, 300.400861, 59.016614
7073.289, 300.516761, 59.122978
70221.307, 300.335029, 58.962307
4767.246, 300.642372, 59.239203
31718.921, 300.281047, 58.911991
13229.226, 300.388347, 59.010265
8866.859, 300.376578, 59.001149
6558.032, 300.433948, 59.051647
207028.283, 300.479076, 59.100439
2161.940, 300.619796, 59.221826
34946.610, 300.280445, 58.917236
6598.103, 300.297799, 58.928230
3559.373, 300.315274, 58.945784
18159.936, 300.493492, 59.111507
3577.861, 300.420552, 59.043227
34376.637, 300.648797, 59.254386
84090.861, 300.319440, 58.956417
8393.378, 300.446382, 59.070183
55222.533, 300.603326, 59.217626
7911.052, 300.295840, 58.932758
8307.847, 300.391865, 59.022762
38150.340, 300.435310, 59.064707
17515.942, 300.459843, 59.088479
24543.531, 300.574342, 59.191939
23278.877, 300.403398, 59.038437
2197.531, 300.413422, 59.044153
7574.010, 300.306821, 58.947945
9650.985, 300.357064, 58.994820
6635.468, 300.469434, 59.097670
3085.563, 300.291194, 58.933579
125617.576, 300.326356, 58.971743
3493.428, 300.374280, 59.010455
5252.869, 300.464346, 59.093285
9706.370, 300.352205, 58.991436
11827.335, 300.360943, 59.000097
11824.433, 300.476506, 59.105988
29481.141, 300.566842, 59.189830
8378.530, 300.294157, 58.938996
5371.904, 300.342556, 58.982915
3530.651, 300.456312, 59.086949
25386.576, 300.624434, 59.242549
10133.801, 300.417006, 59.052971
22930.444, 300.591838, 59.213327
6610.264, 300.333857, 58.977136
6523.893, 300.366407, 59.006758
10681.498, 300.423352, 59.060276
2592.661, 300.515758, 59.144390
